Time,Channel A,Channel B
(ms),(mV),(V)

-2.36440075,0.39370080,-0.07874016
-2.36399275,0.39370080,0.00000000
-2.36358475,0.78740160,0.00000000
-2.36317675,0.39370080,-0.07874016
-2.36276875,0.78740160,0.00000000
-2.36236075,0.78740160,0.00000000
-2.36195275,0.39370080,-0.07874016
-2.36154475,0.39370080,-0.07874016
-2.36113675,0.39370080,0.00000000
-2.36072875,0.39370080,0.00000000
-2.36032075,0.39370080,-0.07874016
-2.35991275,0.39370080,0.00000000
-2.35950475,0.39370080,0.00000000
-2.35909675,0.00000000,0.00000000
-2.35868875,0.39370080,0.00000000
-2.35828075,0.39370080,0.00000000
-2.35787275,0.00000000,0.00000000
-2.35746475,0.39370080,0.00000000
-2.35705675,0.00000000,-0.07874016
-2.35664875,0.00000000,0.00000000
-2.35624075,0.00000000,0.00000000
-2.35583275,0.39370080,0.00000000
-2.35542475,0.00000000,0.00000000
-2.35501675,0.00000000,0.00000000
-2.35460875,0.00000000,0.00000000
-2.35420075,0.00000000,0.00000000
-2.35379275,0.39370080,-0.07874016
-2.35338475,0.00000000,0.00000000
-2.35297675,0.00000000,-0.07874016
-2.35256875,0.00000000,0.00000000
-2.35216075,0.39370080,0.00000000
-2.35175275,0.00000000,0.00000000
-2.35134475,0.00000000,0.00000000
-2.35093675,0.00000000,0.00000000
-2.35052875,0.00000000,0.00000000
-2.35012075,0.00000000,0.00000000
-2.34971275,0.00000000,-0.07874016
-2.34930475,0.00000000,0.00000000
-2.34889675,0.00000000,0.00000000
-2.34848875,0.39370080,0.00000000
-2.34808075,0.39370080,0.00000000
-2.34767275,0.00000000,-0.07874016
-2.34726475,0.39370080,0.00000000
-2.34685675,0.39370080,0.00000000
-2.34644875,0.39370080,-0.07874016
-2.34604075,0.39370080,0.00000000
-2.34563275,0.78740160,0.00000000
-2.34522475,0.78740160,0.00000000
-2.34481675,0.39370080,0.00000000
-2.34440875,0.39370080,0.00000000
-2.34400075,0.78740160,-0.07874016
-2.34359275,0.39370080,0.00000000
-2.34318475,0.39370080,0.00000000
-2.34277675,0.78740160,0.00000000
-2.34236875,0.78740160,-0.07874016
-2.34196075,0.39370080,0.00000000
-2.34155275,0.39370080,0.00000000
-2.34114475,0.39370080,0.00000000
-2.34073675,0.39370080,-0.07874016
-2.34032875,0.78740160,0.00000000
-2.33992075,0.39370080,-0.07874016
-2.33951275,0.78740160,0.00000000
-2.33910475,0.78740160,-0.07874016
-2.33869675,0.39370080,0.00000000
-2.33828875,0.39370080,0.00000000
-2.33788075,0.39370080,0.00000000
-2.33747275,0.78740160,0.00000000
-2.33706475,0.39370080,0.00000000
-2.33665675,0.39370080,-0.07874016
-2.33624875,0.00000000,-0.07874016
-2.33584075,0.00000000,0.00000000
-2.33543275,0.39370080,-0.07874016
-2.33502475,0.39370080,-0.07874016
-2.33461675,0.00000000,0.00000000
-2.33420875,0.39370080,0.00000000
-2.33380075,0.39370080,0.00000000
-2.33339275,0.00000000,0.00000000
-2.33298475,0.39370080,0.00000000
-2.33257675,0.00000000,-0.07874016
-2.33216875,0.00000000,-0.07874016
-2.33176075,0.00000000,0.00000000
-2.33135275,0.00000000,0.00000000
-2.33094475,0.00000000,-0.07874016
-2.33053675,0.39370080,0.00000000
-2.33012875,0.00000000,0.00000000
-2.32972075,0.39370080,0.00000000
-2.32931275,0.00000000,-0.07874016
-2.32890475,0.00000000,0.00000000
-2.32849675,0.39370080,0.00000000
-2.32808875,0.39370080,0.00000000
-2.32768075,0.00000000,-0.07874016
-2.32727275,0.00000000,0.00000000
-2.32686475,0.00000000,0.00000000
-2.32645675,0.00000000,-0.07874016
-2.32604875,0.00000000,0.00000000
-2.32564075,0.39370080,0.00000000
-2.32523275,0.39370080,-0.07874016
-2.32482475,0.00000000,0.00000000
-2.32441675,0.39370080,0.00000000
-2.32400875,0.39370080,-0.07874016
-2.32360075,0.00000000,-0.07874016
-2.32319275,0.00000000,0.00000000
-2.32278475,0.39370080,-0.07874016
-2.32237675,0.39370080,0.00000000
-2.32196875,0.00000000,0.00000000
-2.32156075,0.78740160,0.00000000
-2.32115275,0.78740160,0.00000000
-2.32074475,0.39370080,0.00000000
-2.32033675,0.39370080,0.00000000
-2.31992875,0.78740160,0.00000000
-2.31952075,0.39370080,-0.07874016
-2.31911275,0.39370080,0.00000000
-2.31870475,0.78740160,0.00000000
-2.31829675,0.78740160,-0.07874016
-2.31788875,0.78740160,-0.07874016
-2.31748075,0.78740160,0.00000000
-2.31707275,0.39370080,-0.07874016
-2.31666475,0.78740160,-0.07874016
-2.31625675,0.39370080,0.00000000
-2.31584875,0.78740160,0.00000000
-2.31544075,0.78740160,-0.07874016
-2.31503275,0.39370080,0.00000000
-2.31462475,0.78740160,0.00000000
-2.31421675,0.78740160,0.00000000
-2.31380875,0.78740160,-0.07874016
-2.31340075,0.39370080,0.00000000
-2.31299275,0.39370080,0.00000000
-2.31258475,0.78740160,0.00000000
-2.31217675,0.78740160,0.00000000
-2.31176875,0.00000000,0.00000000
-2.31136075,0.78740160,0.00000000
-2.31095275,0.00000000,0.00000000
-2.31054475,0.39370080,-0.07874016
-2.31013675,0.39370080,0.00000000
-2.30972875,0.39370080,-0.07874016
-2.30932075,0.39370080,0.00000000
-2.30891275,0.00000000,-0.07874016
-2.30850475,0.39370080,0.00000000
-2.30809675,0.39370080,-0.07874016
-2.30768875,0.00000000,0.00000000
-2.30728075,0.00000000,0.00000000
-2.30687275,0.00000000,0.00000000
-2.30646475,0.00000000,0.00000000
-2.30605675,0.00000000,0.00000000
-2.30564875,0.00000000,0.00000000
-2.30524075,0.00000000,-0.07874016
-2.30483275,0.39370080,0.00000000
-2.30442475,0.00000000,0.00000000
-2.30401675,0.39370080,0.00000000
-2.30360875,0.39370080,0.00000000
-2.30320075,0.00000000,0.00000000
-2.30279275,0.00000000,0.00000000
-2.30238475,0.00000000,0.00000000
-2.30197675,0.00000000,-0.07874016
-2.30156875,0.00000000,-0.07874016
-2.30116075,0.00000000,0.00000000
-2.30075275,0.39370080,-0.07874016
-2.30034475,0.39370080,-0.07874016
-2.29993675,0.39370080,0.00000000
-2.29952875,0.78740160,0.00000000
-2.29912075,0.39370080,0.00000000
-2.29871275,0.00000000,0.00000000
-2.29830475,0.78740160,-0.07874016
-2.29789675,0.00000000,0.00000000
-2.29748875,0.39370080,0.00000000
-2.29708075,0.39370080,0.00000000
-2.29667275,0.39370080,-0.07874016
-2.29626475,0.39370080,0.00000000
-2.29585675,0.39370080,0.00000000
-2.29544875,0.78740160,-0.07874016
-2.29504075,0.39370080,-0.07874016
-2.29463275,0.39370080,0.00000000
-2.29422475,0.78740160,-0.07874016
-2.29381675,0.39370080,0.00000000
-2.29340875,0.78740160,0.00000000
-2.29300075,0.39370080,0.00000000
-2.29259275,0.39370080,-0.07874016
-2.29218475,0.78740160,0.00000000
-2.29177675,0.78740160,-0.07874016
-2.29136875,0.39370080,0.00000000
-2.29096075,0.39370080,-0.07874016
-2.29055275,0.39370080,0.00000000
-2.29014475,0.78740160,0.00000000
-2.28973675,0.39370080,0.00000000
-2.28932875,0.39370080,0.00000000
-2.28892075,1.18110200,0.00000000
-2.28851275,0.39370080,-0.07874016
-2.28810475,0.78740160,0.00000000
-2.28769675,0.78740160,-0.07874016
-2.28728875,0.78740160,0.00000000
-2.28688075,0.39370080,0.00000000
-2.28647275,0.39370080,0.00000000
-2.28606475,0.39370080,-0.07874016
-2.28565675,0.39370080,-0.07874016
-2.28524875,0.00000000,-0.07874016
-2.28484075,0.00000000,0.00000000
-2.28443275,0.39370080,0.00000000
-2.28402475,0.00000000,-0.07874016
-2.28361675,0.39370080,0.00000000
-2.28320875,0.78740160,0.00000000
-2.28280075,0.00000000,0.00000000
-2.28239275,0.00000000,0.00000000
-2.28198475,0.00000000,0.00000000
-2.28157675,0.39370080,-0.07874016
-2.28116875,0.00000000,0.00000000
-2.28076075,0.00000000,0.00000000
-2.28035275,0.39370080,0.00000000
-2.27994475,0.00000000,0.00000000
-2.27953675,0.00000000,-0.07874016
-2.27912875,0.00000000,0.00000000
-2.27872075,0.00000000,0.00000000
-2.27831275,0.39370080,0.00000000
-2.27790475,0.39370080,-0.07874016
-2.27749675,0.00000000,0.00000000
-2.27708875,0.00000000,0.00000000
-2.27668075,0.39370080,0.00000000
-2.27627275,0.00000000,-0.07874016
-2.27586475,0.00000000,0.00000000
-2.27545675,0.39370080,0.00000000
-2.27504875,0.00000000,-0.07874016
-2.27464075,0.39370080,-0.07874016
-2.27423275,0.39370080,0.00000000
-2.27382475,0.78740160,0.00000000
-2.27341675,0.00000000,-0.07874016
-2.27300875,0.00000000,0.00000000
-2.27260075,0.39370080,0.00000000
-2.27219275,0.39370080,0.00000000
-2.27178475,0.39370080,0.00000000
-2.27137675,0.78740160,0.00000000
-2.27096875,0.39370080,0.00000000
-2.27056075,0.78740160,0.00000000
-2.27015275,0.39370080,0.00000000
-2.26974475,0.78740160,0.00000000
-2.26933675,0.78740160,0.00000000
-2.26892875,0.39370080,-0.07874016
-2.26852075,0.39370080,0.00000000
-2.26811275,1.18110200,0.00000000
-2.26770475,0.78740160,-0.07874016
-2.26729675,0.39370080,0.00000000
-2.26688875,0.78740160,0.00000000
-2.26648075,0.78740160,0.00000000
-2.26607275,0.39370080,0.00000000
-2.26566475,0.39370080,0.00000000
-2.26525675,0.78740160,0.00000000
-2.26484875,0.78740160,-0.07874016
-2.26444075,0.78740160,0.00000000
-2.26403275,0.78740160,0.00000000
-2.26362475,0.00000000,0.00000000
-2.26321675,0.39370080,0.00000000
-2.26280875,0.78740160,0.00000000
-2.26240075,0.78740160,0.00000000
-2.26199275,0.39370080,0.00000000
-2.26158475,0.39370080,-0.07874016
-2.26117675,0.00000000,0.00000000
-2.26076875,0.39370080,0.00000000
-2.26036075,0.39370080,0.00000000
-2.25995275,0.39370080,0.00000000
-2.25954475,0.39370080,0.00000000
-2.25913675,0.39370080,0.00000000
-2.25872875,0.00000000,0.00000000
-2.25832075,0.00000000,0.00000000
-2.25791275,0.39370080,0.00000000
-2.25750475,0.39370080,0.00000000
-2.25709675,0.00000000,0.00000000
-2.25668875,0.39370080,0.00000000
-2.25628075,0.00000000,0.00000000
-2.25587275,0.00000000,0.00000000
-2.25546475,0.00000000,-0.07874016
-2.25505675,0.00000000,0.00000000
-2.25464875,0.00000000,0.00000000
-2.25424075,0.39370080,0.00000000
-2.25383275,0.00000000,0.00000000
-2.25342475,0.39370080,0.00000000
-2.25301675,0.00000000,-0.07874016
-2.25260875,0.00000000,0.00000000
-2.25220075,0.00000000,0.00000000
-2.25179275,0.39370080,-0.07874016
-2.25138475,0.00000000,0.00000000
-2.25097675,0.39370080,0.00000000
-2.25056875,0.00000000,0.00000000
-2.25016075,0.39370080,0.00000000
-2.24975275,0.00000000,0.00000000
-2.24934475,0.00000000,0.00000000
-2.24893675,0.39370080,0.00000000
-2.24852875,0.78740160,0.00000000
-2.24812075,0.00000000,0.00000000
-2.24771275,0.78740160,0.00000000
-2.24730475,0.78740160,0.00000000
-2.24689675,0.00000000,-0.07874016
-2.24648875,0.00000000,0.00000000
-2.24608075,0.78740160,0.00000000
-2.24567275,0.39370080,0.00000000
-2.24526475,0.39370080,0.00000000
-2.24485675,0.78740160,0.00000000
-2.24444875,0.78740160,0.00000000
-2.24404075,0.78740160,0.00000000
-2.24363276,0.78740160,0.00000000
-2.24322476,0.78740160,0.00000000
-2.24281676,0.78740160,0.00000000
-2.24240876,0.39370080,0.00000000
-2.24200076,0.78740160,-0.07874016
-2.24159276,0.78740160,0.00000000
-2.24118476,0.78740160,0.00000000
-2.24077676,0.78740160,0.00000000
-2.24036876,0.78740160,0.00000000
-2.23996076,0.39370080,0.00000000
-2.23955276,0.39370080,-0.07874016
-2.23914476,0.39370080,0.00000000
-2.23873676,0.39370080,0.00000000
-2.23832876,0.39370080,0.00000000
-2.23792076,0.39370080,0.00000000
-2.23751276,0.39370080,0.00000000
-2.23710476,0.39370080,0.00000000
-2.23669676,0.39370080,0.00000000
-2.23628876,0.39370080,0.00000000
-2.23588076,0.39370080,0.00000000
-2.23547276,0.39370080,0.00000000
-2.23506476,0.39370080,0.00000000
-2.23465676,0.39370080,-0.07874016
-2.23424876,0.39370080,0.00000000
-2.23384076,0.00000000,0.00000000
-2.23343276,0.00000000,0.00000000
-2.23302476,0.39370080,0.00000000
-2.23261676,0.39370080,0.00000000
-2.23220876,0.00000000,0.00000000
-2.23180076,0.00000000,0.00000000
-2.23139276,0.39370080,-0.07874016
-2.23098476,0.00000000,-0.07874016
-2.23057676,0.00000000,0.00000000
-2.23016876,0.39370080,0.00000000
-2.22976076,0.00000000,0.00000000
-2.22935276,0.00000000,-0.07874016
-2.22894476,0.00000000,0.00000000
-2.22853676,0.00000000,0.00000000
-2.22812876,0.00000000,0.00000000
-2.22772076,0.00000000,0.00000000
-2.22731276,0.39370080,0.00000000
-2.22690476,0.39370080,-0.07874016
-2.22649676,0.00000000,0.00000000
-2.22608876,0.00000000,0.00000000
-2.22568076,0.39370080,0.00000000
-2.22527276,0.00000000,0.00000000
-2.22486476,0.00000000,0.00000000
-2.22445676,0.39370080,0.00000000
-2.22404876,0.00000000,0.00000000
-2.22364076,0.00000000,0.00000000
-2.22323276,0.00000000,0.00000000
-2.22282476,0.00000000,0.00000000
-2.22241676,0.78740160,0.00000000
-2.22200876,0.39370080,0.00000000
-2.22160076,0.39370080,-0.07874016
-2.22119276,0.39370080,0.00000000
-2.22078476,0.39370080,0.00000000
-2.22037676,0.78740160,0.00000000
-2.21996876,0.78740160,-0.07874016
-2.21956076,0.39370080,0.00000000
-2.21915276,0.78740160,0.00000000
-2.21874476,0.39370080,0.00000000
-2.21833676,0.39370080,0.00000000
-2.21792876,0.39370080,0.00000000
-2.21752076,0.39370080,-0.07874016
-2.21711276,0.78740160,0.00000000
-2.21670476,0.39370080,-0.07874016
-2.21629676,0.39370080,0.00000000
-2.21588876,0.78740160,-0.07874016
-2.21548076,0.39370080,-0.07874016
-2.21507276,0.78740160,0.00000000
-2.21466476,0.39370080,0.00000000
-2.21425676,0.78740160,0.00000000
-2.21384876,0.39370080,0.00000000
-2.21344076,0.78740160,0.00000000
-2.21303276,0.39370080,0.00000000
-2.21262476,0.78740160,0.00000000
-2.21221676,0.00000000,0.00000000
-2.21180876,0.39370080,0.00000000
-2.21140076,0.39370080,0.00000000
-2.21099276,0.00000000,0.00000000
-2.21058476,0.39370080,0.00000000
-2.21017676,0.78740160,0.00000000
-2.20976876,0.39370080,0.00000000
-2.20936076,0.00000000,0.00000000
-2.20895276,0.39370080,0.00000000
-2.20854476,0.39370080,0.00000000
-2.20813676,0.39370080,0.00000000
-2.20772876,0.00000000,-0.07874016
-2.20732076,0.39370080,0.00000000
-2.20691276,0.39370080,-0.07874016
-2.20650476,0.00000000,0.00000000
-2.20609676,0.39370080,-0.07874016
-2.20568876,0.00000000,0.00000000
-2.20528076,0.39370080,0.00000000
-2.20487276,0.39370080,0.00000000
-2.20446476,0.00000000,-0.07874016
-2.20405676,0.00000000,0.00000000
-2.20364876,0.00000000,0.00000000
-2.20324076,0.00000000,0.00000000
-2.20283276,0.00000000,0.00000000
-2.20242476,0.00000000,0.00000000
-2.20201676,0.39370080,0.00000000
-2.20160876,0.00000000,0.00000000
-2.20120076,0.00000000,0.00000000
-2.20079276,0.00000000,0.00000000
-2.20038476,0.39370080,0.00000000
-2.19997676,0.00000000,0.00000000
-2.19956876,0.00000000,-0.07874016
-2.19916076,0.39370080,0.00000000
-2.19875276,0.39370080,0.00000000
-2.19834476,0.39370080,0.00000000
-2.19793676,0.39370080,0.00000000
-2.19752876,0.39370080,0.00000000
-2.19712076,0.39370080,0.00000000
-2.19671276,0.00000000,0.00000000
-2.19630476,0.39370080,0.00000000
-2.19589676,0.39370080,0.00000000
-2.19548876,0.39370080,0.00000000
-2.19508076,0.39370080,0.00000000
-2.19467276,0.39370080,-0.07874016
-2.19426476,0.78740160,0.00000000
-2.19385676,0.78740160,0.00000000
-2.19344876,0.39370080,0.00000000
-2.19304076,0.78740160,-0.07874016
-2.19263276,0.78740160,-0.07874016
-2.19222476,0.78740160,-0.07874016
-2.19181676,0.78740160,0.00000000
-2.19140876,0.78740160,0.00000000
-2.19100076,0.39370080,0.00000000
-2.19059276,0.39370080,0.00000000
-2.19018476,0.78740160,0.00000000
-2.18977676,0.39370080,0.00000000
-2.18936876,0.39370080,0.00000000
-2.18896076,0.39370080,0.00000000
-2.18855276,0.78740160,0.00000000
-2.18814476,0.39370080,-0.07874016
-2.18773676,0.39370080,0.00000000
-2.18732876,0.39370080,0.00000000
-2.18692076,0.39370080,0.00000000
-2.18651276,0.78740160,-0.07874016
-2.18610476,0.00000000,-0.07874016
-2.18569676,0.00000000,0.00000000
-2.18528876,0.39370080,0.00000000
-2.18488076,0.39370080,-0.07874016
-2.18447276,0.39370080,0.00000000
-2.18406476,0.39370080,-0.07874016
-2.18365676,0.00000000,0.00000000
-2.18324876,0.00000000,0.00000000
-2.18284076,0.39370080,-0.07874016
-2.18243276,0.00000000,-0.07874016
-2.18202476,0.00000000,0.00000000
-2.18161676,0.39370080,0.00000000
-2.18120876,0.00000000,-0.07874016
-2.18080076,0.00000000,0.00000000
-2.18039276,0.39370080,0.00000000
-2.17998476,0.00000000,-0.07874016
-2.17957676,0.00000000,0.00000000
-2.17916876,0.39370080,0.00000000
-2.17876076,0.00000000,-0.07874016
-2.17835276,0.00000000,0.00000000
-2.17794476,0.00000000,0.00000000
-2.17753676,0.39370080,0.00000000
-2.17712876,0.00000000,0.00000000
-2.17672076,0.00000000,-0.07874016
-2.17631276,0.39370080,0.00000000
-2.17590476,0.00000000,0.00000000
-2.17549676,0.39370080,0.00000000
-2.17508876,0.39370080,-0.07874016
-2.17468076,0.39370080,-0.07874016
-2.17427276,0.39370080,-0.07874016
-2.17386476,0.39370080,-0.07874016
-2.17345676,0.00000000,0.00000000
-2.17304876,0.39370080,0.00000000
-2.17264076,0.39370080,0.00000000
-2.17223276,0.00000000,-0.07874016
-2.17182476,0.39370080,0.00000000
-2.17141676,0.78740160,0.00000000
-2.17100876,0.78740160,0.00000000
-2.17060076,0.39370080,0.00000000
-2.17019276,0.78740160,0.00000000
-2.16978476,0.78740160,0.00000000
-2.16937676,0.78740160,0.00000000
-2.16896876,0.78740160,0.00000000
-2.16856076,0.78740160,-0.07874016
-2.16815276,0.39370080,0.00000000
-2.16774476,0.39370080,0.00000000
-2.16733676,0.78740160,-0.07874016
-2.16692876,0.39370080,0.00000000
-2.16652076,0.78740160,0.00000000
-2.16611276,0.39370080,0.00000000
-2.16570476,0.78740160,-0.07874016
-2.16529676,0.78740160,0.00000000
-2.16488876,0.39370080,0.00000000
-2.16448076,0.78740160,-0.07874016
-2.16407276,0.39370080,0.00000000
-2.16366476,0.78740160,0.00000000
-2.16325676,0.78740160,-0.07874016
-2.16284876,0.39370080,0.00000000
-2.16244076,0.39370080,0.00000000
-2.16203276,0.78740160,0.00000000
-2.16162476,0.39370080,-0.07874016
-2.16121676,0.39370080,-0.07874016
-2.16080876,0.78740160,-0.07874016
-2.16040076,0.39370080,-0.07874016
-2.15999276,0.00000000,0.00000000
-2.15958476,0.00000000,0.00000000
-2.15917676,0.39370080,0.00000000
-2.15876876,0.39370080,0.00000000
-2.15836076,0.39370080,0.00000000
-2.15795276,0.00000000,-0.07874016
-2.15754476,0.39370080,0.00000000
-2.15713676,0.39370080,0.00000000
-2.15672876,0.39370080,0.00000000
-2.15632076,0.39370080,0.00000000
-2.15591276,0.00000000,0.00000000
-2.15550476,0.39370080,-0.07874016
-2.15509676,0.00000000,0.00000000
-2.15468876,0.39370080,-0.07874016
-2.15428076,0.00000000,0.00000000
-2.15387276,0.39370080,0.00000000
-2.15346476,0.00000000,0.00000000
-2.15305676,0.39370080,0.00000000
-2.15264876,0.39370080,0.00000000
-2.15224076,0.00000000,0.00000000
-2.15183276,0.39370080,0.00000000
-2.15142476,0.39370080,-0.07874016
-2.15101676,0.39370080,0.00000000
-2.15060876,0.00000000,-0.07874016
-2.15020076,0.39370080,0.00000000
-2.14979276,0.39370080,-0.07874016
-2.14938476,0.39370080,0.00000000
-2.14897676,0.00000000,0.00000000
-2.14856876,0.78740160,0.00000000
-2.14816076,0.00000000,0.00000000
-2.14775276,0.39370080,0.00000000
-2.14734476,0.78740160,0.00000000
-2.14693676,0.39370080,0.00000000
-2.14652876,0.39370080,0.00000000
-2.14612076,0.78740160,0.00000000
-2.14571276,0.39370080,0.00000000
-2.14530476,0.39370080,0.00000000
-2.14489676,0.00000000,-0.07874016
-2.14448876,0.00000000,0.00000000
-2.14408076,0.39370080,0.00000000
-2.14367276,0.00000000,-0.07874016
-2.14326476,0.39370080,0.00000000
-2.14285676,0.39370080,-0.07874016
-2.14244876,0.78740160,0.00000000
-2.14204076,0.39370080,0.00000000
-2.14163276,0.78740160,0.00000000
-2.14122476,0.39370080,0.00000000
-2.14081676,0.78740160,0.00000000
-2.14040876,0.39370080,0.00000000
-2.14000076,0.78740160,-0.07874016
-2.13959276,0.39370080,0.00000000
-2.13918476,0.39370080,0.00000000
-2.13877676,1.18110200,0.00000000
-2.13836876,0.39370080,0.00000000
-2.13796076,0.39370080,0.00000000
-2.13755276,0.78740160,0.00000000
-2.13714476,0.78740160,-0.07874016
-2.13673676,0.00000000,-0.07874016
-2.13632876,0.78740160,0.00000000
-2.13592076,0.39370080,-0.07874016
-2.13551276,0.39370080,0.00000000
-2.13510476,0.78740160,0.00000000
-2.13469676,0.39370080,0.00000000
-2.13428876,0.39370080,0.00000000
-2.13388076,0.39370080,0.00000000
-2.13347276,0.39370080,0.00000000
-2.13306476,0.00000000,-0.07874016
-2.13265676,0.39370080,0.00000000
-2.13224876,0.00000000,-0.07874016
-2.13184076,0.39370080,-0.07874016
-2.13143276,0.39370080,0.00000000
-2.13102476,0.39370080,-0.07874016
-2.13061676,0.00000000,0.00000000
-2.13020876,0.39370080,0.00000000
-2.12980076,0.00000000,-0.07874016
-2.12939276,0.00000000,-0.07874016
-2.12898476,0.00000000,0.00000000
-2.12857676,0.00000000,-0.07874016
-2.12816876,0.00000000,0.00000000
-2.12776076,0.00000000,0.00000000
-2.12735276,0.39370080,0.00000000
-2.12694476,0.00000000,0.00000000
-2.12653676,0.00000000,0.00000000
-2.12612876,0.39370080,0.00000000
-2.12572076,0.00000000,-0.07874016
-2.12531276,0.39370080,0.00000000
-2.12490476,0.39370080,0.00000000
-2.12449676,0.00000000,-0.07874016
-2.12408876,0.78740160,0.00000000
-2.12368076,0.39370080,-0.07874016
-2.12327276,0.39370080,0.00000000
-2.12286476,0.39370080,0.00000000
-2.12245676,0.39370080,0.00000000
-2.12204876,0.39370080,-0.07874016
-2.12164076,0.39370080,-0.07874016
-2.12123276,0.39370080,0.00000000
-2.12082476,0.39370080,0.00000000
-2.12041676,0.39370080,-0.07874016
-2.12000876,0.00000000,0.00000000
-2.11960076,0.78740160,0.00000000
-2.11919276,0.78740160,0.00000000
-2.11878476,0.39370080,0.00000000
-2.11837676,0.39370080,0.00000000
-2.11796876,0.78740160,0.00000000
-2.11756076,0.39370080,-0.07874016
-2.11715276,0.39370080,0.00000000
-2.11674476,0.39370080,0.00000000
-2.11633676,0.39370080,0.00000000
-2.11592876,0.39370080,-0.07874016
-2.11552076,0.39370080,0.00000000
-2.11511276,0.39370080,0.00000000
-2.11470476,0.39370080,-0.07874016
-2.11429676,0.39370080,0.00000000
-2.11388876,0.39370080,-0.07874016
-2.11348076,0.39370080,0.00000000
-2.11307276,0.78740160,0.00000000
-2.11266476,0.39370080,0.00000000
-2.11225676,0.39370080,0.00000000
-2.11184876,0.39370080,0.00000000
-2.11144076,0.39370080,0.00000000
-2.11103276,0.39370080,0.00000000
-2.11062476,0.78740160,0.00000000
-2.11021676,0.00000000,0.00000000
-2.10980876,0.39370080,0.00000000
-2.10940076,0.39370080,0.00000000
-2.10899276,0.39370080,0.00000000
-2.10858476,0.00000000,0.00000000
-2.10817676,0.00000000,-0.07874016
-2.10776876,0.39370080,-0.07874016
-2.10736076,0.39370080,0.00000000
-2.10695276,0.39370080,-0.07874016
-2.10654476,0.39370080,0.00000000
-2.10613676,0.39370080,0.00000000
-2.10572876,0.39370080,-0.07874016
-2.10532076,0.00000000,0.00000000
-2.10491276,0.39370080,0.00000000
-2.10450476,0.00000000,0.00000000
-2.10409676,0.00000000,-0.07874016
-2.10368876,0.39370080,0.00000000
-2.10328076,0.39370080,0.00000000
-2.10287276,0.00000000,0.00000000
-2.10246476,0.00000000,0.00000000
-2.10205676,0.00000000,0.00000000
-2.10164876,0.39370080,-0.07874016
-2.10124076,0.00000000,0.00000000
-2.10083276,0.00000000,0.00000000
-2.10042476,0.00000000,0.00000000
-2.10001676,0.39370080,0.00000000
-2.09960876,0.39370080,0.00000000
-2.09920076,0.39370080,-0.07874016
-2.09879276,0.39370080,0.00000000
-2.09838476,0.39370080,0.00000000
-2.09797676,0.39370080,0.00000000
-2.09756876,0.39370080,0.00000000
-2.09716076,0.39370080,0.00000000
-2.09675276,0.39370080,0.00000000
-2.09634476,0.39370080,0.00000000
-2.09593676,0.39370080,-0.07874016
-2.09552876,0.78740160,0.00000000
-2.09512076,0.78740160,-0.07874016
-2.09471276,0.00000000,0.00000000
-2.09430476,0.39370080,0.00000000
-2.09389676,0.78740160,0.00000000
-2.09348876,0.39370080,0.00000000
-2.09308076,0.39370080,0.00000000
-2.09267276,0.39370080,0.00000000
-2.09226476,0.78740160,0.00000000
-2.09185676,0.78740160,0.00000000
-2.09144876,0.39370080,0.00000000
-2.09104076,1.18110200,0.00000000
-2.09063276,0.39370080,-0.07874016
-2.09022476,0.00000000,-0.07874016
-2.08981676,0.39370080,-0.07874016
-2.08940876,0.39370080,0.00000000
-2.08900076,0.39370080,0.00000000
-2.08859276,0.39370080,0.00000000
-2.08818476,0.39370080,0.00000000
-2.08777676,0.39370080,-0.07874016
-2.08736876,0.00000000,0.00000000
-2.08696076,0.00000000,0.00000000
-2.08655276,0.39370080,0.00000000
-2.08614476,0.78740160,0.00000000
-2.08573676,0.39370080,0.00000000
-2.08532876,0.39370080,0.00000000
-2.08492076,0.00000000,0.00000000
-2.08451276,0.39370080,0.00000000
-2.08410476,0.39370080,0.00000000
-2.08369676,0.00000000,0.00000000
-2.08328876,0.39370080,0.00000000
-2.08288076,0.39370080,0.00000000
-2.08247276,0.00000000,0.00000000
-2.08206476,0.39370080,0.00000000
-2.08165676,0.00000000,0.00000000
-2.08124876,0.39370080,0.00000000
-2.08084076,0.39370080,0.00000000
-2.08043276,0.00000000,-0.07874016
-2.08002476,0.78740160,-0.07874016
-2.07961676,0.00000000,-0.07874016
-2.07920876,0.00000000,0.00000000
-2.07880076,0.39370080,0.00000000
-2.07839276,0.39370080,0.00000000
-2.07798476,0.00000000,-0.07874016
-2.07757676,0.00000000,0.00000000
-2.07716876,0.39370080,0.00000000
-2.07676076,0.39370080,-0.07874016
-2.07635276,0.00000000,-0.07874016
-2.07594476,0.39370080,0.00000000
-2.07553676,0.78740160,0.00000000
-2.07512876,0.00000000,0.00000000
-2.07472076,0.39370080,0.00000000
-2.07431276,0.39370080,0.00000000
-2.07390476,0.00000000,0.00000000
-2.07349676,0.00000000,0.00000000
-2.07308876,0.78740160,0.00000000
-2.07268076,0.39370080,0.00000000
-2.07227276,0.78740160,0.00000000
-2.07186476,0.78740160,0.00000000
-2.07145676,0.78740160,0.00000000
-2.07104876,0.39370080,0.00000000
-2.07064076,0.78740160,-0.07874016
-2.07023276,0.39370080,-0.07874016
-2.06982476,0.39370080,0.00000000
-2.06941676,0.78740160,0.00000000
-2.06900876,0.00000000,-0.07874016
-2.06860076,0.39370080,0.00000000
-2.06819276,0.39370080,0.00000000
-2.06778476,0.00000000,0.00000000
-2.06737676,0.78740160,0.00000000
-2.06696877,0.39370080,0.00000000
-2.06656077,0.39370080,0.00000000
-2.06615277,0.39370080,0.00000000
-2.06574477,0.39370080,0.00000000
-2.06533677,0.39370080,-0.07874016
-2.06492877,0.39370080,0.00000000
-2.06452077,0.78740160,0.00000000
-2.06411277,0.78740160,0.00000000
-2.06370477,0.39370080,0.00000000
-2.06329677,0.78740160,-0.07874016
-2.06288877,0.39370080,0.00000000
-2.06248077,0.39370080,-0.07874016
-2.06207277,0.39370080,-0.07874016
-2.06166477,0.39370080,0.00000000
-2.06125677,0.39370080,-0.07874016
-2.06084877,0.39370080,0.00000000
-2.06044077,0.39370080,0.00000000
-2.06003277,0.39370080,0.00000000
-2.05962477,0.00000000,0.00000000
-2.05921677,0.39370080,-0.07874016
-2.05880877,0.39370080,0.00000000
-2.05840077,0.39370080,0.00000000
-2.05799277,0.39370080,0.00000000
-2.05758477,0.39370080,-0.07874016
-2.05717677,0.00000000,0.00000000
-2.05676877,0.39370080,0.00000000
-2.05636077,0.39370080,0.00000000
-2.05595277,0.00000000,0.00000000
-2.05554477,0.00000000,-0.07874016
-2.05513677,0.39370080,-0.07874016
-2.05472877,0.00000000,0.00000000
-2.05432077,0.00000000,0.00000000
-2.05391277,0.00000000,0.00000000
-2.05350477,0.39370080,0.00000000
-2.05309677,0.00000000,-0.07874016
-2.05268877,0.39370080,-0.07874016
-2.05228077,0.39370080,0.00000000
-2.05187277,0.39370080,-0.07874016
-2.05146477,0.00000000,0.00000000
-2.05105677,0.39370080,-0.07874016
-2.05064877,0.00000000,-0.07874016
-2.05024077,0.00000000,0.00000000
-2.04983277,0.00000000,0.00000000
-2.04942477,0.39370080,-0.07874016
-2.04901677,0.39370080,0.00000000
-2.04860877,0.39370080,0.00000000
-2.04820077,0.39370080,0.00000000
-2.04779277,0.78740160,0.00000000
-2.04738477,0.00000000,0.00000000
-2.04697677,0.00000000,-0.07874016
-2.04656877,0.78740160,0.00000000
-2.04616077,0.39370080,0.00000000
-2.04575277,0.39370080,0.00000000
-2.04534477,0.39370080,0.00000000
-2.04493677,0.39370080,0.00000000
-2.04452877,0.39370080,-0.07874016
-2.04412077,0.39370080,0.00000000
-2.04371277,0.39370080,0.00000000
-2.04330477,0.39370080,0.00000000
-2.04289677,0.00000000,0.00000000
-2.04248877,0.39370080,0.00000000
-2.04208077,0.78740160,0.00000000
-2.04167277,0.39370080,0.00000000
-2.04126477,0.39370080,0.00000000
-2.04085677,0.39370080,0.00000000
-2.04044877,0.39370080,0.00000000
-2.04004077,0.00000000,-0.07874016
-2.03963277,0.39370080,0.00000000
-2.03922477,0.39370080,0.00000000
-2.03881677,0.78740160,0.00000000
-2.03840877,0.00000000,0.00000000
-2.03800077,0.39370080,0.00000000
-2.03759277,0.39370080,0.00000000
-2.03718477,0.39370080,0.00000000
-2.03677677,0.39370080,0.00000000
-2.03636877,0.78740160,0.00000000
-2.03596077,0.39370080,0.00000000
-2.03555277,0.39370080,-0.07874016
-2.03514477,0.39370080,0.00000000
-2.03473677,0.39370080,0.00000000
-2.03432877,0.39370080,-0.07874016
-2.03392077,0.39370080,0.00000000
-2.03351277,0.39370080,0.00000000
-2.03310477,0.00000000,0.00000000
-2.03269677,0.39370080,0.00000000
-2.03228877,0.39370080,-0.07874016
-2.03188077,0.00000000,0.00000000
-2.03147277,0.00000000,0.00000000
-2.03106477,0.39370080,0.00000000
-2.03065677,0.78740160,-0.07874016
-2.03024877,0.00000000,0.00000000
-2.02984077,0.39370080,0.00000000
-2.02943277,0.39370080,0.00000000
-2.02902477,0.00000000,-0.07874016
-2.02861677,0.00000000,0.00000000
-2.02820877,0.39370080,0.00000000
-2.02780077,0.00000000,0.00000000
-2.02739277,0.00000000,0.00000000
-2.02698477,0.78740160,0.00000000
-2.02657677,0.39370080,-0.07874016
-2.02616877,0.39370080,0.00000000
-2.02576077,0.00000000,0.00000000
-2.02535277,0.39370080,0.00000000
-2.02494477,0.39370080,-0.07874016
-2.02453677,0.39370080,0.00000000
-2.02412877,0.39370080,0.00000000
-2.02372077,0.39370080,0.00000000
-2.02331277,0.39370080,0.00000000
-2.02290477,0.00000000,0.00000000
-2.02249677,0.39370080,-0.07874016
-2.02208877,0.39370080,0.00000000
-2.02168077,0.78740160,0.00000000
-2.02127277,0.00000000,0.00000000
-2.02086477,0.39370080,0.00000000
-2.02045677,0.00000000,0.00000000
-2.02004877,0.39370080,0.00000000
-2.01964077,0.39370080,0.00000000
-2.01923277,0.78740160,0.00000000
-2.01882477,0.39370080,0.00000000
-2.01841677,0.39370080,0.00000000
-2.01800877,0.00000000,0.00000000
-2.01760077,0.78740160,0.00000000
-2.01719277,0.39370080,-0.07874016
-2.01678477,0.39370080,-0.07874016
-2.01637677,0.78740160,0.00000000
-2.01596877,0.39370080,0.00000000
-2.01556077,0.39370080,0.00000000
-2.01515277,0.39370080,0.00000000
-2.01474477,0.39370080,0.00000000
-2.01433677,0.39370080,-0.07874016
-2.01392877,0.39370080,0.00000000
-2.01352077,0.39370080,0.00000000
-2.01311277,0.78740160,0.00000000
-2.01270477,0.39370080,0.00000000
-2.01229677,0.39370080,0.00000000
-2.01188877,0.39370080,0.00000000
-2.01148077,0.39370080,0.00000000
-2.01107277,0.00000000,0.00000000
-2.01066477,0.78740160,0.00000000
-2.01025677,0.78740160,0.00000000
-2.00984877,0.00000000,-0.07874016
-2.00944077,0.39370080,-0.07874016
-2.00903277,0.39370080,0.00000000
-2.00862477,0.00000000,0.00000000
-2.00821677,0.39370080,-0.07874016
-2.00780877,0.39370080,0.00000000
-2.00740077,0.39370080,0.00000000
-2.00699277,0.00000000,-0.07874016
-2.00658477,0.00000000,0.00000000
-2.00617677,0.78740160,0.00000000
-2.00576877,0.00000000,0.00000000
-2.00536077,0.00000000,-0.07874016
-2.00495277,0.39370080,-0.07874016
-2.00454477,0.39370080,0.00000000
-2.00413677,0.00000000,0.00000000
-2.00372877,0.00000000,0.00000000
-2.00332077,0.39370080,-0.07874016
-2.00291277,0.78740160,0.00000000
-2.00250477,0.00000000,0.00000000
-2.00209677,0.39370080,-0.07874016
-2.00168877,0.39370080,0.00000000
-2.00128077,0.00000000,0.00000000
-2.00087277,0.00000000,-0.07874016
-2.00046477,0.39370080,0.00000000
-2.00005677,0.00000000,0.00000000
-1.99964877,0.39370080,-0.07874016
-1.99924077,0.39370080,-0.07874016
-1.99883277,0.39370080,0.00000000
-1.99842477,0.39370080,0.00000000
-1.99801677,0.39370080,-0.07874016
-1.99760877,0.39370080,0.00000000
-1.99720077,0.00000000,0.00000000
-1.99679277,0.39370080,0.00000000
-1.99638477,0.78740160,0.00000000
-1.99597677,0.00000000,0.00000000
-1.99556877,0.00000000,0.00000000
-1.99516077,0.39370080,0.00000000
-1.99475277,0.39370080,0.00000000
-1.99434477,0.39370080,0.00000000
-1.99393677,0.39370080,0.00000000
-1.99352877,0.39370080,0.00000000
-1.99312077,0.39370080,0.00000000
-1.99271277,0.39370080,0.00000000
-1.99230477,0.39370080,0.00000000
-1.99189677,0.78740160,0.00000000
-1.99148877,0.39370080,0.00000000
-1.99108077,0.78740160,0.00000000
-1.99067277,0.39370080,-0.07874016
-1.99026477,0.00000000,0.00000000
-1.98985677,0.78740160,0.00000000
-1.98944877,0.39370080,0.00000000
-1.98904077,0.39370080,-0.07874016
-1.98863277,0.39370080,0.00000000
-1.98822477,0.00000000,-0.07874016
-1.98781677,0.39370080,0.00000000
-1.98740877,0.78740160,0.00000000
-1.98700077,0.39370080,-0.07874016
-1.98659277,0.39370080,-0.07874016
-1.98618477,0.39370080,0.00000000
-1.98577677,0.00000000,0.00000000
-1.98536877,0.39370080,0.00000000
-1.98496077,0.39370080,0.00000000
-1.98455277,0.39370080,0.00000000
-1.98414477,0.78740160,-0.07874016
-1.98373677,0.39370080,0.00000000
-1.98332877,0.78740160,0.00000000
-1.98292077,0.00000000,0.00000000
-1.98251277,0.39370080,0.00000000
-1.98210477,0.39370080,0.00000000
-1.98169677,0.00000000,0.00000000
-1.98128877,0.39370080,0.00000000
-1.98088077,0.78740160,0.00000000
-1.98047277,0.00000000,0.00000000
-1.98006477,0.39370080,-0.07874016
-1.97965677,0.39370080,0.00000000
-1.97924877,0.39370080,0.00000000
-1.97884077,0.39370080,-0.07874016
-1.97843277,0.39370080,0.00000000
-1.97802477,0.39370080,0.00000000
-1.97761677,0.39370080,-0.07874016
-1.97720877,0.39370080,0.00000000
-1.97680077,0.39370080,-0.07874016
-1.97639277,0.39370080,0.00000000
-1.97598477,0.00000000,0.00000000
-1.97557677,0.39370080,0.00000000
-1.97516877,0.00000000,0.00000000
-1.97476077,0.00000000,0.00000000
-1.97435277,0.78740160,-0.07874016
-1.97394477,0.39370080,0.00000000
-1.97353677,0.00000000,-0.07874016
-1.97312877,0.39370080,0.00000000
-1.97272077,0.39370080,0.00000000
-1.97231277,0.00000000,0.00000000
-1.97190477,0.39370080,0.00000000
-1.97149677,0.39370080,0.00000000
-1.97108877,0.39370080,0.00000000
-1.97068077,0.39370080,0.00000000
-1.97027277,0.78740160,0.00000000
-1.96986477,0.00000000,0.00000000
-1.96945677,0.39370080,-0.07874016
-1.96904877,0.78740160,0.00000000
-1.96864077,0.39370080,0.00000000
-1.96823277,0.39370080,0.00000000
-1.96782477,0.39370080,-0.07874016
-1.96741677,0.00000000,0.00000000
-1.96700877,0.39370080,-0.07874016
-1.96660077,0.39370080,0.00000000
-1.96619277,0.00000000,-0.07874016
-1.96578477,0.39370080,0.00000000
-1.96537677,0.39370080,-0.07874016
-1.96496877,0.00000000,-0.07874016
-1.96456077,0.39370080,-0.07874016
-1.96415277,0.78740160,0.00000000
-1.96374477,0.39370080,0.00000000
-1.96333677,0.39370080,0.00000000
-1.96292877,0.78740160,0.00000000
-1.96252077,0.00000000,0.00000000
-1.96211277,0.00000000,-0.07874016
-1.96170477,0.00000000,0.00000000
-1.96129677,0.39370080,-0.07874016
-1.96088877,0.39370080,0.00000000
-1.96048077,0.39370080,0.00000000
-1.96007277,0.39370080,0.00000000
-1.95966477,0.39370080,-0.07874016
-1.95925677,0.00000000,0.00000000
-1.95884877,0.00000000,0.00000000
-1.95844077,0.39370080,0.00000000
-1.95803277,0.39370080,-0.07874016
-1.95762477,0.39370080,0.00000000
-1.95721677,0.00000000,-0.07874016
-1.95680877,0.39370080,0.00000000
-1.95640077,0.39370080,0.00000000
-1.95599277,0.00000000,-0.07874016
-1.95558477,0.39370080,0.00000000
-1.95517677,0.39370080,0.00000000
-1.95476877,0.39370080,-0.07874016
-1.95436077,0.39370080,0.00000000
-1.95395277,0.39370080,0.00000000
-1.95354477,0.39370080,0.00000000
-1.95313677,0.00000000,-0.07874016
-1.95272877,0.39370080,-0.07874016
-1.95232077,0.39370080,-0.07874016
-1.95191277,0.00000000,-0.07874016
-1.95150477,0.00000000,-0.07874016
-1.95109677,0.39370080,-0.07874016
-1.95068877,0.39370080,0.00000000
-1.95028077,0.00000000,0.00000000
-1.94987277,0.39370080,-0.07874016
-1.94946477,0.39370080,0.00000000
-1.94905677,0.39370080,-0.07874016
-1.94864877,0.39370080,-0.07874016
-1.94824077,0.39370080,0.00000000
-1.94783277,0.39370080,0.00000000
-1.94742477,0.00000000,0.00000000
-1.94701677,0.39370080,0.00000000
-1.94660877,0.39370080,0.00000000
-1.94620077,0.39370080,0.00000000
-1.94579277,0.39370080,0.00000000
-1.94538477,0.39370080,0.00000000
-1.94497677,0.39370080,-0.07874016
-1.94456877,0.00000000,0.00000000
-1.94416077,0.39370080,-0.07874016
-1.94375277,0.39370080,0.00000000
-1.94334477,0.39370080,0.00000000
-1.94293677,0.00000000,0.00000000
-1.94252877,0.39370080,0.00000000
-1.94212077,0.78740160,0.00000000
-1.94171277,0.00000000,0.00000000
-1.94130477,0.00000000,0.00000000
-1.94089677,0.39370080,-0.07874016
-1.94048877,0.39370080,0.00000000
-1.94008077,0.39370080,-0.07874016
-1.93967277,0.39370080,0.00000000
-1.93926477,0.39370080,-0.07874016
-1.93885677,0.39370080,0.00000000
-1.93844877,0.78740160,0.00000000
-1.93804077,0.00000000,0.00000000
-1.93763277,0.78740160,-0.07874016
-1.93722477,0.39370080,0.00000000
-1.93681677,0.39370080,-0.07874016
-1.93640877,0.39370080,0.00000000
-1.93600077,0.39370080,0.00000000
-1.93559277,0.00000000,0.00000000
-1.93518477,0.39370080,0.00000000
-1.93477677,0.39370080,0.00000000
-1.93436877,0.39370080,0.00000000
-1.93396077,0.00000000,-0.07874016
-1.93355277,0.39370080,0.00000000
-1.93314477,0.00000000,0.00000000
-1.93273677,0.39370080,0.00000000
-1.93232877,0.39370080,0.00000000
-1.93192077,0.00000000,0.00000000
-1.93151277,0.39370080,-0.07874016
-1.93110477,0.39370080,-0.07874016
-1.93069677,0.39370080,0.00000000
-1.93028877,0.00000000,0.00000000
-1.92988077,0.00000000,0.00000000
-1.92947277,0.39370080,0.00000000
-1.92906477,0.39370080,0.00000000
-1.92865677,0.78740160,0.00000000
-1.92824877,0.00000000,0.00000000
-1.92784077,0.00000000,-0.07874016
-1.92743277,0.00000000,-0.07874016
-1.92702477,0.39370080,0.00000000
-1.92661677,0.00000000,0.00000000
-1.92620877,0.39370080,-0.07874016
-1.92580077,0.39370080,0.00000000
-1.92539277,0.00000000,-0.07874016
-1.92498477,0.39370080,0.00000000
-1.92457677,0.39370080,0.00000000
-1.92416877,0.00000000,0.00000000
-1.92376077,0.39370080,0.00000000
-1.92335277,0.39370080,0.00000000
-1.92294477,0.39370080,0.00000000
-1.92253677,0.78740160,0.00000000
-1.92212877,0.39370080,0.00000000
-1.92172077,0.00000000,0.00000000
-1.92131277,0.00000000,-0.07874016
-1.92090477,0.39370080,0.00000000
-1.92049677,0.00000000,0.00000000
-1.92008877,0.39370080,0.00000000
-1.91968077,0.78740160,0.00000000
-1.91927277,0.39370080,0.00000000
-1.91886477,0.00000000,0.00000000
-1.91845677,0.39370080,-0.07874016
-1.91804877,0.39370080,0.00000000
-1.91764077,0.39370080,0.00000000
-1.91723277,0.39370080,0.00000000
-1.91682477,0.39370080,0.00000000
-1.91641677,0.39370080,0.00000000
-1.91600877,0.00000000,0.00000000
-1.91560077,0.39370080,-0.07874016
-1.91519277,0.39370080,0.00000000
-1.91478477,0.39370080,0.00000000
-1.91437677,0.39370080,0.00000000
-1.91396877,0.39370080,0.00000000
-1.91356077,0.39370080,0.00000000
-1.91315277,0.39370080,0.00000000
-1.91274477,0.39370080,0.00000000
-1.91233677,0.39370080,-0.07874016
-1.91192877,0.39370080,0.00000000
-1.91152077,0.00000000,0.00000000
-1.91111277,0.39370080,0.00000000
-1.91070477,0.39370080,0.00000000
-1.91029677,0.39370080,0.00000000
-1.90988877,0.39370080,-0.07874016
-1.90948077,0.39370080,-0.07874016
-1.90907277,0.39370080,0.00000000
-1.90866477,0.39370080,0.00000000
-1.90825677,0.39370080,0.00000000
-1.90784877,0.39370080,0.00000000
-1.90744077,0.39370080,0.00000000
-1.90703277,0.39370080,0.00000000
-1.90662477,0.39370080,0.00000000
-1.90621677,0.39370080,0.00000000
-1.90580877,0.39370080,0.00000000
-1.90540077,0.39370080,0.00000000
-1.90499277,0.39370080,0.00000000
-1.90458477,0.39370080,0.00000000
-1.90417677,0.39370080,-0.07874016
-1.90376877,0.39370080,0.00000000
-1.90336077,0.39370080,0.00000000
-1.90295277,0.39370080,0.00000000
-1.90254477,0.00000000,-0.07874016
-1.90213677,0.39370080,0.00000000
-1.90172877,0.39370080,0.00000000
-1.90132077,0.00000000,-0.07874016
-1.90091277,0.39370080,-0.07874016
-1.90050477,0.39370080,0.00000000
-1.90009677,0.00000000,0.00000000
-1.89968877,0.78740160,-0.07874016
-1.89928077,0.39370080,0.00000000
-1.89887277,0.00000000,0.00000000
-1.89846477,0.39370080,0.00000000
-1.89805677,0.39370080,0.00000000
-1.89764877,0.39370080,0.00000000
-1.89724077,0.39370080,0.00000000
-1.89683277,0.39370080,0.00000000
-1.89642477,0.39370080,0.00000000
-1.89601677,0.39370080,0.00000000
-1.89560877,0.39370080,-0.07874016
-1.89520077,0.78740160,-0.07874016
-1.89479277,0.00000000,0.00000000
-1.89438477,0.39370080,-0.07874016
-1.89397677,0.78740160,0.00000000
-1.89356877,0.39370080,0.00000000
-1.89316077,0.39370080,0.00000000
-1.89275277,0.39370080,-0.07874016
-1.89234477,0.00000000,0.00000000
-1.89193677,0.78740160,0.00000000
-1.89152877,0.39370080,0.00000000
-1.89112077,0.39370080,-0.07874016
-1.89071277,0.39370080,0.00000000
-1.89030478,0.39370080,0.00000000
-1.88989678,0.00000000,0.00000000
-1.88948878,0.39370080,-0.07874016
-1.88908078,0.39370080,0.00000000
-1.88867278,0.39370080,0.00000000
-1.88826478,0.00000000,-0.07874016
-1.88785678,0.78740160,-0.07874016
-1.88744878,0.39370080,0.00000000
-1.88704078,0.39370080,-0.07874016
-1.88663278,0.00000000,0.00000000
-1.88622478,0.00000000,0.00000000
-1.88581678,0.39370080,0.00000000
-1.88540878,0.39370080,0.00000000
-1.88500078,0.39370080,0.00000000
-1.88459278,0.00000000,0.00000000
-1.88418478,0.39370080,0.00000000
-1.88377678,0.39370080,0.00000000
-1.88336878,0.00000000,-0.07874016
-1.88296078,0.39370080,-0.07874016
-1.88255278,0.00000000,0.00000000
-1.88214478,0.39370080,-0.07874016
-1.88173678,0.39370080,-0.07874016
-1.88132878,0.39370080,0.00000000
-1.88092078,0.39370080,0.00000000
-1.88051278,0.00000000,0.00000000
-1.88010478,0.39370080,0.00000000
-1.87969678,0.39370080,0.00000000
-1.87928878,0.00000000,0.00000000
-1.87888078,0.00000000,-0.07874016
-1.87847278,0.78740160,0.00000000
-1.87806478,0.78740160,0.00000000
-1.87765678,0.39370080,0.00000000
-1.87724878,0.39370080,-0.07874016
-1.87684078,0.39370080,0.00000000
-1.87643278,0.39370080,0.00000000
-1.87602478,0.00000000,0.00000000
-1.87561678,0.78740160,0.00000000
-1.87520878,0.39370080,0.00000000
-1.87480078,0.39370080,-0.07874016
-1.87439278,0.39370080,0.00000000
-1.87398478,0.39370080,0.00000000
-1.87357678,0.39370080,0.00000000
-1.87316878,0.39370080,0.00000000
-1.87276078,0.39370080,0.00000000
-1.87235278,0.39370080,-0.07874016
-1.87194478,0.39370080,0.00000000
-1.87153678,0.39370080,-0.07874016
-1.87112878,0.00000000,0.00000000
-1.87072078,0.78740160,0.00000000
-1.87031278,0.39370080,0.00000000
-1.86990478,0.39370080,-0.07874016
-1.86949678,0.39370080,-0.07874016
-1.86908878,0.78740160,0.00000000
-1.86868078,0.00000000,0.00000000
-1.86827278,0.39370080,0.00000000
-1.86786478,0.39370080,0.00000000
-1.86745678,0.00000000,0.00000000
-1.86704878,0.78740160,0.00000000
-1.86664078,0.39370080,0.00000000
-1.86623278,0.39370080,0.00000000
-1.86582478,0.39370080,0.00000000
-1.86541678,0.00000000,0.00000000
-1.86500878,0.39370080,-0.07874016
-1.86460078,0.78740160,0.00000000
-1.86419278,0.39370080,0.00000000
-1.86378478,0.39370080,-0.07874016
-1.86337678,0.39370080,0.00000000
-1.86296878,0.00000000,0.00000000
-1.86256078,0.00000000,0.00000000
-1.86215278,0.39370080,-0.07874016
-1.86174478,0.39370080,0.00000000
-1.86133678,0.39370080,-0.07874016
-1.86092878,0.39370080,0.00000000
-1.86052078,0.78740160,0.00000000
-1.86011278,0.00000000,-0.07874016
-1.85970478,0.39370080,0.00000000
-1.85929678,0.39370080,-0.07874016
-1.85888878,0.00000000,-0.07874016
-1.85848078,0.39370080,0.00000000
-1.85807278,0.39370080,0.00000000
-1.85766478,0.00000000,0.00000000
-1.85725678,0.39370080,-0.07874016
-1.85684878,0.39370080,0.00000000
-1.85644078,0.00000000,0.00000000
-1.85603278,0.39370080,-0.07874016
-1.85562478,0.78740160,0.00000000
-1.85521678,0.39370080,0.00000000
-1.85480878,0.00000000,-0.07874016
-1.85440078,0.78740160,0.00000000
-1.85399278,0.39370080,0.00000000
-1.85358478,0.00000000,-0.07874016
-1.85317678,0.00000000,0.00000000
-1.85276878,0.78740160,-0.07874016
-1.85236078,0.00000000,0.00000000
-1.85195278,0.00000000,0.00000000
-1.85154478,0.39370080,-0.07874016
-1.85113678,0.39370080,0.00000000
-1.85072878,0.00000000,0.00000000
-1.85032078,0.39370080,0.00000000
-1.84991278,0.39370080,0.00000000
-1.84950478,0.39370080,0.00000000
-1.84909678,0.00000000,-0.07874016
-1.84868878,0.39370080,-0.07874016
-1.84828078,0.39370080,0.00000000
-1.84787278,0.39370080,0.00000000
-1.84746478,0.00000000,0.00000000
-1.84705678,0.39370080,-0.07874016
-1.84664878,0.39370080,0.00000000
-1.84624078,0.39370080,0.00000000
-1.84583278,0.39370080,-0.07874016
-1.84542478,0.39370080,0.00000000
-1.84501678,0.39370080,0.00000000
-1.84460878,0.39370080,0.00000000
-1.84420078,0.78740160,-0.07874016
-1.84379278,0.39370080,0.00000000
-1.84338478,0.00000000,0.00000000
-1.84297678,0.39370080,0.00000000
-1.84256878,0.78740160,0.00000000
-1.84216078,0.00000000,0.00000000
-1.84175278,0.00000000,-0.07874016
-1.84134478,0.39370080,-0.07874016
-1.84093678,0.39370080,0.00000000
-1.84052878,0.39370080,-0.07874016
-1.84012078,0.39370080,-0.07874016
-1.83971278,0.39370080,-0.07874016
-1.83930478,0.39370080,0.00000000
-1.83889678,0.39370080,0.00000000
-1.83848878,0.00000000,-0.07874016
-1.83808078,0.39370080,-0.07874016
-1.83767278,0.00000000,0.00000000
-1.83726478,0.39370080,0.00000000
-1.83685678,0.00000000,-0.07874016
-1.83644878,0.39370080,-0.07874016
-1.83604078,0.00000000,0.00000000
-1.83563278,0.00000000,0.00000000
-1.83522478,0.39370080,0.00000000
-1.83481678,0.00000000,-0.07874016
-1.83440878,0.39370080,0.00000000
-1.83400078,0.78740160,0.00000000
-1.83359278,0.00000000,0.00000000
-1.83318478,0.39370080,-0.07874016
-1.83277678,0.39370080,0.00000000
-1.83236878,0.39370080,0.00000000
-1.83196078,0.39370080,0.00000000
-1.83155278,0.78740160,0.00000000
-1.83114478,0.39370080,0.00000000
-1.83073678,0.39370080,0.00000000
-1.83032878,0.00000000,-0.07874016
-1.82992078,0.39370080,0.00000000
-1.82951278,0.00000000,0.00000000
-1.82910478,0.39370080,0.00000000
-1.82869678,0.39370080,0.00000000
-1.82828878,0.00000000,0.00000000
-1.82788078,0.00000000,0.00000000
-1.82747278,0.39370080,0.00000000
-1.82706478,0.39370080,0.00000000
-1.82665678,0.39370080,0.00000000
-1.82624878,0.39370080,0.00000000
-1.82584078,0.39370080,-0.07874016
-1.82543278,0.39370080,0.00000000
-1.82502478,0.39370080,0.00000000
-1.82461678,0.00000000,0.00000000
-1.82420878,0.00000000,-0.07874016
-1.82380078,0.39370080,0.00000000
-1.82339278,0.39370080,0.00000000
-1.82298478,0.00000000,-0.07874016
-1.82257678,0.39370080,-0.07874016
-1.82216878,0.39370080,0.00000000
-1.82176078,0.39370080,-0.07874016
-1.82135278,0.39370080,0.00000000
-1.82094478,0.00000000,0.00000000
-1.82053678,0.00000000,0.00000000
-1.82012878,0.78740160,-0.07874016
-1.81972078,0.00000000,0.00000000
-1.81931278,0.00000000,0.00000000
-1.81890478,0.39370080,-0.07874016
-1.81849678,0.39370080,0.00000000
-1.81808878,0.39370080,0.00000000
-1.81768078,0.39370080,-0.07874016
-1.81727278,0.39370080,-0.07874016
-1.81686478,0.39370080,0.00000000
-1.81645678,0.00000000,0.00000000
-1.81604878,0.78740160,0.00000000
-1.81564078,0.39370080,0.00000000
-1.81523278,0.00000000,0.00000000
-1.81482478,0.39370080,0.00000000
-1.81441678,0.78740160,0.00000000
-1.81400878,0.00000000,-0.07874016
-1.81360078,0.39370080,0.00000000
-1.81319278,0.78740160,-0.07874016
-1.81278478,0.39370080,0.00000000
-1.81237678,0.39370080,-0.07874016
-1.81196878,0.00000000,0.00000000
-1.81156078,0.39370080,0.00000000
-1.81115278,0.00000000,0.00000000
-1.81074478,0.39370080,-0.07874016
-1.81033678,0.39370080,-0.07874016
-1.80992878,0.39370080,0.00000000
-1.80952078,0.39370080,0.00000000
-1.80911278,0.39370080,0.00000000
-1.80870478,0.39370080,0.00000000
-1.80829678,0.00000000,0.00000000
-1.80788878,0.39370080,0.00000000
-1.80748078,0.39370080,0.00000000
-1.80707278,0.39370080,0.00000000
-1.80666478,0.39370080,-0.07874016
-1.80625678,0.78740160,0.00000000
-1.80584878,0.39370080,0.00000000
-1.80544078,0.39370080,-0.07874016
-1.80503278,0.78740160,0.00000000
-1.80462478,0.00000000,0.00000000
-1.80421678,0.00000000,0.00000000
-1.80380878,0.39370080,0.00000000
-1.80340078,0.39370080,0.00000000
-1.80299278,0.39370080,0.00000000
-1.80258478,0.39370080,0.00000000
-1.80217678,0.39370080,0.00000000
-1.80176878,0.39370080,0.00000000
-1.80136078,0.39370080,0.00000000
-1.80095278,0.00000000,0.00000000
-1.80054478,0.39370080,-0.07874016
-1.80013678,0.39370080,0.00000000
-1.79972878,0.39370080,-0.07874016
-1.79932078,0.39370080,0.00000000
-1.79891278,0.39370080,0.00000000
-1.79850478,0.00000000,0.00000000
-1.79809678,0.39370080,0.00000000
-1.79768878,0.39370080,0.00000000
-1.79728078,0.00000000,-0.07874016
-1.79687278,0.78740160,0.00000000
-1.79646478,0.39370080,0.00000000
-1.79605678,0.39370080,0.00000000
-1.79564878,0.00000000,0.00000000
-1.79524078,0.39370080,0.00000000
-1.79483278,0.39370080,0.00000000
-1.79442478,0.00000000,0.00000000
-1.79401678,0.39370080,0.00000000
-1.79360878,0.39370080,0.00000000
-1.79320078,0.39370080,0.00000000
-1.79279278,0.39370080,0.00000000
-1.79238478,0.00000000,0.00000000
-1.79197678,0.39370080,-0.07874016
-1.79156878,0.78740160,0.00000000
-1.79116078,0.39370080,0.00000000
-1.79075278,0.39370080,-0.07874016
-1.79034478,0.39370080,0.00000000
-1.78993678,0.39370080,0.00000000
-1.78952878,0.00000000,0.00000000
-1.78912078,0.00000000,-0.07874016
-1.78871278,0.39370080,0.00000000
-1.78830478,0.78740160,-0.07874016
-1.78789678,0.39370080,0.00000000
-1.78748878,0.39370080,0.00000000
-1.78708078,0.39370080,0.00000000
-1.78667278,0.39370080,0.00000000
-1.78626478,0.39370080,0.00000000
-1.78585678,0.39370080,-0.07874016
-1.78544878,0.39370080,0.00000000
-1.78504078,0.39370080,-0.07874016
-1.78463278,0.39370080,-0.07874016
-1.78422478,0.00000000,0.00000000
-1.78381678,0.78740160,0.00000000
-1.78340878,0.00000000,0.00000000
-1.78300078,0.00000000,-0.07874016
-1.78259278,0.39370080,0.00000000
-1.78218478,0.39370080,0.00000000
-1.78177678,0.39370080,-0.07874016
-1.78136878,0.00000000,-0.07874016
-1.78096078,0.39370080,0.00000000
-1.78055278,0.39370080,0.00000000
-1.78014478,0.39370080,0.00000000
-1.77973678,0.39370080,0.00000000
-1.77932878,0.78740160,0.00000000
-1.77892078,0.00000000,0.00000000
-1.77851278,0.39370080,-0.07874016
-1.77810478,0.78740160,0.00000000
-1.77769678,0.39370080,0.00000000
-1.77728878,0.00000000,0.00000000
-1.77688078,0.78740160,0.00000000
-1.77647278,0.78740160,0.00000000
-1.77606478,0.39370080,0.00000000
-1.77565678,0.39370080,0.00000000
-1.77524878,0.39370080,0.00000000
-1.77484078,0.00000000,0.00000000
-1.77443278,0.39370080,-0.07874016
-1.77402478,0.39370080,0.00000000
-1.77361678,0.39370080,0.00000000
-1.77320878,0.78740160,0.00000000
-1.77280078,0.39370080,0.00000000
-1.77239278,0.00000000,0.00000000
-1.77198478,0.78740160,-0.07874016
-1.77157678,0.78740160,0.00000000
-1.77116878,0.39370080,0.00000000
-1.77076078,0.00000000,0.00000000
-1.77035278,0.78740160,0.00000000
-1.76994478,0.00000000,-0.07874016
-1.76953678,0.00000000,-0.07874016
-1.76912878,0.39370080,0.00000000
-1.76872078,0.39370080,0.00000000
-1.76831278,0.00000000,0.00000000
-1.76790478,0.39370080,-0.07874016
-1.76749678,0.00000000,0.00000000
-1.76708878,0.39370080,0.00000000
-1.76668078,0.39370080,0.00000000
-1.76627278,0.00000000,0.00000000
-1.76586478,0.39370080,-0.07874016
-1.76545678,0.39370080,0.00000000
-1.76504878,0.00000000,0.00000000
-1.76464078,0.78740160,0.00000000
-1.76423278,0.00000000,0.00000000
-1.76382478,0.39370080,-0.07874016
-1.76341678,0.39370080,0.00000000
-1.76300878,0.00000000,0.00000000
-1.76260078,0.39370080,0.00000000
-1.76219278,0.00000000,-0.07874016
-1.76178478,0.39370080,-0.07874016
-1.76137678,0.39370080,0.00000000
-1.76096878,0.39370080,0.00000000
-1.76056078,0.39370080,0.00000000
-1.76015278,0.78740160,0.00000000
-1.75974478,0.39370080,-0.07874016
-1.75933678,0.78740160,0.00000000
-1.75892878,0.00000000,0.00000000
-1.75852078,0.39370080,-0.07874016
-1.75811278,0.78740160,0.00000000
-1.75770478,0.00000000,0.00000000
-1.75729678,0.00000000,-0.07874016
-1.75688878,0.78740160,-0.07874016
-1.75648078,0.39370080,0.00000000
-1.75607278,0.00000000,0.00000000
-1.75566478,0.39370080,-0.07874016
-1.75525678,0.78740160,0.00000000
-1.75484878,0.39370080,0.00000000
-1.75444078,0.00000000,-0.07874016
-1.75403278,0.39370080,0.00000000
-1.75362478,0.78740160,0.00000000
-1.75321678,0.00000000,0.00000000
-1.75280878,0.39370080,0.00000000
-1.75240078,0.78740160,0.00000000
-1.75199278,0.39370080,0.00000000
-1.75158478,0.39370080,-0.07874016
-1.75117678,0.39370080,0.00000000
-1.75076878,0.39370080,-0.07874016
-1.75036078,0.39370080,-0.07874016
-1.74995278,0.39370080,-0.07874016
-1.74954478,0.39370080,0.00000000
-1.74913678,0.78740160,0.00000000
-1.74872878,0.00000000,0.00000000
-1.74832078,0.39370080,0.00000000
-1.74791278,0.39370080,0.00000000
-1.74750478,0.39370080,0.00000000
-1.74709678,0.00000000,0.00000000
-1.74668878,0.39370080,0.00000000
-1.74628078,0.39370080,-0.07874016
-1.74587278,0.39370080,0.00000000
-1.74546478,0.00000000,0.00000000
-1.74505678,0.39370080,0.00000000
-1.74464878,0.00000000,0.00000000
-1.74424078,0.39370080,-0.07874016
-1.74383278,0.78740160,0.00000000
-1.74342478,0.39370080,0.00000000
-1.74301678,0.39370080,0.00000000
-1.74260878,0.39370080,-0.07874016
-1.74220078,0.00000000,0.00000000
-1.74179278,0.39370080,0.00000000
-1.74138478,0.39370080,0.00000000
-1.74097678,0.00000000,0.00000000
-1.74056878,0.39370080,0.00000000
-1.74016078,0.39370080,0.00000000
-1.73975278,0.39370080,-0.07874016
-1.73934478,0.39370080,0.00000000
-1.73893678,0.00000000,0.00000000
-1.73852878,0.39370080,0.00000000
-1.73812078,0.00000000,0.00000000
-1.73771278,0.39370080,-0.07874016
-1.73730478,0.39370080,0.00000000
-1.73689678,0.00000000,-0.07874016
-1.73648878,0.78740160,0.00000000
-1.73608078,0.39370080,0.00000000
-1.73567278,0.00000000,0.00000000
-1.73526478,0.78740160,0.00000000
-1.73485678,0.39370080,0.00000000
-1.73444878,0.00000000,-0.07874016
-1.73404078,0.39370080,0.00000000
-1.73363278,0.78740160,0.00000000
-1.73322478,0.39370080,-0.07874016
-1.73281678,0.39370080,-0.07874016
-1.73240878,0.78740160,0.00000000
-1.73200078,0.39370080,0.00000000
-1.73159278,0.00000000,0.00000000
-1.73118478,0.39370080,0.00000000
-1.73077678,0.39370080,0.00000000
-1.73036878,0.00000000,0.00000000
-1.72996078,0.39370080,0.00000000
-1.72955278,0.39370080,0.00000000
-1.72914478,0.39370080,0.00000000
-1.72873678,0.78740160,-0.07874016
-1.72832878,0.39370080,0.00000000
-1.72792078,0.39370080,0.00000000
-1.72751278,0.78740160,0.00000000
-1.72710478,0.39370080,-0.07874016
-1.72669678,0.39370080,0.00000000
-1.72628878,0.39370080,-0.07874016
-1.72588078,0.78740160,0.00000000
-1.72547278,0.00000000,0.00000000
-1.72506478,0.39370080,0.00000000
-1.72465678,0.39370080,0.00000000
-1.72424878,0.00000000,0.00000000
-1.72384078,0.39370080,-0.07874016
-1.72343278,0.39370080,0.00000000
-1.72302478,0.39370080,0.00000000
-1.72261678,0.39370080,0.00000000
-1.72220878,0.39370080,-0.07874016
-1.72180078,0.00000000,0.00000000
-1.72139278,0.39370080,-0.07874016
-1.72098478,0.78740160,0.00000000
-1.72057678,0.39370080,0.00000000
-1.72016878,0.00000000,0.00000000
-1.71976078,0.39370080,-0.07874016
-1.71935278,0.39370080,0.00000000
-1.71894478,0.39370080,0.00000000
-1.71853678,0.00000000,0.00000000
-1.71812878,0.39370080,0.00000000
-1.71772078,0.00000000,-0.07874016
-1.71731278,0.39370080,0.00000000
-1.71690478,0.39370080,0.00000000
-1.71649678,0.00000000,0.00000000
-1.71608878,0.00000000,-0.07874016
-1.71568078,0.39370080,-0.07874016
-1.71527278,0.00000000,0.00000000
-1.71486478,0.78740160,-0.07874016
-1.71445678,0.39370080,0.00000000
-1.71404878,0.39370080,-0.07874016
-1.71364078,0.00000000,0.00000000
-1.71323279,0.39370080,0.00000000
-1.71282479,0.39370080,0.00000000
-1.71241679,0.39370080,0.00000000
-1.71200879,0.39370080,0.00000000
-1.71160079,0.39370080,0.00000000
-1.71119279,0.39370080,0.00000000
-1.71078479,0.39370080,0.00000000
-1.71037679,0.00000000,0.00000000
-1.70996879,0.78740160,0.00000000
-1.70956079,0.39370080,0.00000000
-1.70915279,0.39370080,0.00000000
-1.70874479,0.39370080,0.00000000
-1.70833679,0.78740160,-0.07874016
-1.70792879,0.39370080,0.00000000
-1.70752079,0.00000000,-0.07874016
-1.70711279,0.39370080,-0.07874016
-1.70670479,0.39370080,0.00000000
-1.70629679,0.39370080,0.00000000
-1.70588879,0.39370080,0.00000000
-1.70548079,0.00000000,0.00000000
-1.70507279,0.39370080,-0.07874016
-1.70466479,0.39370080,0.00000000
-1.70425679,0.00000000,0.00000000
-1.70384879,0.78740160,0.00000000
-1.70344079,0.78740160,-0.07874016
-1.70303279,0.39370080,0.00000000
-1.70262479,0.39370080,0.00000000
-1.70221679,0.39370080,0.00000000
-1.70180879,0.39370080,0.00000000
-1.70140079,0.00000000,0.00000000
-1.70099279,0.39370080,-0.07874016
-1.70058479,0.39370080,0.00000000
-1.70017679,0.39370080,0.00000000
-1.69976879,0.00000000,0.00000000
-1.69936079,0.39370080,-0.07874016
-1.69895279,0.39370080,0.00000000
-1.69854479,0.39370080,0.00000000
-1.69813679,0.78740160,0.00000000
-1.69772879,0.78740160,0.00000000
-1.69732079,0.39370080,0.00000000
-1.69691279,0.39370080,-0.07874016
-1.69650479,0.39370080,0.00000000
-1.69609679,0.39370080,0.00000000
-1.69568879,0.00000000,-0.07874016
-1.69528079,0.39370080,-0.07874016
-1.69487279,0.39370080,0.00000000
-1.69446479,0.00000000,0.00000000
-1.69405679,0.39370080,0.00000000
-1.69364879,0.78740160,0.00000000
-1.69324079,0.78740160,0.00000000
-1.69283279,0.39370080,0.00000000
-1.69242479,0.00000000,0.00000000
-1.69201679,0.39370080,-0.07874016
-1.69160879,0.39370080,0.00000000
-1.69120079,0.39370080,0.00000000
-1.69079279,0.39370080,0.00000000
-1.69038479,0.78740160,0.00000000
-1.68997679,0.39370080,0.00000000
-1.68956879,0.00000000,-0.07874016
-1.68916079,0.39370080,0.00000000
-1.68875279,0.78740160,0.00000000
-1.68834479,0.39370080,0.00000000
-1.68793679,0.00000000,0.00000000
-1.68752879,0.39370080,0.00000000
-1.68712079,0.39370080,0.00000000
-1.68671279,0.00000000,0.00000000
-1.68630479,0.39370080,-0.07874016
-1.68589679,0.39370080,0.00000000
-1.68548879,0.39370080,0.00000000
-1.68508079,0.39370080,-0.07874016
-1.68467279,0.39370080,0.00000000
-1.68426479,0.00000000,-0.07874016
-1.68385679,0.39370080,0.00000000
-1.68344879,0.39370080,0.00000000
-1.68304079,0.39370080,0.00000000
-1.68263279,0.00000000,0.00000000
-1.68222479,0.39370080,-0.07874016
-1.68181679,0.78740160,0.00000000
-1.68140879,0.39370080,0.00000000
-1.68100079,0.00000000,0.00000000
-1.68059279,0.39370080,0.00000000
-1.68018479,0.39370080,0.00000000
-1.67977679,0.00000000,-0.07874016
-1.67936879,0.39370080,0.00000000
-1.67896079,0.00000000,0.00000000
-1.67855279,0.00000000,0.00000000
-1.67814479,0.39370080,-0.07874016
-1.67773679,0.78740160,0.00000000
-1.67732879,0.39370080,0.00000000
-1.67692079,0.39370080,0.00000000
-1.67651279,0.39370080,0.00000000
-1.67610479,0.39370080,0.00000000
-1.67569679,0.39370080,0.00000000
-1.67528879,0.39370080,-0.07874016
-1.67488079,0.39370080,0.00000000
-1.67447279,0.39370080,0.00000000
-1.67406479,0.39370080,-0.07874016
-1.67365679,0.39370080,0.00000000
-1.67324879,0.39370080,0.00000000
-1.67284079,0.39370080,0.00000000
-1.67243279,0.39370080,0.00000000
-1.67202479,0.39370080,0.00000000
-1.67161679,0.39370080,-0.07874016
-1.67120879,0.39370080,0.00000000
-1.67080079,0.39370080,-0.07874016
-1.67039279,0.39370080,-0.07874016
-1.66998479,0.00000000,0.00000000
-1.66957679,0.00000000,0.00000000
-1.66916879,0.39370080,0.00000000
-1.66876079,0.39370080,0.00000000
-1.66835279,0.39370080,-0.07874016
-1.66794479,0.39370080,0.00000000
-1.66753679,0.39370080,0.00000000
-1.66712879,0.00000000,0.00000000
-1.66672079,0.39370080,0.00000000
-1.66631279,0.39370080,0.00000000
-1.66590479,0.00000000,0.00000000
-1.66549679,0.39370080,0.00000000
-1.66508879,0.39370080,0.00000000
-1.66468079,0.39370080,0.00000000
-1.66427279,0.39370080,-0.07874016
-1.66386479,0.39370080,-0.07874016
-1.66345679,0.39370080,0.00000000
-1.66304879,0.00000000,0.00000000
-1.66264079,0.78740160,-0.07874016
-1.66223279,0.39370080,0.00000000
-1.66182479,0.00000000,0.00000000
-1.66141679,0.00000000,0.00000000
-1.66100879,0.78740160,-0.07874016
-1.66060079,0.39370080,0.00000000
-1.66019279,0.00000000,0.00000000
-1.65978479,0.78740160,-0.07874016
-1.65937679,0.39370080,0.00000000
-1.65896879,0.39370080,-0.07874016
-1.65856079,0.39370080,0.00000000
-1.65815279,0.39370080,0.00000000
-1.65774479,0.39370080,0.00000000
-1.65733679,0.00000000,0.00000000
-1.65692879,0.39370080,-0.07874016
-1.65652079,0.39370080,0.00000000
-1.65611279,0.39370080,0.00000000
-1.65570479,0.39370080,-0.07874016
-1.65529679,0.78740160,0.00000000
-1.65488879,0.39370080,0.00000000
-1.65448079,0.39370080,0.00000000
-1.65407279,0.39370080,-0.07874016
-1.65366479,0.00000000,0.00000000
-1.65325679,0.00000000,0.00000000
-1.65284879,0.39370080,-0.07874016
-1.65244079,0.39370080,0.00000000
-1.65203279,0.78740160,-0.07874016
-1.65162479,0.39370080,0.00000000
-1.65121679,0.39370080,0.00000000
-1.65080879,0.39370080,0.00000000
-1.65040079,0.39370080,-0.07874016
-1.64999279,0.78740160,0.00000000
-1.64958479,0.39370080,0.00000000
-1.64917679,0.00000000,0.00000000
-1.64876879,0.39370080,-0.07874016
-1.64836079,0.39370080,0.00000000
-1.64795279,0.39370080,-0.07874016
-1.64754479,0.39370080,0.00000000
-1.64713679,0.00000000,0.00000000
-1.64672879,0.39370080,0.00000000
-1.64632079,0.39370080,0.00000000
-1.64591279,0.39370080,0.00000000
-1.64550479,0.00000000,0.00000000
-1.64509679,0.39370080,-0.07874016
-1.64468879,0.39370080,0.00000000
-1.64428079,0.00000000,0.00000000
-1.64387279,0.39370080,-0.07874016
-1.64346479,0.39370080,0.00000000
-1.64305679,0.39370080,0.00000000
-1.64264879,0.39370080,0.00000000
-1.64224079,0.78740160,0.00000000
-1.64183279,0.39370080,0.00000000
-1.64142479,0.00000000,-0.07874016
-1.64101679,0.78740160,0.00000000
-1.64060879,0.39370080,0.00000000
-1.64020079,0.00000000,0.00000000
-1.63979279,0.78740160,0.00000000
-1.63938479,0.39370080,0.00000000
-1.63897679,0.00000000,-0.07874016
-1.63856879,0.39370080,-0.07874016
-1.63816079,0.39370080,0.00000000
-1.63775279,0.39370080,0.00000000
-1.63734479,0.00000000,0.00000000
-1.63693679,0.39370080,0.00000000
-1.63652879,0.39370080,0.00000000
-1.63612079,0.00000000,0.00000000
-1.63571279,0.00000000,-0.07874016
-1.63530479,0.39370080,0.00000000
-1.63489679,0.39370080,0.00000000
-1.63448879,0.39370080,0.00000000
-1.63408079,0.39370080,0.00000000
-1.63367279,0.00000000,0.00000000
-1.63326479,0.39370080,-0.07874016
-1.63285679,0.78740160,0.00000000
-1.63244879,0.39370080,0.00000000
-1.63204079,0.39370080,0.00000000
-1.63163279,0.39370080,-0.07874016
-1.63122479,0.00000000,0.00000000
-1.63081679,0.39370080,0.00000000
-1.63040879,0.39370080,-0.07874016
-1.63000079,0.78740160,0.00000000
-1.62959279,0.00000000,0.00000000
-1.62918479,0.39370080,-0.07874016
-1.62877679,0.78740160,0.00000000
-1.62836879,0.00000000,0.00000000
-1.62796079,0.00000000,0.00000000
-1.62755279,0.39370080,0.00000000
-1.62714479,0.00000000,0.00000000
-1.62673679,0.00000000,-0.07874016
-1.62632879,0.39370080,0.00000000
-1.62592079,0.00000000,0.00000000
-1.62551279,0.39370080,0.00000000
-1.62510479,0.39370080,0.00000000
-1.62469679,0.39370080,0.00000000
-1.62428879,0.78740160,-0.07874016
-1.62388079,0.78740160,0.00000000
-1.62347279,0.00000000,-0.07874016
-1.62306479,0.39370080,0.00000000
-1.62265679,0.39370080,0.00000000
-1.62224879,0.39370080,0.00000000
-1.62184079,0.39370080,-0.07874016
-1.62143279,0.39370080,0.00000000
-1.62102479,0.39370080,0.00000000
-1.62061679,0.78740160,0.00000000
-1.62020879,0.00000000,0.00000000
-1.61980079,0.39370080,0.00000000
-1.61939279,0.39370080,0.00000000
-1.61898479,0.39370080,0.00000000
-1.61857679,0.39370080,0.00000000
-1.61816879,0.39370080,0.00000000
-1.61776079,0.78740160,0.00000000
-1.61735279,0.00000000,0.00000000
-1.61694479,0.00000000,0.00000000
-1.61653679,0.39370080,0.00000000
-1.61612879,0.00000000,0.00000000
-1.61572079,0.39370080,-0.07874016
-1.61531279,0.39370080,0.00000000
-1.61490479,0.00000000,0.00000000
-1.61449679,0.39370080,-0.07874016
-1.61408879,0.39370080,-0.07874016
-1.61368079,0.39370080,0.00000000
-1.61327279,0.39370080,0.00000000
-1.61286479,0.39370080,-0.07874016
-1.61245679,0.39370080,0.00000000
-1.61204879,0.39370080,-0.07874016
-1.61164079,0.00000000,-0.07874016
-1.61123279,0.39370080,0.00000000
-1.61082479,0.39370080,0.00000000
-1.61041679,0.00000000,0.00000000
-1.61000879,0.39370080,0.00000000
-1.60960079,0.78740160,0.00000000
-1.60919279,0.39370080,0.00000000
-1.60878479,0.39370080,-0.07874016
-1.60837679,0.39370080,0.00000000
-1.60796879,0.39370080,0.00000000
-1.60756079,0.39370080,0.00000000
-1.60715279,0.39370080,0.00000000
-1.60674479,0.78740160,-0.07874016
-1.60633679,0.78740160,-0.07874016
-1.60592879,0.00000000,-0.07874016
-1.60552079,0.00000000,0.00000000
-1.60511279,0.39370080,0.00000000
-1.60470479,0.78740160,-0.07874016
-1.60429679,0.00000000,0.00000000
-1.60388879,0.39370080,-0.07874016
-1.60348079,0.39370080,0.00000000
-1.60307279,0.39370080,0.00000000
-1.60266479,0.00000000,0.00000000
-1.60225679,0.39370080,0.00000000
-1.60184879,0.00000000,0.00000000
-1.60144079,0.39370080,-0.07874016
-1.60103279,0.39370080,0.00000000
-1.60062479,0.39370080,0.00000000
-1.60021679,0.39370080,0.00000000
-1.59980879,0.39370080,0.00000000
-1.59940079,0.39370080,0.00000000
-1.59899279,0.39370080,0.00000000
-1.59858479,0.39370080,0.00000000
-1.59817679,0.39370080,0.00000000
-1.59776879,0.39370080,0.00000000
-1.59736079,0.00000000,-0.07874016
-1.59695279,0.39370080,0.00000000
-1.59654479,0.39370080,-0.07874016
-1.59613679,0.00000000,0.00000000
-1.59572879,0.39370080,0.00000000
-1.59532079,0.39370080,-0.07874016
-1.59491279,0.78740160,0.00000000
-1.59450479,0.39370080,0.00000000
-1.59409679,0.00000000,-0.07874016
-1.59368879,0.39370080,0.00000000
-1.59328079,0.39370080,0.00000000
-1.59287279,0.00000000,0.00000000
-1.59246479,0.78740160,-0.07874016
-1.59205679,0.78740160,0.00000000
-1.59164879,0.00000000,0.00000000
-1.59124079,0.39370080,-0.07874016
-1.59083279,0.39370080,0.00000000
-1.59042479,0.00000000,0.00000000
-1.59001679,0.39370080,0.00000000
-1.58960879,0.00000000,0.00000000
-1.58920079,0.00000000,0.00000000
-1.58879279,0.39370080,-0.07874016
-1.58838479,0.39370080,0.00000000
-1.58797679,0.39370080,0.00000000
-1.58756879,0.00000000,-0.07874016
-1.58716079,0.39370080,0.00000000
-1.58675279,0.78740160,-0.07874016
-1.58634479,0.39370080,0.00000000
-1.58593679,0.39370080,0.00000000
-1.58552879,0.39370080,0.00000000
-1.58512079,0.39370080,0.00000000
-1.58471279,0.39370080,0.00000000
-1.58430479,0.39370080,-0.07874016
-1.58389679,0.00000000,0.00000000
-1.58348879,0.78740160,0.00000000
-1.58308079,0.39370080,0.00000000
-1.58267279,0.39370080,-0.07874016
-1.58226479,0.39370080,-0.07874016
-1.58185679,0.00000000,0.00000000
-1.58144879,0.39370080,-0.07874016
-1.58104079,0.39370080,0.00000000
-1.58063279,0.00000000,0.00000000
-1.58022479,0.39370080,0.00000000
-1.57981679,0.39370080,0.00000000
-1.57940879,0.00000000,0.00000000
-1.57900079,0.39370080,0.00000000
-1.57859279,0.00000000,0.00000000
-1.57818479,0.39370080,0.00000000
-1.57777679,0.39370080,0.00000000
-1.57736879,0.39370080,0.00000000
-1.57696079,0.39370080,0.00000000
-1.57655279,0.00000000,-0.07874016
-1.57614479,0.39370080,-0.07874016
-1.57573679,0.39370080,0.00000000
-1.57532879,0.00000000,0.00000000
-1.57492079,0.39370080,-0.07874016
-1.57451279,0.39370080,-0.07874016
-1.57410479,0.00000000,-0.07874016
-1.57369679,0.39370080,0.00000000
-1.57328879,0.39370080,0.00000000
-1.57288079,0.39370080,0.00000000
-1.57247279,0.00000000,0.00000000
-1.57206479,0.39370080,0.00000000
-1.57165679,0.00000000,0.00000000
-1.57124879,0.39370080,0.00000000
-1.57084079,0.39370080,0.00000000
-1.57043279,0.00000000,0.00000000
-1.57002479,0.00000000,-0.07874016
-1.56961679,0.39370080,-0.07874016
-1.56920879,0.39370080,0.00000000
-1.56880079,0.00000000,-0.07874016
-1.56839279,0.39370080,-0.07874016
-1.56798479,0.78740160,0.00000000
-1.56757679,0.00000000,0.00000000
-1.56716879,0.39370080,0.00000000
-1.56676079,0.39370080,-0.07874016
-1.56635279,0.39370080,0.00000000
-1.56594479,0.39370080,-0.07874016
-1.56553679,0.39370080,-0.07874016
-1.56512879,0.39370080,0.00000000
-1.56472079,0.78740160,-0.07874016
-1.56431279,0.00000000,-0.07874016
-1.56390479,0.39370080,0.00000000
-1.56349679,0.39370080,0.00000000
-1.56308879,0.00000000,-0.07874016
-1.56268079,0.39370080,0.00000000
-1.56227279,0.78740160,0.00000000
-1.56186479,0.00000000,-0.07874016
-1.56145679,0.39370080,-0.07874016
-1.56104879,0.39370080,0.00000000
-1.56064079,0.39370080,-0.07874016
-1.56023279,0.78740160,-0.07874016
-1.55982479,0.39370080,0.00000000
-1.55941679,0.39370080,0.00000000
-1.55900879,0.00000000,-0.07874016
-1.55860079,0.39370080,0.00000000
-1.55819279,0.39370080,0.00000000
-1.55778479,0.39370080,-0.07874016
-1.55737679,0.39370080,0.00000000
-1.55696879,0.39370080,0.00000000
-1.55656079,0.39370080,-0.07874016
-1.55615279,0.78740160,0.00000000
-1.55574479,0.39370080,0.00000000
-1.55533679,0.00000000,0.00000000
-1.55492879,0.39370080,0.00000000
-1.55452079,0.78740160,0.00000000
-1.55411279,0.00000000,0.00000000
-1.55370479,0.39370080,0.00000000
-1.55329679,0.39370080,0.00000000
-1.55288879,0.39370080,0.00000000
-1.55248079,0.39370080,0.00000000
-1.55207279,0.00000000,-0.07874016
-1.55166479,0.78740160,-0.07874016
-1.55125679,0.78740160,0.00000000
-1.55084879,0.00000000,0.00000000
-1.55044079,0.39370080,-0.07874016
-1.55003279,0.78740160,0.00000000
-1.54962479,0.39370080,-0.07874016
-1.54921679,0.39370080,-0.07874016
-1.54880879,0.39370080,0.00000000
-1.54840079,0.78740160,0.00000000
-1.54799279,0.00000000,0.00000000
-1.54758479,0.39370080,-0.07874016
-1.54717679,0.00000000,0.00000000
-1.54676879,0.39370080,0.00000000
-1.54636079,0.39370080,0.00000000
-1.54595279,0.39370080,0.00000000
-1.54554479,0.39370080,0.00000000
-1.54513679,0.39370080,0.00000000
-1.54472879,0.39370080,0.00000000
-1.54432079,0.00000000,-0.07874016
-1.54391279,0.78740160,0.00000000
-1.54350479,0.00000000,0.00000000
-1.54309679,0.00000000,0.00000000
-1.54268879,0.39370080,-0.07874016
-1.54228079,0.39370080,0.00000000
-1.54187279,0.00000000,0.00000000
-1.54146479,0.39370080,0.00000000
-1.54105679,0.78740160,0.00000000
-1.54064879,0.39370080,0.00000000
-1.54024079,0.39370080,-0.07874016
-1.53983279,0.39370080,0.00000000
-1.53942479,0.39370080,0.00000000
-1.53901679,0.00000000,0.00000000
-1.53860879,0.39370080,-0.07874016
-1.53820079,0.78740160,0.00000000
-1.53779279,0.39370080,0.00000000
-1.53738479,0.00000000,0.00000000
-1.53697679,0.39370080,0.00000000
-1.53656880,0.78740160,0.00000000
-1.53616080,0.00000000,0.00000000
-1.53575280,0.39370080,-0.07874016
-1.53534480,0.39370080,0.00000000
-1.53493680,0.39370080,0.00000000
-1.53452880,0.39370080,0.00000000
-1.53412080,0.00000000,0.00000000
-1.53371280,0.78740160,0.00000000
-1.53330480,0.78740160,-0.07874016
-1.53289680,0.00000000,0.00000000
-1.53248880,0.39370080,0.00000000
-1.53208080,0.39370080,0.00000000
-1.53167280,0.00000000,0.00000000
-1.53126480,0.39370080,0.00000000
-1.53085680,0.39370080,0.00000000
-1.53044880,0.39370080,0.00000000
-1.53004080,0.00000000,0.00000000
-1.52963280,0.00000000,0.00000000
-1.52922480,0.78740160,0.00000000
-1.52881680,0.39370080,0.00000000
-1.52840880,0.00000000,0.00000000
-1.52800080,0.39370080,0.00000000
-1.52759280,0.39370080,0.00000000
-1.52718480,0.39370080,0.00000000
-1.52677680,0.39370080,0.00000000
-1.52636880,0.00000000,0.00000000
-1.52596080,0.39370080,0.00000000
-1.52555280,0.39370080,0.00000000
-1.52514480,0.39370080,0.00000000
-1.52473680,0.39370080,0.00000000
-1.52432880,0.00000000,0.00000000
-1.52392080,0.39370080,0.00000000
-1.52351280,0.78740160,0.00000000
-1.52310480,0.00000000,0.00000000
-1.52269680,0.00000000,0.00000000
-1.52228880,0.78740160,0.00000000
-1.52188080,0.39370080,0.00000000
-1.52147280,0.00000000,0.00000000
-1.52106480,0.39370080,-0.07874016
-1.52065680,0.39370080,0.00000000
-1.52024880,0.00000000,0.00000000
-1.51984080,0.00000000,-0.07874016
-1.51943280,0.39370080,0.00000000
-1.51902480,0.39370080,0.00000000
-1.51861680,0.00000000,0.00000000
-1.51820880,0.78740160,0.00000000
-1.51780080,0.00000000,0.00000000
-1.51739280,0.39370080,-0.07874016
-1.51698480,0.39370080,-0.07874016
-1.51657680,0.00000000,-0.07874016
-1.51616880,0.00000000,0.00000000
-1.51576080,0.39370080,0.00000000
-1.51535280,0.39370080,0.00000000
-1.51494480,0.39370080,-0.07874016
-1.51453680,0.39370080,-0.07874016
-1.51412880,0.39370080,0.00000000
-1.51372080,0.00000000,0.00000000
-1.51331280,0.39370080,-0.07874016
-1.51290480,0.39370080,0.00000000
-1.51249680,0.00000000,0.00000000
-1.51208880,0.39370080,0.00000000
-1.51168080,0.39370080,0.00000000
-1.51127280,0.39370080,0.00000000
-1.51086480,0.39370080,0.00000000
-1.51045680,0.39370080,0.00000000
-1.51004880,0.00000000,-0.07874016
-1.50964080,0.39370080,-0.07874016
-1.50923280,0.39370080,0.00000000
-1.50882480,0.39370080,0.00000000
-1.50841680,0.39370080,0.00000000
-1.50800880,0.00000000,0.00000000
-1.50760080,0.00000000,0.00000000
-1.50719280,0.39370080,-0.07874016
-1.50678480,0.39370080,-0.07874016
-1.50637680,0.39370080,0.00000000
-1.50596880,0.39370080,0.00000000
-1.50556080,0.00000000,-0.07874016
-1.50515280,0.00000000,0.00000000
-1.50474480,0.00000000,-0.07874016
-1.50433680,0.39370080,-0.07874016
-1.50392880,0.39370080,-0.07874016
-1.50352080,0.39370080,-0.07874016
-1.50311280,0.39370080,0.00000000
-1.50270480,0.39370080,0.00000000
-1.50229680,0.00000000,0.00000000
-1.50188880,0.39370080,0.00000000
-1.50148080,0.39370080,0.00000000
-1.50107280,0.39370080,0.00000000
-1.50066480,0.00000000,0.00000000
-1.50025680,0.39370080,-0.07874016
-1.49984880,0.39370080,0.00000000
-1.49944080,0.39370080,-0.07874016
-1.49903280,0.39370080,0.00000000
-1.49862480,0.39370080,0.00000000
-1.49821680,0.39370080,0.00000000
-1.49780880,0.39370080,0.00000000
-1.49740080,0.78740160,0.00000000
-1.49699280,0.39370080,0.00000000
-1.49658480,0.00000000,0.00000000
-1.49617680,0.39370080,0.00000000
-1.49576880,0.39370080,0.00000000
-1.49536080,0.39370080,0.00000000
-1.49495280,0.39370080,0.00000000
-1.49454480,0.39370080,-0.07874016
-1.49413680,0.78740160,0.00000000
-1.49372880,0.00000000,0.00000000
-1.49332080,0.78740160,0.00000000
-1.49291280,0.00000000,0.00000000
-1.49250480,0.00000000,0.00000000
-1.49209680,0.39370080,0.00000000
-1.49168880,0.00000000,-0.07874016
-1.49128080,0.39370080,0.00000000
-1.49087280,0.00000000,0.00000000
-1.49046480,0.39370080,0.00000000
-1.49005680,0.39370080,0.00000000
-1.48964880,0.78740160,-0.07874016
-1.48924080,0.39370080,0.00000000
-1.48883280,0.39370080,-0.07874016
-1.48842480,0.39370080,0.00000000
-1.48801680,0.39370080,0.00000000
-1.48760880,0.39370080,0.00000000
-1.48720080,0.39370080,0.00000000
-1.48679280,0.39370080,0.00000000
-1.48638480,0.39370080,0.00000000
-1.48597680,0.39370080,0.00000000
-1.48556880,0.78740160,-0.07874016
-1.48516080,0.39370080,0.00000000
-1.48475280,0.39370080,-0.07874016
-1.48434480,0.39370080,0.00000000
-1.48393680,0.78740160,-0.07874016
-1.48352880,0.39370080,0.00000000
-1.48312080,0.39370080,0.00000000
-1.48271280,0.39370080,0.00000000
-1.48230480,0.39370080,0.00000000
-1.48189680,0.00000000,-0.07874016
-1.48148880,0.00000000,-0.07874016
-1.48108080,0.39370080,0.00000000
-1.48067280,0.39370080,0.00000000
-1.48026480,0.39370080,0.00000000
-1.47985680,0.39370080,0.00000000
-1.47944880,0.00000000,0.00000000
-1.47904080,0.39370080,-0.07874016
-1.47863280,0.39370080,-0.07874016
-1.47822480,0.39370080,-0.07874016
-1.47781680,0.39370080,0.00000000
-1.47740880,0.00000000,0.00000000
-1.47700080,0.39370080,-0.07874016
-1.47659280,0.39370080,0.00000000
-1.47618480,0.39370080,0.00000000
-1.47577680,0.00000000,-0.07874016
-1.47536880,0.78740160,0.00000000
-1.47496080,0.39370080,0.00000000
-1.47455280,0.39370080,0.00000000
-1.47414480,0.39370080,0.00000000
-1.47373680,0.39370080,0.00000000
-1.47332880,0.39370080,-0.07874016
-1.47292080,0.00000000,0.00000000
-1.47251280,0.39370080,0.00000000
-1.47210480,0.39370080,0.00000000
-1.47169680,0.39370080,0.00000000
-1.47128880,0.39370080,0.00000000
-1.47088080,0.39370080,0.00000000
-1.47047280,0.00000000,0.00000000
-1.47006480,0.39370080,-0.07874016
-1.46965680,0.00000000,0.00000000
-1.46924880,0.39370080,0.00000000
-1.46884080,0.39370080,0.00000000
-1.46843280,0.39370080,0.00000000
-1.46802480,0.39370080,0.00000000
-1.46761680,0.39370080,-0.07874016
-1.46720880,0.39370080,0.00000000
-1.46680080,0.39370080,0.00000000
-1.46639280,0.00000000,0.00000000
-1.46598480,0.00000000,0.00000000
-1.46557680,0.00000000,-0.07874016
-1.46516880,0.39370080,0.00000000
-1.46476080,0.39370080,0.00000000
-1.46435280,0.39370080,0.00000000
-1.46394480,0.39370080,0.00000000
-1.46353680,0.78740160,-0.07874016
-1.46312880,0.39370080,0.00000000
-1.46272080,0.39370080,0.00000000
-1.46231280,0.00000000,0.00000000
-1.46190480,0.39370080,0.00000000
-1.46149680,0.39370080,0.00000000
-1.46108880,0.39370080,0.00000000
-1.46068080,0.39370080,0.00000000
-1.46027280,0.39370080,0.00000000
-1.45986480,0.00000000,0.00000000
-1.45945680,0.39370080,0.00000000
-1.45904880,0.39370080,0.00000000
-1.45864080,0.39370080,0.00000000
-1.45823280,0.39370080,0.00000000
-1.45782480,0.39370080,0.00000000
-1.45741680,0.00000000,0.00000000
-1.45700880,0.78740160,0.00000000
-1.45660080,0.39370080,-0.07874016
-1.45619280,0.39370080,0.00000000
-1.45578480,0.00000000,0.00000000
-1.45537680,0.39370080,-0.07874016
-1.45496880,0.39370080,0.00000000
-1.45456080,0.39370080,-0.07874016
-1.45415280,0.00000000,0.00000000
-1.45374480,0.39370080,-0.07874016
-1.45333680,0.00000000,0.00000000
-1.45292880,0.39370080,0.00000000
-1.45252080,0.78740160,0.00000000
-1.45211280,0.39370080,0.00000000
-1.45170480,0.00000000,0.00000000
-1.45129680,0.39370080,-0.07874016
-1.45088880,0.39370080,0.00000000
-1.45048080,0.39370080,0.00000000
-1.45007280,0.00000000,0.00000000
-1.44966480,0.39370080,-0.07874016
-1.44925680,0.39370080,0.00000000
-1.44884880,0.39370080,0.00000000
-1.44844080,0.39370080,0.00000000
-1.44803280,0.39370080,0.00000000
-1.44762480,0.00000000,0.00000000
-1.44721680,0.39370080,-0.07874016
-1.44680880,0.39370080,0.00000000
-1.44640080,0.39370080,0.00000000
-1.44599280,0.39370080,0.00000000
-1.44558480,0.39370080,0.00000000
-1.44517680,0.39370080,0.00000000
-1.44476880,0.39370080,-0.07874016
-1.44436080,0.39370080,-0.07874016
-1.44395280,0.39370080,0.00000000
-1.44354480,0.00000000,0.00000000
-1.44313680,0.39370080,0.00000000
-1.44272880,0.39370080,0.00000000
-1.44232080,0.39370080,0.00000000
-1.44191280,0.39370080,0.00000000
-1.44150480,0.39370080,-0.07874016
-1.44109680,0.00000000,0.00000000
-1.44068880,0.39370080,0.00000000
-1.44028080,0.39370080,0.00000000
-1.43987280,0.00000000,0.00000000
-1.43946480,0.39370080,0.00000000
-1.43905680,0.39370080,0.00000000
-1.43864880,0.00000000,0.00000000
-1.43824080,0.39370080,-0.07874016
-1.43783280,0.39370080,0.00000000
-1.43742480,0.00000000,-0.07874016
-1.43701680,0.39370080,0.00000000
-1.43660880,0.39370080,0.00000000
-1.43620080,0.39370080,-0.07874016
-1.43579280,0.39370080,-0.07874016
-1.43538480,0.39370080,0.00000000
-1.43497680,0.39370080,-0.07874016
-1.43456880,0.39370080,0.00000000
-1.43416080,0.39370080,0.00000000
-1.43375280,0.39370080,0.00000000
-1.43334480,0.39370080,0.00000000
-1.43293680,0.39370080,0.00000000
-1.43252880,0.39370080,0.00000000
-1.43212080,0.39370080,-0.07874016
-1.43171280,0.39370080,0.00000000
-1.43130480,0.39370080,0.00000000
-1.43089680,0.78740160,0.00000000
-1.43048880,0.39370080,0.00000000
-1.43008080,0.39370080,0.00000000
-1.42967280,0.39370080,0.00000000
-1.42926480,0.78740160,0.00000000
-1.42885680,0.39370080,0.00000000
-1.42844880,0.39370080,0.00000000
-1.42804080,0.39370080,-0.07874016
-1.42763280,0.39370080,-0.07874016
-1.42722480,0.78740160,0.00000000
-1.42681680,0.00000000,0.00000000
-1.42640880,0.00000000,0.00000000
-1.42600080,0.39370080,0.00000000
-1.42559280,0.39370080,0.00000000
-1.42518480,0.39370080,0.00000000
-1.42477680,0.39370080,0.00000000
-1.42436880,0.00000000,0.00000000
-1.42396080,0.39370080,0.00000000
-1.42355280,0.39370080,0.00000000
-1.42314480,0.39370080,0.00000000
-1.42273680,0.78740160,0.00000000
-1.42232880,0.39370080,0.00000000
-1.42192080,0.39370080,0.00000000
-1.42151280,0.39370080,0.00000000
-1.42110480,0.00000000,0.00000000
-1.42069680,0.39370080,0.00000000
-1.42028880,0.39370080,-0.07874016
-1.41988080,0.39370080,0.00000000
-1.41947280,0.39370080,0.00000000
-1.41906480,0.39370080,-0.07874016
-1.41865680,0.78740160,0.00000000
-1.41824880,0.39370080,0.00000000
-1.41784080,0.39370080,0.00000000
-1.41743280,0.00000000,0.00000000
-1.41702480,0.39370080,0.00000000
-1.41661680,0.39370080,0.00000000
-1.41620880,0.39370080,0.00000000
-1.41580080,0.00000000,0.00000000
-1.41539280,0.39370080,-0.07874016
-1.41498480,0.00000000,0.00000000
-1.41457680,0.39370080,0.00000000
-1.41416880,0.39370080,0.00000000
-1.41376080,0.78740160,0.00000000
-1.41335280,0.39370080,-0.07874016
-1.41294480,0.78740160,0.00000000
-1.41253680,0.39370080,0.00000000
-1.41212880,0.00000000,0.00000000
-1.41172080,0.39370080,0.00000000
-1.41131280,0.39370080,0.00000000
-1.41090480,0.78740160,0.00000000
-1.41049680,0.39370080,0.00000000
-1.41008880,0.39370080,0.00000000
-1.40968080,0.39370080,0.00000000
-1.40927280,0.39370080,0.00000000
-1.40886480,0.39370080,0.00000000
-1.40845680,0.39370080,0.00000000
-1.40804880,0.78740160,0.00000000
-1.40764080,0.39370080,0.00000000
-1.40723280,0.78740160,0.00000000
-1.40682480,0.00000000,0.00000000
-1.40641680,0.39370080,0.00000000
-1.40600880,0.00000000,0.00000000
-1.40560080,0.39370080,0.00000000
-1.40519280,0.39370080,0.00000000
-1.40478480,0.39370080,-0.07874016
-1.40437680,0.39370080,0.00000000
-1.40396880,0.39370080,0.00000000
-1.40356080,0.39370080,-0.07874016
-1.40315280,0.00000000,0.00000000
-1.40274480,0.78740160,0.00000000
-1.40233680,0.39370080,-0.07874016
-1.40192880,0.00000000,0.00000000
-1.40152080,0.00000000,0.00000000
-1.40111280,0.39370080,0.00000000
-1.40070480,0.39370080,0.00000000
-1.40029680,0.00000000,0.00000000
-1.39988880,0.39370080,0.00000000
-1.39948080,0.39370080,0.00000000
-1.39907280,0.39370080,0.00000000
-1.39866480,0.39370080,-0.07874016
-1.39825680,0.00000000,0.00000000
-1.39784880,0.39370080,0.00000000
-1.39744080,0.39370080,0.00000000
-1.39703280,0.39370080,0.00000000
-1.39662480,0.39370080,0.00000000
-1.39621680,0.39370080,0.00000000
-1.39580880,0.39370080,0.00000000
-1.39540080,0.39370080,0.00000000
-1.39499280,0.39370080,-0.07874016
-1.39458480,0.39370080,0.00000000
-1.39417680,0.39370080,0.00000000
-1.39376880,0.39370080,0.00000000
-1.39336080,0.39370080,-0.07874016
-1.39295280,0.39370080,-0.07874016
-1.39254480,0.39370080,0.00000000
-1.39213680,0.39370080,0.00000000
-1.39172880,0.39370080,-0.07874016
-1.39132080,0.39370080,0.00000000
-1.39091280,0.78740160,0.00000000
-1.39050480,0.39370080,0.00000000
-1.39009680,0.78740160,0.00000000
-1.38968880,0.39370080,0.00000000
-1.38928080,0.39370080,0.00000000
-1.38887280,0.39370080,0.00000000
-1.38846480,0.39370080,0.00000000
-1.38805680,0.39370080,0.00000000
-1.38764880,0.00000000,0.00000000
-1.38724080,0.39370080,0.00000000
-1.38683280,0.39370080,0.00000000
-1.38642480,0.00000000,0.00000000
-1.38601680,0.39370080,-0.07874016
-1.38560880,0.39370080,0.00000000
-1.38520080,0.39370080,0.00000000
-1.38479280,0.39370080,-0.07874016
-1.38438480,0.39370080,-0.07874016
-1.38397680,0.00000000,0.00000000
-1.38356880,0.39370080,0.00000000
-1.38316080,0.39370080,0.00000000
-1.38275280,0.39370080,-0.07874016
-1.38234480,0.78740160,0.00000000
-1.38193680,0.78740160,0.00000000
-1.38152880,0.00000000,0.00000000
-1.38112080,0.78740160,0.00000000
-1.38071280,0.00000000,0.00000000
-1.38030480,0.39370080,0.00000000
-1.37989680,0.00000000,0.00000000
-1.37948880,0.39370080,0.00000000
-1.37908080,0.39370080,0.00000000
-1.37867280,0.39370080,0.00000000
-1.37826480,0.39370080,0.00000000
-1.37785680,0.39370080,-0.07874016
-1.37744880,0.39370080,0.00000000
-1.37704080,0.39370080,-0.07874016
-1.37663280,0.39370080,0.00000000
-1.37622480,0.00000000,-0.07874016
-1.37581680,0.39370080,-0.07874016
-1.37540880,0.39370080,-0.07874016
-1.37500080,0.39370080,0.00000000
-1.37459280,0.39370080,-0.07874016
-1.37418480,0.39370080,0.00000000
-1.37377680,0.39370080,0.00000000
-1.37336880,0.39370080,0.00000000
-1.37296080,0.39370080,0.00000000
-1.37255280,0.39370080,0.00000000
-1.37214480,0.39370080,0.00000000
-1.37173680,0.39370080,0.00000000
-1.37132880,0.39370080,0.00000000
-1.37092080,0.00000000,0.00000000
-1.37051280,0.39370080,0.00000000
-1.37010480,0.00000000,0.00000000
-1.36969680,0.39370080,0.00000000
-1.36928880,0.39370080,-0.07874016
-1.36888080,0.78740160,0.00000000
-1.36847280,0.00000000,0.00000000
-1.36806480,0.39370080,0.00000000
-1.36765680,0.00000000,0.00000000
-1.36724880,0.39370080,0.00000000
-1.36684080,0.39370080,-0.07874016
-1.36643280,0.39370080,0.00000000
-1.36602480,0.39370080,0.00000000
-1.36561680,0.39370080,0.00000000
-1.36520880,0.39370080,0.00000000
-1.36480080,0.39370080,0.00000000
-1.36439280,0.00000000,0.00000000
-1.36398480,0.39370080,0.00000000
-1.36357680,0.39370080,0.00000000
-1.36316880,0.78740160,0.00000000
-1.36276080,0.39370080,-0.07874016
-1.36235280,0.39370080,0.00000000
-1.36194480,0.39370080,0.00000000
-1.36153680,0.39370080,0.00000000
-1.36112880,0.39370080,0.00000000
-1.36072080,0.39370080,0.00000000
-1.36031280,0.39370080,-0.07874016
-1.35990481,0.39370080,-0.07874016
-1.35949681,0.00000000,0.00000000
-1.35908881,0.00000000,0.00000000
-1.35868081,0.00000000,-0.07874016
-1.35827281,0.39370080,0.00000000
-1.35786481,0.39370080,0.00000000
-1.35745681,0.39370080,-0.07874016
-1.35704881,0.39370080,0.00000000
-1.35664081,0.39370080,0.00000000
-1.35623281,0.78740160,0.00000000
-1.35582481,0.00000000,-0.07874016
-1.35541681,0.39370080,-0.07874016
-1.35500881,0.39370080,0.00000000
-1.35460081,0.00000000,-0.07874016
-1.35419281,0.39370080,0.00000000
-1.35378481,0.39370080,-0.07874016
-1.35337681,0.00000000,-0.07874016
-1.35296881,0.78740160,0.00000000
-1.35256081,0.39370080,0.00000000
-1.35215281,0.39370080,0.00000000
-1.35174481,0.39370080,0.00000000
-1.35133681,0.39370080,0.00000000
-1.35092881,0.39370080,-0.07874016
-1.35052081,0.00000000,0.00000000
-1.35011281,0.39370080,-0.07874016
-1.34970481,0.39370080,0.00000000
-1.34929681,0.00000000,0.00000000
-1.34888881,0.39370080,0.00000000
-1.34848081,0.39370080,0.00000000
-1.34807281,0.00000000,0.00000000
-1.34766481,0.39370080,-0.07874016
-1.34725681,0.39370080,0.00000000
-1.34684881,0.39370080,0.00000000
-1.34644081,0.39370080,0.00000000
-1.34603281,0.00000000,0.00000000
-1.34562481,0.39370080,0.00000000
-1.34521681,0.39370080,-0.07874016
-1.34480881,0.00000000,0.00000000
-1.34440081,0.39370080,0.00000000
-1.34399281,0.39370080,0.00000000
-1.34358481,0.39370080,0.00000000
-1.34317681,0.39370080,0.00000000
-1.34276881,0.39370080,0.00000000
-1.34236081,0.39370080,0.00000000
-1.34195281,0.39370080,0.00000000
-1.34154481,0.39370080,0.00000000
-1.34113681,0.00000000,-0.07874016
-1.34072881,0.39370080,0.00000000
-1.34032081,0.39370080,0.00000000
-1.33991281,0.39370080,-0.07874016
-1.33950481,0.39370080,-0.07874016
-1.33909681,0.00000000,0.00000000
-1.33868881,0.39370080,0.00000000
-1.33828081,0.00000000,0.00000000
-1.33787281,0.00000000,-0.07874016
-1.33746481,0.39370080,0.00000000
-1.33705681,0.39370080,-0.07874016
-1.33664881,0.78740160,0.00000000
-1.33624081,0.00000000,-0.07874016
-1.33583281,0.78740160,-0.07874016
-1.33542481,0.39370080,0.00000000
-1.33501681,0.00000000,0.00000000
-1.33460881,0.00000000,0.00000000
-1.33420081,0.78740160,-0.07874016
-1.33379281,0.00000000,-0.07874016
-1.33338481,0.39370080,0.00000000
-1.33297681,0.39370080,0.00000000
-1.33256881,0.39370080,0.00000000
-1.33216081,0.39370080,0.00000000
-1.33175281,0.39370080,0.00000000
-1.33134481,0.78740160,0.00000000
-1.33093681,0.39370080,0.00000000
-1.33052881,0.00000000,0.00000000
-1.33012081,0.78740160,0.00000000
-1.32971281,0.00000000,-0.07874016
-1.32930481,0.00000000,0.00000000
-1.32889681,0.39370080,0.00000000
-1.32848881,0.39370080,0.00000000
-1.32808081,0.00000000,0.00000000
-1.32767281,0.39370080,0.00000000
-1.32726481,0.00000000,0.00000000
-1.32685681,0.78740160,0.00000000
-1.32644881,0.39370080,0.00000000
-1.32604081,0.00000000,0.00000000
-1.32563281,0.39370080,0.00000000
-1.32522481,0.00000000,0.00000000
-1.32481681,0.39370080,-0.07874016
-1.32440881,0.39370080,-0.07874016
-1.32400081,0.39370080,0.00000000
-1.32359281,0.39370080,0.00000000
-1.32318481,0.39370080,0.00000000
-1.32277681,0.39370080,-0.07874016
-1.32236881,0.39370080,0.00000000
-1.32196081,0.39370080,-0.07874016
-1.32155281,0.39370080,0.00000000
-1.32114481,0.39370080,0.00000000
-1.32073681,0.00000000,0.00000000
-1.32032881,0.39370080,0.00000000
-1.31992081,0.39370080,0.00000000
-1.31951281,0.00000000,0.00000000
-1.31910481,0.39370080,0.00000000
-1.31869681,0.00000000,0.00000000
-1.31828881,0.39370080,-0.07874016
-1.31788081,0.00000000,0.00000000
-1.31747281,0.00000000,-0.07874016
-1.31706481,0.39370080,0.00000000
-1.31665681,0.39370080,-0.07874016
-1.31624881,0.78740160,-0.07874016
-1.31584081,0.00000000,0.00000000
-1.31543281,0.39370080,0.00000000
-1.31502481,0.39370080,0.00000000
-1.31461681,0.39370080,0.00000000
-1.31420881,0.39370080,0.00000000
-1.31380081,0.39370080,0.00000000
-1.31339281,0.39370080,0.00000000
-1.31298481,0.39370080,0.00000000
-1.31257681,0.39370080,-0.07874016
-1.31216881,0.39370080,0.00000000
-1.31176081,0.39370080,0.00000000
-1.31135281,0.00000000,0.00000000
-1.31094481,0.00000000,-0.07874016
-1.31053681,0.39370080,0.00000000
-1.31012881,0.39370080,-0.07874016
-1.30972081,0.00000000,0.00000000
-1.30931281,0.39370080,0.00000000
-1.30890481,0.00000000,0.00000000
-1.30849681,0.39370080,0.00000000
-1.30808881,0.39370080,-0.07874016
-1.30768081,0.78740160,0.00000000
-1.30727281,0.39370080,0.00000000
-1.30686481,0.39370080,0.00000000
-1.30645681,0.39370080,0.00000000
-1.30604881,0.39370080,-0.07874016
-1.30564081,0.39370080,0.00000000
-1.30523281,0.39370080,-0.07874016
-1.30482481,0.39370080,-0.07874016
-1.30441681,0.39370080,0.00000000
-1.30400881,0.39370080,0.00000000
-1.30360081,0.39370080,0.00000000
-1.30319281,0.78740160,0.00000000
-1.30278481,0.39370080,0.00000000
-1.30237681,0.00000000,0.00000000
-1.30196881,0.39370080,0.00000000
-1.30156081,0.39370080,0.00000000
-1.30115281,0.39370080,-0.07874016
-1.30074481,0.39370080,0.00000000
-1.30033681,0.39370080,-0.07874016
-1.29992881,0.39370080,0.00000000
-1.29952081,0.39370080,0.00000000
-1.29911281,0.39370080,0.00000000
-1.29870481,0.39370080,0.00000000
-1.29829681,0.39370080,0.00000000
-1.29788881,0.39370080,0.00000000
-1.29748081,0.39370080,0.00000000
-1.29707281,0.00000000,0.00000000
-1.29666481,0.39370080,0.00000000
-1.29625681,0.39370080,0.00000000
-1.29584881,0.39370080,-0.07874016
-1.29544081,0.39370080,0.00000000
-1.29503281,0.39370080,0.00000000
-1.29462481,0.39370080,0.00000000
-1.29421681,0.00000000,0.00000000
-1.29380881,0.39370080,0.00000000
-1.29340081,0.39370080,0.00000000
-1.29299281,0.39370080,-0.07874016
-1.29258481,0.39370080,0.00000000
-1.29217681,0.00000000,0.00000000
-1.29176881,0.39370080,0.00000000
-1.29136081,0.78740160,0.00000000
-1.29095281,0.39370080,0.00000000
-1.29054481,0.39370080,-0.07874016
-1.29013681,0.00000000,0.00000000
-1.28972881,0.00000000,0.00000000
-1.28932081,0.00000000,0.00000000
-1.28891281,0.39370080,0.00000000
-1.28850481,0.00000000,0.00000000
-1.28809681,0.39370080,-0.07874016
-1.28768881,0.39370080,0.00000000
-1.28728081,0.00000000,0.00000000
-1.28687281,0.39370080,0.00000000
-1.28646481,0.39370080,0.00000000
-1.28605681,0.39370080,0.00000000
-1.28564881,0.78740160,0.00000000
-1.28524081,0.39370080,0.00000000
-1.28483281,0.39370080,0.00000000
-1.28442481,0.39370080,0.00000000
-1.28401681,0.39370080,0.00000000
-1.28360881,0.39370080,0.00000000
-1.28320081,0.39370080,-0.07874016
-1.28279281,0.39370080,0.00000000
-1.28238481,0.39370080,0.00000000
-1.28197681,0.39370080,0.00000000
-1.28156881,0.39370080,0.00000000
-1.28116081,0.39370080,0.00000000
-1.28075281,0.39370080,-0.07874016
-1.28034481,0.39370080,0.00000000
-1.27993681,0.39370080,0.00000000
-1.27952881,0.39370080,0.00000000
-1.27912081,0.39370080,0.00000000
-1.27871281,0.39370080,-0.07874016
-1.27830481,0.78740160,0.00000000
-1.27789681,0.39370080,0.00000000
-1.27748881,0.00000000,0.00000000
-1.27708081,0.39370080,0.00000000
-1.27667281,0.00000000,0.00000000
-1.27626481,0.39370080,0.00000000
-1.27585681,0.78740160,0.00000000
-1.27544881,0.39370080,-0.07874016
-1.27504081,0.39370080,0.00000000
-1.27463281,0.39370080,0.00000000
-1.27422481,0.39370080,0.00000000
-1.27381681,0.00000000,0.00000000
-1.27340881,0.39370080,0.00000000
-1.27300081,0.39370080,0.00000000
-1.27259281,0.78740160,-0.07874016
-1.27218481,0.00000000,-0.07874016
-1.27177681,0.78740160,0.00000000
-1.27136881,0.39370080,0.00000000
-1.27096081,0.39370080,0.00000000
-1.27055281,0.39370080,0.00000000
-1.27014481,0.39370080,0.00000000
-1.26973681,0.39370080,0.00000000
-1.26932881,0.78740160,-0.07874016
-1.26892081,0.39370080,0.00000000
-1.26851281,0.39370080,0.00000000
-1.26810481,0.00000000,-0.07874016
-1.26769681,0.39370080,0.00000000
-1.26728881,0.39370080,-0.07874016
-1.26688081,0.39370080,-0.07874016
-1.26647281,0.39370080,0.00000000
-1.26606481,0.39370080,-0.07874016
-1.26565681,0.00000000,0.00000000
-1.26524881,0.39370080,-0.07874016
-1.26484081,0.39370080,0.00000000
-1.26443281,0.00000000,0.00000000
-1.26402481,0.39370080,-0.07874016
-1.26361681,0.39370080,0.00000000
-1.26320881,0.00000000,0.00000000
-1.26280081,0.39370080,-0.07874016
-1.26239281,0.00000000,0.00000000
-1.26198481,0.78740160,-0.07874016
-1.26157681,0.39370080,0.00000000
-1.26116881,0.00000000,0.00000000
-1.26076081,0.39370080,0.00000000
-1.26035281,0.39370080,0.00000000
-1.25994481,0.39370080,0.00000000
-1.25953681,0.78740160,-0.07874016
-1.25912881,0.00000000,0.00000000
-1.25872081,0.39370080,0.00000000
-1.25831281,0.00000000,0.00000000
-1.25790481,0.39370080,-0.07874016
-1.25749681,0.78740160,0.00000000
-1.25708881,0.39370080,-0.07874016
-1.25668081,0.00000000,0.00000000
-1.25627281,0.39370080,0.00000000
-1.25586481,0.39370080,0.00000000
-1.25545681,0.39370080,0.00000000
-1.25504881,0.39370080,0.00000000
-1.25464081,0.39370080,0.00000000
-1.25423281,0.39370080,0.00000000
-1.25382481,0.39370080,-0.07874016
-1.25341681,0.39370080,0.00000000
-1.25300881,0.39370080,0.00000000
-1.25260081,0.00000000,0.00000000
-1.25219281,0.39370080,0.00000000
-1.25178481,0.39370080,0.00000000
-1.25137681,0.00000000,-0.07874016
-1.25096881,0.39370080,0.00000000
-1.25056081,0.39370080,0.00000000
-1.25015281,0.00000000,0.00000000
-1.24974481,0.39370080,-0.07874016
-1.24933681,0.39370080,-0.07874016
-1.24892881,0.39370080,0.00000000
-1.24852081,0.00000000,0.00000000
-1.24811281,0.78740160,0.00000000
-1.24770481,0.39370080,0.00000000
-1.24729681,0.00000000,0.00000000
-1.24688881,0.39370080,0.00000000
-1.24648081,0.78740160,-0.07874016
-1.24607281,0.00000000,0.00000000
-1.24566481,0.39370080,0.00000000
-1.24525681,0.00000000,0.00000000
-1.24484881,0.39370080,0.00000000
-1.24444081,0.78740160,0.00000000
-1.24403281,0.39370080,-0.07874016
-1.24362481,0.39370080,0.00000000
-1.24321681,0.39370080,0.00000000
-1.24280881,0.00000000,0.00000000
-1.24240081,0.39370080,0.00000000
-1.24199281,0.39370080,0.00000000
-1.24158481,0.39370080,0.00000000
-1.24117681,0.39370080,0.00000000
-1.24076881,0.39370080,-0.07874016
-1.24036081,0.39370080,0.00000000
-1.23995281,0.39370080,0.00000000
-1.23954481,0.39370080,0.00000000
-1.23913681,0.00000000,0.00000000
-1.23872881,0.39370080,0.00000000
-1.23832081,0.00000000,0.00000000
-1.23791281,0.39370080,0.00000000
-1.23750481,0.39370080,-0.07874016
-1.23709681,0.39370080,0.00000000
-1.23668881,0.78740160,0.00000000
-1.23628081,0.39370080,0.00000000
-1.23587281,0.00000000,-0.07874016
-1.23546481,0.00000000,0.00000000
-1.23505681,0.39370080,0.00000000
-1.23464881,0.39370080,0.00000000
-1.23424081,0.39370080,0.00000000
-1.23383281,0.00000000,0.00000000
-1.23342481,0.39370080,0.00000000
-1.23301681,0.00000000,0.00000000
-1.23260881,0.39370080,-0.07874016
-1.23220081,0.39370080,0.00000000
-1.23179281,0.39370080,0.00000000
-1.23138481,0.39370080,0.00000000
-1.23097681,0.39370080,0.00000000
-1.23056881,0.39370080,-0.07874016
-1.23016081,0.39370080,-0.07874016
-1.22975281,0.39370080,0.00000000
-1.22934481,0.39370080,0.00000000
-1.22893681,0.78740160,-0.07874016
-1.22852881,0.00000000,0.00000000
-1.22812081,0.39370080,0.00000000
-1.22771281,0.39370080,-0.07874016
-1.22730481,0.39370080,0.00000000
-1.22689681,0.39370080,0.00000000
-1.22648881,0.39370080,0.00000000
-1.22608081,0.39370080,0.00000000
-1.22567281,0.39370080,0.00000000
-1.22526481,0.39370080,0.00000000
-1.22485681,0.39370080,-0.07874016
-1.22444881,0.39370080,0.00000000
-1.22404081,0.39370080,0.00000000
-1.22363281,0.39370080,0.00000000
-1.22322481,0.39370080,0.00000000
-1.22281681,0.39370080,0.00000000
-1.22240881,0.39370080,0.00000000
-1.22200081,0.78740160,0.00000000
-1.22159281,0.78740160,0.00000000
-1.22118481,0.39370080,0.00000000
-1.22077681,0.39370080,0.00000000
-1.22036881,0.39370080,0.00000000
-1.21996081,0.39370080,0.00000000
-1.21955281,0.78740160,0.00000000
-1.21914481,0.39370080,0.00000000
-1.21873681,0.39370080,-0.07874016
-1.21832881,0.00000000,0.00000000
-1.21792081,0.39370080,-0.07874016
-1.21751281,0.39370080,0.00000000
-1.21710481,0.39370080,-0.07874016
-1.21669681,0.39370080,0.00000000
-1.21628881,0.39370080,0.00000000
-1.21588081,0.39370080,0.00000000
-1.21547281,0.39370080,-0.07874016
-1.21506481,0.78740160,0.00000000
-1.21465681,0.39370080,0.00000000
-1.21424881,0.39370080,0.00000000
-1.21384081,0.39370080,0.00000000
-1.21343281,0.00000000,0.00000000
-1.21302481,0.00000000,0.00000000
-1.21261681,0.00000000,0.00000000
-1.21220881,0.39370080,-0.07874016
-1.21180081,0.39370080,0.00000000
-1.21139281,0.39370080,0.00000000
-1.21098481,0.39370080,0.00000000
-1.21057681,0.39370080,0.00000000
-1.21016881,0.39370080,0.00000000
-1.20976081,0.39370080,0.00000000
-1.20935281,0.39370080,-0.07874016
-1.20894481,0.39370080,0.00000000
-1.20853681,0.39370080,-0.07874016
-1.20812881,0.39370080,0.00000000
-1.20772081,0.39370080,0.00000000
-1.20731281,0.39370080,0.00000000
-1.20690481,0.39370080,0.00000000
-1.20649681,0.39370080,0.00000000
-1.20608881,0.39370080,0.00000000
-1.20568081,0.78740160,0.00000000
-1.20527281,0.39370080,0.00000000
-1.20486481,0.39370080,-0.07874016
-1.20445681,0.39370080,0.00000000
-1.20404881,0.39370080,0.00000000
-1.20364081,0.00000000,0.00000000
-1.20323281,0.00000000,0.00000000
-1.20282481,0.39370080,0.00000000
-1.20241681,0.39370080,0.00000000
-1.20200881,0.39370080,0.00000000
-1.20160081,0.39370080,0.00000000
-1.20119281,0.39370080,0.00000000
-1.20078481,0.39370080,-0.07874016
-1.20037681,0.39370080,0.00000000
-1.19996881,0.39370080,0.00000000
-1.19956081,0.39370080,0.00000000
-1.19915281,0.39370080,0.00000000
-1.19874481,0.39370080,0.00000000
-1.19833681,0.39370080,-0.07874016
-1.19792881,0.39370080,0.00000000
-1.19752081,0.39370080,0.00000000
-1.19711281,0.39370080,0.00000000
-1.19670481,0.39370080,0.00000000
-1.19629681,0.39370080,0.00000000
-1.19588881,0.39370080,0.00000000
-1.19548081,0.39370080,0.00000000
-1.19507281,0.39370080,0.00000000
-1.19466481,0.39370080,-0.07874016
-1.19425681,0.78740160,0.00000000
-1.19384881,0.39370080,0.00000000
-1.19344081,0.78740160,-0.07874016
-1.19303281,0.39370080,0.00000000
-1.19262481,0.78740160,0.00000000
-1.19221681,0.39370080,0.00000000
-1.19180881,0.00000000,0.00000000
-1.19140081,0.00000000,0.00000000
-1.19099281,0.00000000,0.00000000
-1.19058481,0.00000000,0.00000000
-1.19017681,0.39370080,0.00000000
-1.18976881,0.39370080,0.00000000
-1.18936081,0.00000000,0.00000000
-1.18895281,0.39370080,-0.07874016
-1.18854481,0.39370080,-0.07874016
-1.18813681,0.78740160,0.00000000
-1.18772881,0.39370080,0.00000000
-1.18732081,0.39370080,0.00000000
-1.18691281,0.39370080,0.00000000
-1.18650481,0.00000000,0.00000000
-1.18609681,0.39370080,0.00000000
-1.18568881,0.39370080,0.00000000
-1.18528081,0.39370080,0.00000000
-1.18487281,0.39370080,0.00000000
-1.18446481,0.39370080,0.00000000
-1.18405681,0.39370080,0.00000000
-1.18364881,0.39370080,0.00000000
-1.18324082,0.39370080,0.00000000
-1.18283282,0.39370080,0.00000000
-1.18242482,0.00000000,0.00000000
-1.18201682,0.39370080,0.00000000
-1.18160882,0.78740160,0.00000000
-1.18120082,0.39370080,0.00000000
-1.18079282,0.00000000,0.00000000
-1.18038482,0.39370080,0.00000000
-1.17997682,0.39370080,-0.07874016
-1.17956882,0.39370080,0.00000000
-1.17916082,0.00000000,0.00000000
-1.17875282,0.00000000,0.00000000
-1.17834482,0.39370080,0.00000000
-1.17793682,0.39370080,0.00000000
-1.17752882,0.39370080,0.00000000
-1.17712082,0.39370080,0.00000000
-1.17671282,0.00000000,0.00000000
-1.17630482,0.39370080,0.00000000
-1.17589682,0.39370080,0.00000000
-1.17548882,0.39370080,-0.07874016
-1.17508082,0.39370080,0.00000000
-1.17467282,0.39370080,0.00000000
-1.17426482,0.39370080,0.00000000
-1.17385682,0.00000000,0.00000000
-1.17344882,0.00000000,-0.07874016
-1.17304082,0.39370080,0.00000000
-1.17263282,0.39370080,0.00000000
-1.17222482,0.39370080,0.00000000
-1.17181682,0.39370080,0.00000000
-1.17140882,0.39370080,-0.07874016
-1.17100082,0.39370080,0.00000000
-1.17059282,0.78740160,0.00000000
-1.17018482,0.00000000,-0.07874016
-1.16977682,0.39370080,0.00000000
-1.16936882,0.39370080,0.00000000
-1.16896082,0.00000000,0.00000000
-1.16855282,0.39370080,0.00000000
-1.16814482,0.39370080,-0.07874016
-1.16773682,0.39370080,0.00000000
-1.16732882,0.78740160,-0.07874016
-1.16692082,0.39370080,-0.07874016
-1.16651282,0.39370080,0.00000000
-1.16610482,0.00000000,0.00000000
-1.16569682,0.00000000,-0.07874016
-1.16528882,0.39370080,0.00000000
-1.16488082,0.39370080,0.00000000
-1.16447282,0.39370080,0.00000000
-1.16406482,0.00000000,0.00000000
-1.16365682,0.39370080,0.00000000
-1.16324882,0.39370080,-0.07874016
-1.16284082,0.39370080,-0.07874016
-1.16243282,0.39370080,-0.07874016
-1.16202482,0.39370080,0.00000000
-1.16161682,0.39370080,-0.07874016
-1.16120882,0.00000000,0.00000000
-1.16080082,0.78740160,-0.07874016
-1.16039282,0.39370080,0.00000000
-1.15998482,0.00000000,0.00000000
-1.15957682,0.39370080,0.00000000
-1.15916882,0.39370080,0.00000000
-1.15876082,0.39370080,-0.07874016
-1.15835282,0.39370080,0.00000000
-1.15794482,0.39370080,0.00000000
-1.15753682,0.78740160,0.00000000
-1.15712882,0.39370080,0.00000000
-1.15672082,0.39370080,-0.07874016
-1.15631282,0.39370080,0.00000000
-1.15590482,0.39370080,-0.07874016
-1.15549682,0.39370080,-0.07874016
-1.15508882,0.39370080,0.00000000
-1.15468082,0.39370080,0.00000000
-1.15427282,0.39370080,-0.07874016
-1.15386482,0.39370080,0.00000000
-1.15345682,0.39370080,-0.07874016
-1.15304882,0.39370080,0.00000000
-1.15264082,0.39370080,-0.07874016
-1.15223282,0.39370080,0.00000000
-1.15182482,0.39370080,-0.07874016
-1.15141682,0.39370080,0.00000000
-1.15100882,0.39370080,0.00000000
-1.15060082,0.39370080,0.00000000
-1.15019282,0.00000000,0.00000000
-1.14978482,0.39370080,0.00000000
-1.14937682,0.00000000,0.00000000
-1.14896882,0.39370080,0.00000000
-1.14856082,0.39370080,-0.07874016
-1.14815282,0.39370080,0.00000000
-1.14774482,0.39370080,0.00000000
-1.14733682,0.39370080,0.00000000
-1.14692882,0.39370080,0.00000000
-1.14652082,0.39370080,-0.07874016
-1.14611282,0.39370080,-0.07874016
-1.14570482,0.39370080,0.00000000
-1.14529682,0.39370080,0.00000000
-1.14488882,0.39370080,0.00000000
-1.14448082,0.78740160,0.00000000
-1.14407282,0.00000000,0.00000000
-1.14366482,0.78740160,0.00000000
-1.14325682,0.39370080,0.00000000
-1.14284882,0.00000000,0.00000000
-1.14244082,0.39370080,0.00000000
-1.14203282,0.78740160,0.00000000
-1.14162482,0.39370080,0.00000000
-1.14121682,0.39370080,0.00000000
-1.14080882,0.39370080,0.00000000
-1.14040082,0.39370080,0.00000000
-1.13999282,0.39370080,0.00000000
-1.13958482,0.39370080,0.00000000
-1.13917682,0.39370080,0.00000000
-1.13876882,0.39370080,-0.07874016
-1.13836082,0.39370080,0.00000000
-1.13795282,0.39370080,0.00000000
-1.13754482,0.00000000,0.00000000
-1.13713682,0.78740160,-0.07874016
-1.13672882,0.39370080,0.00000000
-1.13632082,0.39370080,-0.07874016
-1.13591282,0.00000000,0.00000000
-1.13550482,0.39370080,0.00000000
-1.13509682,0.39370080,0.00000000
-1.13468882,0.39370080,0.00000000
-1.13428082,0.39370080,0.00000000
-1.13387282,0.39370080,0.00000000
-1.13346482,0.39370080,0.00000000
-1.13305682,0.39370080,-0.07874016
-1.13264882,0.39370080,0.00000000
-1.13224082,0.39370080,0.00000000
-1.13183282,0.39370080,0.00000000
-1.13142482,0.39370080,0.00000000
-1.13101682,0.00000000,0.00000000
-1.13060882,0.39370080,-0.07874016
-1.13020082,0.39370080,0.00000000
-1.12979282,0.00000000,0.00000000
-1.12938482,0.00000000,0.00000000
-1.12897682,0.39370080,0.00000000
-1.12856882,0.39370080,0.00000000
-1.12816082,0.00000000,0.00000000
-1.12775282,0.39370080,0.00000000
-1.12734482,0.39370080,-0.07874016
-1.12693682,0.00000000,0.00000000
-1.12652882,0.39370080,-0.07874016
-1.12612082,0.39370080,0.00000000
-1.12571282,0.39370080,-0.07874016
-1.12530482,0.39370080,0.00000000
-1.12489682,0.00000000,-0.07874016
-1.12448882,0.00000000,0.00000000
-1.12408082,0.39370080,0.00000000
-1.12367282,0.00000000,0.00000000
-1.12326482,0.39370080,0.00000000
-1.12285682,0.39370080,0.00000000
-1.12244882,0.39370080,0.00000000
-1.12204082,0.39370080,-0.07874016
-1.12163282,0.39370080,-0.07874016
-1.12122482,0.39370080,0.00000000
-1.12081682,0.39370080,0.00000000
-1.12040882,0.39370080,0.00000000
-1.12000082,0.39370080,0.00000000
-1.11959282,0.39370080,-0.07874016
-1.11918482,0.39370080,0.00000000
-1.11877682,0.39370080,0.00000000
-1.11836882,0.39370080,0.00000000
-1.11796082,0.39370080,0.00000000
-1.11755282,0.39370080,-0.07874016
-1.11714482,0.39370080,0.00000000
-1.11673682,0.00000000,0.00000000
-1.11632882,1.18110200,0.00000000
-1.11592082,0.39370080,0.00000000
-1.11551282,0.39370080,0.00000000
-1.11510482,0.39370080,0.00000000
-1.11469682,0.39370080,0.00000000
-1.11428882,0.39370080,0.00000000
-1.11388082,0.39370080,0.00000000
-1.11347282,0.00000000,0.00000000
-1.11306482,0.00000000,0.00000000
-1.11265682,0.39370080,0.00000000
-1.11224882,0.39370080,0.00000000
-1.11184082,0.39370080,-0.07874016
-1.11143282,0.39370080,0.00000000
-1.11102482,0.39370080,0.00000000
-1.11061682,0.39370080,0.00000000
-1.11020882,0.39370080,0.00000000
-1.10980082,0.39370080,0.00000000
-1.10939282,0.00000000,0.00000000
-1.10898482,0.39370080,0.00000000
-1.10857682,0.39370080,-0.07874016
-1.10816882,0.39370080,0.00000000
-1.10776082,0.39370080,0.00000000
-1.10735282,0.00000000,0.00000000
-1.10694482,0.00000000,0.00000000
-1.10653682,0.39370080,0.00000000
-1.10612882,0.00000000,0.00000000
-1.10572082,0.39370080,0.00000000
-1.10531282,0.39370080,0.00000000
-1.10490482,0.39370080,0.00000000
-1.10449682,0.39370080,0.00000000
-1.10408882,0.00000000,0.00000000
-1.10368082,0.39370080,0.00000000
-1.10327282,0.39370080,0.00000000
-1.10286482,0.39370080,0.00000000
-1.10245682,0.39370080,0.00000000
-1.10204882,0.39370080,0.00000000
-1.10164082,0.39370080,0.00000000
-1.10123282,0.39370080,0.00000000
-1.10082482,0.39370080,0.00000000
-1.10041682,0.00000000,0.00000000
-1.10000882,0.39370080,0.00000000
-1.09960082,0.00000000,0.00000000
-1.09919282,0.00000000,0.00000000
-1.09878482,0.39370080,0.00000000
-1.09837682,0.39370080,0.00000000
-1.09796882,0.39370080,0.00000000
-1.09756082,0.39370080,0.00000000
-1.09715282,0.39370080,0.00000000
-1.09674482,0.78740160,-0.07874016
-1.09633682,0.39370080,0.00000000
-1.09592882,0.39370080,0.00000000
-1.09552082,0.00000000,0.00000000
-1.09511282,0.39370080,0.00000000
-1.09470482,0.39370080,0.00000000
-1.09429682,0.39370080,0.00000000
-1.09388882,0.00000000,0.00000000
-1.09348082,0.39370080,0.00000000
-1.09307282,0.39370080,-0.07874016
-1.09266482,0.39370080,0.00000000
-1.09225682,0.39370080,0.00000000
-1.09184882,0.39370080,0.00000000
-1.09144082,0.78740160,-0.07874016
-1.09103282,0.39370080,-0.07874016
-1.09062482,0.39370080,0.00000000
-1.09021682,0.78740160,-0.07874016
-1.08980882,0.39370080,0.00000000
-1.08940082,0.00000000,0.00000000
-1.08899282,0.39370080,-0.07874016
-1.08858482,0.39370080,0.00000000
-1.08817682,0.39370080,0.00000000
-1.08776882,0.39370080,0.00000000
-1.08736082,0.39370080,-0.07874016
-1.08695282,0.39370080,0.00000000
-1.08654482,0.39370080,0.00000000
-1.08613682,0.39370080,0.00000000
-1.08572882,0.39370080,0.00000000
-1.08532082,0.39370080,0.00000000
-1.08491282,0.39370080,0.00000000
-1.08450482,0.00000000,-0.07874016
-1.08409682,0.39370080,0.00000000
-1.08368882,0.39370080,0.00000000
-1.08328082,0.39370080,-0.07874016
-1.08287282,0.39370080,0.00000000
-1.08246482,0.00000000,0.00000000
-1.08205682,0.39370080,0.00000000
-1.08164882,0.39370080,0.00000000
-1.08124082,0.00000000,0.00000000
-1.08083282,0.39370080,-0.07874016
-1.08042482,0.39370080,-0.07874016
-1.08001682,0.39370080,0.00000000
-1.07960882,0.39370080,-0.07874016
-1.07920082,0.39370080,0.00000000
-1.07879282,0.00000000,0.00000000
-1.07838482,0.39370080,-0.07874016
-1.07797682,0.00000000,0.00000000
-1.07756882,0.39370080,-0.07874016
-1.07716082,0.39370080,0.00000000
-1.07675282,0.00000000,0.00000000
-1.07634482,0.39370080,0.00000000
-1.07593682,0.78740160,0.00000000
-1.07552882,0.39370080,0.00000000
-1.07512082,0.39370080,0.00000000
-1.07471282,0.39370080,-0.07874016
-1.07430482,0.39370080,0.00000000
-1.07389682,0.39370080,-0.07874016
-1.07348882,0.39370080,0.00000000
-1.07308082,0.39370080,-0.07874016
-1.07267282,0.39370080,0.00000000
-1.07226482,0.39370080,0.00000000
-1.07185682,0.39370080,-0.07874016
-1.07144882,0.00000000,0.00000000
-1.07104082,0.39370080,0.00000000
-1.07063282,0.39370080,0.00000000
-1.07022482,0.39370080,0.00000000
-1.06981682,0.39370080,0.00000000
-1.06940882,0.39370080,0.00000000
-1.06900082,0.00000000,0.00000000
-1.06859282,0.39370080,-0.07874016
-1.06818482,0.39370080,-0.07874016
-1.06777682,0.39370080,-0.07874016
-1.06736882,0.39370080,0.00000000
-1.06696082,0.39370080,0.00000000
-1.06655282,0.39370080,-0.07874016
-1.06614482,0.39370080,0.00000000
-1.06573682,0.39370080,0.00000000
-1.06532882,0.78740160,-0.07874016
-1.06492082,0.39370080,0.00000000
-1.06451282,0.39370080,0.00000000
-1.06410482,0.39370080,0.00000000
-1.06369682,0.39370080,0.00000000
-1.06328882,0.39370080,0.00000000
-1.06288082,0.78740160,0.00000000
-1.06247282,0.00000000,0.00000000
-1.06206482,0.39370080,-0.07874016
-1.06165682,0.39370080,0.00000000
-1.06124882,0.39370080,-0.07874016
-1.06084082,0.39370080,0.00000000
-1.06043282,0.00000000,0.00000000
-1.06002482,0.39370080,0.00000000
-1.05961682,0.00000000,0.00000000
-1.05920882,0.39370080,0.00000000
-1.05880082,0.78740160,-0.07874016
-1.05839282,0.39370080,0.00000000
-1.05798482,0.39370080,-0.07874016
-1.05757682,0.39370080,0.00000000
-1.05716882,0.00000000,-0.07874016
-1.05676082,0.39370080,0.00000000
-1.05635282,0.78740160,0.00000000
-1.05594482,0.39370080,0.00000000
-1.05553682,0.39370080,-0.07874016
-1.05512882,0.00000000,0.00000000
-1.05472082,0.39370080,-0.07874016
-1.05431282,0.39370080,0.00000000
-1.05390482,0.39370080,0.00000000
-1.05349682,0.39370080,0.00000000
-1.05308882,0.39370080,0.00000000
-1.05268082,0.39370080,0.00000000
-1.05227282,0.39370080,0.00000000
-1.05186482,0.00000000,0.00000000
-1.05145682,0.39370080,0.00000000
-1.05104882,0.39370080,0.00000000
-1.05064082,0.39370080,-0.07874016
-1.05023282,0.78740160,-0.07874016
-1.04982482,0.39370080,0.00000000
-1.04941682,0.39370080,0.00000000
-1.04900882,0.39370080,0.00000000
-1.04860082,0.00000000,0.00000000
-1.04819282,0.39370080,0.00000000
-1.04778482,0.39370080,0.00000000
-1.04737682,0.39370080,-0.07874016
-1.04696882,0.39370080,0.00000000
-1.04656082,0.39370080,-0.07874016
-1.04615282,0.39370080,0.00000000
-1.04574482,0.39370080,-0.07874016
-1.04533682,0.39370080,0.00000000
-1.04492882,0.39370080,0.00000000
-1.04452082,0.39370080,0.00000000
-1.04411282,0.39370080,0.00000000
-1.04370482,0.39370080,0.00000000
-1.04329682,0.78740160,0.00000000
-1.04288882,0.39370080,0.00000000
-1.04248082,0.39370080,-0.07874016
-1.04207282,0.39370080,0.00000000
-1.04166482,0.39370080,-0.07874016
-1.04125682,0.00000000,0.00000000
-1.04084882,0.39370080,0.00000000
-1.04044082,0.39370080,-0.07874016
-1.04003282,0.39370080,0.00000000
-1.03962482,0.00000000,0.00000000
-1.03921682,0.39370080,0.00000000
-1.03880882,0.39370080,0.00000000
-1.03840082,0.39370080,0.00000000
-1.03799282,0.39370080,-0.07874016
-1.03758482,0.39370080,0.00000000
-1.03717682,0.00000000,0.00000000
-1.03676882,0.39370080,-0.07874016
-1.03636082,0.39370080,0.00000000
-1.03595282,0.39370080,-0.07874016
-1.03554482,0.39370080,0.00000000
-1.03513682,0.39370080,0.00000000
-1.03472882,0.39370080,0.00000000
-1.03432082,0.78740160,0.00000000
-1.03391282,0.39370080,0.00000000
-1.03350482,0.39370080,-0.07874016
-1.03309682,0.00000000,0.00000000
-1.03268882,0.39370080,-0.07874016
-1.03228082,0.39370080,0.00000000
-1.03187282,0.39370080,0.00000000
-1.03146482,0.39370080,0.00000000
-1.03105682,0.39370080,-0.07874016
-1.03064882,0.39370080,0.00000000
-1.03024082,0.00000000,0.00000000
-1.02983282,0.39370080,0.00000000
-1.02942482,0.00000000,0.00000000
-1.02901682,0.39370080,0.00000000
-1.02860882,0.39370080,0.00000000
-1.02820082,0.39370080,-0.07874016
-1.02779282,0.39370080,0.00000000
-1.02738482,0.00000000,0.00000000
-1.02697682,0.39370080,-0.07874016
-1.02656882,0.39370080,0.00000000
-1.02616082,0.39370080,0.00000000
-1.02575282,0.00000000,0.00000000
-1.02534482,0.39370080,0.00000000
-1.02493682,0.39370080,-0.07874016
-1.02452882,0.00000000,0.00000000
-1.02412082,0.39370080,0.00000000
-1.02371282,0.39370080,-0.07874016
-1.02330482,0.39370080,0.00000000
-1.02289682,0.00000000,-0.07874016
-1.02248882,0.39370080,-0.07874016
-1.02208082,0.39370080,0.00000000
-1.02167282,0.39370080,-0.07874016
-1.02126482,0.39370080,0.00000000
-1.02085682,0.39370080,-0.07874016
-1.02044882,0.39370080,0.00000000
-1.02004082,0.39370080,0.00000000
-1.01963282,0.78740160,0.00000000
-1.01922482,0.39370080,0.00000000
-1.01881682,0.39370080,0.00000000
-1.01840882,0.00000000,0.00000000
-1.01800082,0.78740160,0.00000000
-1.01759282,0.78740160,0.00000000
-1.01718482,0.39370080,0.00000000
-1.01677682,0.39370080,0.00000000
-1.01636882,0.39370080,0.00000000
-1.01596082,0.39370080,-0.07874016
-1.01555282,0.39370080,0.00000000
-1.01514482,0.39370080,0.00000000
-1.01473682,0.39370080,-0.07874016
-1.01432882,0.39370080,0.00000000
-1.01392082,0.39370080,0.00000000
-1.01351282,0.39370080,0.00000000
-1.01310482,0.39370080,0.00000000
-1.01269682,0.00000000,0.00000000
-1.01228882,0.39370080,0.00000000
-1.01188082,0.39370080,0.00000000
-1.01147282,0.39370080,0.00000000
-1.01106482,0.39370080,0.00000000
-1.01065682,0.39370080,0.00000000
-1.01024882,0.39370080,0.00000000
-1.00984082,0.39370080,0.00000000
-1.00943282,0.39370080,0.00000000
-1.00902482,0.39370080,0.00000000
-1.00861682,0.39370080,0.00000000
-1.00820882,0.39370080,0.00000000
-1.00780082,0.39370080,0.00000000
-1.00739282,0.39370080,0.00000000
-1.00698482,0.39370080,-0.07874016
-1.00657683,0.39370080,-0.07874016
-1.00616883,0.39370080,0.00000000
-1.00576083,0.39370080,0.00000000
-1.00535283,0.00000000,0.00000000
-1.00494483,0.39370080,0.00000000
-1.00453683,0.00000000,0.00000000
-1.00412883,0.39370080,-0.07874016
-1.00372083,0.39370080,0.00000000
-1.00331283,0.39370080,0.00000000
-1.00290483,0.39370080,0.00000000
-1.00249683,0.39370080,-0.07874016
-1.00208883,0.00000000,0.00000000
-1.00168083,0.39370080,0.00000000
-1.00127283,0.39370080,0.00000000
-1.00086483,0.39370080,-0.07874016
-1.00045683,0.00000000,0.00000000
-1.00004883,0.39370080,0.00000000
-0.99964083,0.00000000,0.00000000
-0.99923283,0.39370080,0.00000000
-0.99882483,0.00000000,0.00000000
-0.99841683,0.39370080,0.00000000
-0.99800883,0.39370080,0.00000000
-0.99760083,0.39370080,0.00000000
-0.99719283,0.39370080,0.00000000
-0.99678483,0.39370080,0.00000000
-0.99637683,0.00000000,0.00000000
-0.99596883,0.39370080,0.00000000
-0.99556083,0.39370080,0.00000000
-0.99515283,0.39370080,0.00000000
-0.99474483,0.39370080,-0.07874016
-0.99433683,0.39370080,0.00000000
-0.99392883,0.39370080,0.00000000
-0.99352083,0.39370080,-0.07874016
-0.99311283,0.00000000,-0.07874016
-0.99270483,0.39370080,0.00000000
-0.99229683,0.39370080,-0.07874016
-0.99188883,0.39370080,-0.07874016
-0.99148083,0.39370080,-0.07874016
-0.99107283,0.39370080,0.00000000
-0.99066483,0.39370080,0.00000000
-0.99025683,0.39370080,-0.07874016
-0.98984883,0.39370080,0.00000000
-0.98944083,0.78740160,-0.07874016
-0.98903283,0.39370080,0.00000000
-0.98862483,0.39370080,0.00000000
-0.98821683,0.39370080,0.00000000
-0.98780883,0.00000000,-0.07874016
-0.98740083,0.39370080,0.00000000
-0.98699283,0.39370080,0.00000000
-0.98658483,0.39370080,0.00000000
-0.98617683,0.78740160,0.00000000
-0.98576883,0.39370080,0.00000000
-0.98536083,0.39370080,0.00000000
-0.98495283,0.00000000,0.00000000
-0.98454483,0.39370080,0.00000000
-0.98413683,0.78740160,0.00000000
-0.98372883,0.00000000,-0.07874016
-0.98332083,0.39370080,0.00000000
-0.98291283,0.78740160,0.00000000
-0.98250483,0.39370080,0.00000000
-0.98209683,0.39370080,-0.07874016
-0.98168883,0.39370080,0.00000000
-0.98128083,0.00000000,0.00000000
-0.98087283,0.00000000,0.00000000
-0.98046483,0.39370080,-0.07874016
-0.98005683,0.39370080,0.00000000
-0.97964883,0.78740160,-0.07874016
-0.97924083,0.39370080,0.00000000
-0.97883283,0.00000000,0.00000000
-0.97842483,0.39370080,0.00000000
-0.97801683,0.39370080,0.00000000
-0.97760883,0.78740160,0.00000000
-0.97720083,0.39370080,0.00000000
-0.97679283,0.39370080,0.00000000
-0.97638483,0.39370080,-0.07874016
-0.97597683,0.39370080,0.00000000
-0.97556883,0.39370080,0.00000000
-0.97516083,0.39370080,0.00000000
-0.97475283,0.39370080,0.00000000
-0.97434483,0.00000000,-0.07874016
-0.97393683,0.00000000,-0.07874016
-0.97352883,0.39370080,0.00000000
-0.97312083,0.39370080,-0.07874016
-0.97271283,0.00000000,-0.07874016
-0.97230483,0.39370080,0.00000000
-0.97189683,0.39370080,0.00000000
-0.97148883,0.39370080,0.00000000
-0.97108083,0.39370080,0.00000000
-0.97067283,0.39370080,-0.07874016
-0.97026483,0.39370080,0.00000000
-0.96985683,0.39370080,-0.07874016
-0.96944883,0.39370080,0.00000000
-0.96904083,0.00000000,-0.07874016
-0.96863283,0.39370080,0.00000000
-0.96822483,0.39370080,0.00000000
-0.96781683,0.39370080,0.00000000
-0.96740883,0.39370080,0.00000000
-0.96700083,0.39370080,-0.07874016
-0.96659283,0.39370080,0.00000000
-0.96618483,0.39370080,0.00000000
-0.96577683,0.39370080,0.00000000
-0.96536883,0.39370080,0.00000000
-0.96496083,0.39370080,0.00000000
-0.96455283,0.39370080,0.00000000
-0.96414483,0.39370080,0.00000000
-0.96373683,0.00000000,0.00000000
-0.96332883,0.00000000,0.00000000
-0.96292083,0.00000000,0.00000000
-0.96251283,0.39370080,-0.07874016
-0.96210483,0.39370080,0.00000000
-0.96169683,0.39370080,0.00000000
-0.96128883,0.39370080,0.00000000
-0.96088083,0.00000000,-0.07874016
-0.96047283,0.39370080,0.00000000
-0.96006483,0.78740160,0.00000000
-0.95965683,0.39370080,0.00000000
-0.95924883,0.39370080,0.00000000
-0.95884083,0.39370080,-0.07874016
-0.95843283,0.39370080,-0.07874016
-0.95802483,0.39370080,0.00000000
-0.95761683,0.00000000,0.00000000
-0.95720883,0.39370080,0.00000000
-0.95680083,0.39370080,0.00000000
-0.95639283,0.39370080,0.00000000
-0.95598483,0.39370080,0.00000000
-0.95557683,0.00000000,0.00000000
-0.95516883,0.00000000,-0.07874016
-0.95476083,0.39370080,0.00000000
-0.95435283,0.39370080,-0.07874016
-0.95394483,0.00000000,0.00000000
-0.95353683,0.39370080,0.00000000
-0.95312883,0.39370080,0.00000000
-0.95272083,0.39370080,0.00000000
-0.95231283,0.00000000,0.00000000
-0.95190483,0.39370080,-0.07874016
-0.95149683,0.39370080,0.00000000
-0.95108883,0.00000000,-0.07874016
-0.95068083,0.39370080,0.00000000
-0.95027283,0.39370080,-0.07874016
-0.94986483,0.39370080,0.00000000
-0.94945683,0.39370080,0.00000000
-0.94904883,0.39370080,0.00000000
-0.94864083,0.00000000,0.00000000
-0.94823283,0.39370080,-0.07874016
-0.94782483,0.78740160,0.00000000
-0.94741683,0.39370080,0.00000000
-0.94700883,0.39370080,-0.07874016
-0.94660083,0.39370080,0.00000000
-0.94619283,0.00000000,0.00000000
-0.94578483,0.39370080,0.00000000
-0.94537683,0.39370080,0.00000000
-0.94496883,0.39370080,0.00000000
-0.94456083,0.39370080,-0.07874016
-0.94415283,0.39370080,-0.07874016
-0.94374483,0.39370080,0.00000000
-0.94333683,0.00000000,0.00000000
-0.94292883,0.39370080,0.00000000
-0.94252083,0.39370080,0.00000000
-0.94211283,0.00000000,0.00000000
-0.94170483,0.39370080,-0.07874016
-0.94129683,0.39370080,0.00000000
-0.94088883,0.00000000,0.00000000
-0.94048083,0.78740160,0.00000000
-0.94007283,0.00000000,0.00000000
-0.93966483,0.39370080,0.00000000
-0.93925683,0.00000000,0.00000000
-0.93884883,0.00000000,0.00000000
-0.93844083,0.39370080,0.00000000
-0.93803283,0.39370080,-0.07874016
-0.93762483,0.78740160,0.00000000
-0.93721683,0.39370080,0.00000000
-0.93680883,0.00000000,0.00000000
-0.93640083,0.39370080,0.00000000
-0.93599283,0.39370080,-0.07874016
-0.93558483,0.39370080,0.00000000
-0.93517683,0.39370080,-0.07874016
-0.93476883,0.39370080,0.00000000
-0.93436083,0.00000000,0.00000000
-0.93395283,0.00000000,0.00000000
-0.93354483,0.00000000,0.00000000
-0.93313683,0.00000000,0.00000000
-0.93272883,0.00000000,0.00000000
-0.93232083,0.78740160,0.00000000
-0.93191283,0.39370080,0.00000000
-0.93150483,0.39370080,0.00000000
-0.93109683,0.00000000,0.00000000
-0.93068883,0.39370080,-0.07874016
-0.93028083,0.00000000,-0.07874016
-0.92987283,0.78740160,0.00000000
-0.92946483,0.39370080,0.00000000
-0.92905683,0.39370080,0.00000000
-0.92864883,0.39370080,-0.07874016
-0.92824083,0.00000000,0.00000000
-0.92783283,0.39370080,0.00000000
-0.92742483,0.78740160,-0.07874016
-0.92701683,0.39370080,-0.07874016
-0.92660883,0.39370080,0.00000000
-0.92620083,0.39370080,0.00000000
-0.92579283,0.39370080,0.00000000
-0.92538483,0.00000000,0.00000000
-0.92497683,0.39370080,0.00000000
-0.92456883,0.39370080,0.00000000
-0.92416083,0.39370080,0.00000000
-0.92375283,0.39370080,0.00000000
-0.92334483,0.39370080,-0.07874016
-0.92293683,0.39370080,0.00000000
-0.92252883,0.39370080,0.00000000
-0.92212083,0.39370080,0.00000000
-0.92171283,0.39370080,0.00000000
-0.92130483,0.39370080,0.00000000
-0.92089683,0.39370080,0.00000000
-0.92048883,0.39370080,-0.07874016
-0.92008083,0.39370080,0.00000000
-0.91967283,0.39370080,0.00000000
-0.91926483,0.39370080,0.00000000
-0.91885683,0.39370080,-0.07874016
-0.91844883,0.39370080,0.00000000
-0.91804083,0.39370080,0.00000000
-0.91763283,0.78740160,0.00000000
-0.91722483,0.39370080,0.00000000
-0.91681683,0.78740160,-0.07874016
-0.91640883,0.39370080,0.00000000
-0.91600083,0.39370080,0.00000000
-0.91559283,0.39370080,0.00000000
-0.91518483,0.39370080,-0.07874016
-0.91477683,0.39370080,0.00000000
-0.91436883,0.39370080,0.00000000
-0.91396083,0.39370080,0.00000000
-0.91355283,0.00000000,-0.07874016
-0.91314483,0.39370080,0.00000000
-0.91273683,0.00000000,-0.07874016
-0.91232883,0.39370080,0.00000000
-0.91192083,0.39370080,0.00000000
-0.91151283,0.39370080,0.00000000
-0.91110483,0.39370080,0.00000000
-0.91069683,0.00000000,0.00000000
-0.91028883,0.39370080,-0.07874016
-0.90988083,0.39370080,0.00000000
-0.90947283,0.00000000,0.00000000
-0.90906483,0.39370080,0.00000000
-0.90865683,0.39370080,-0.07874016
-0.90824883,0.00000000,-0.07874016
-0.90784083,0.39370080,-0.07874016
-0.90743283,0.39370080,0.00000000
-0.90702483,0.39370080,0.00000000
-0.90661683,0.39370080,0.00000000
-0.90620883,0.39370080,0.00000000
-0.90580083,0.39370080,0.00000000
-0.90539283,0.39370080,0.00000000
-0.90498483,0.39370080,0.00000000
-0.90457683,0.00000000,0.00000000
-0.90416883,0.00000000,0.00000000
-0.90376083,0.00000000,0.00000000
-0.90335283,0.00000000,0.00000000
-0.90294483,0.39370080,0.00000000
-0.90253683,0.39370080,0.00000000
-0.90212883,0.00000000,0.00000000
-0.90172083,0.39370080,0.00000000
-0.90131283,0.39370080,-0.07874016
-0.90090483,0.00000000,0.00000000
-0.90049683,0.39370080,0.00000000
-0.90008883,0.39370080,0.00000000
-0.89968083,0.39370080,0.00000000
-0.89927283,0.39370080,-0.07874016
-0.89886483,0.00000000,0.00000000
-0.89845683,0.00000000,0.00000000
-0.89804883,0.39370080,-0.07874016
-0.89764083,0.39370080,-0.07874016
-0.89723283,0.39370080,-0.07874016
-0.89682483,0.39370080,0.00000000
-0.89641683,0.39370080,0.00000000
-0.89600883,0.39370080,0.00000000
-0.89560083,0.39370080,0.00000000
-0.89519283,0.39370080,0.00000000
-0.89478483,0.39370080,-0.07874016
-0.89437683,0.39370080,-0.07874016
-0.89396883,0.39370080,-0.07874016
-0.89356083,0.39370080,0.00000000
-0.89315283,0.39370080,-0.07874016
-0.89274483,0.00000000,0.00000000
-0.89233683,0.00000000,0.00000000
-0.89192883,0.39370080,-0.07874016
-0.89152083,0.39370080,0.00000000
-0.89111283,0.39370080,0.00000000
-0.89070483,0.39370080,0.00000000
-0.89029683,0.39370080,0.00000000
-0.88988883,0.39370080,0.00000000
-0.88948083,0.39370080,0.00000000
-0.88907283,0.00000000,0.00000000
-0.88866483,0.00000000,0.00000000
-0.88825683,0.39370080,0.00000000
-0.88784883,0.39370080,0.00000000
-0.88744083,0.39370080,0.00000000
-0.88703283,0.00000000,0.00000000
-0.88662483,0.39370080,0.00000000
-0.88621683,0.39370080,0.00000000
-0.88580883,0.00000000,0.00000000
-0.88540083,0.00000000,0.00000000
-0.88499283,0.39370080,0.00000000
-0.88458483,0.39370080,0.00000000
-0.88417683,0.39370080,0.00000000
-0.88376883,0.39370080,-0.07874016
-0.88336083,0.39370080,0.00000000
-0.88295283,0.39370080,-0.07874016
-0.88254483,0.00000000,0.00000000
-0.88213683,0.39370080,0.00000000
-0.88172883,0.00000000,0.00000000
-0.88132083,0.00000000,0.00000000
-0.88091283,0.39370080,-0.07874016
-0.88050483,0.39370080,0.00000000
-0.88009683,0.00000000,-0.07874016
-0.87968883,0.39370080,-0.07874016
-0.87928083,0.39370080,-0.07874016
-0.87887283,0.39370080,0.00000000
-0.87846483,0.39370080,-0.07874016
-0.87805683,0.00000000,0.00000000
-0.87764883,0.39370080,0.00000000
-0.87724083,0.39370080,0.00000000
-0.87683283,0.39370080,-0.07874016
-0.87642483,0.00000000,0.00000000
-0.87601683,0.39370080,0.00000000
-0.87560883,0.39370080,0.00000000
-0.87520083,0.39370080,0.00000000
-0.87479283,0.39370080,0.00000000
-0.87438483,0.78740160,0.00000000
-0.87397683,0.39370080,0.00000000
-0.87356883,0.39370080,0.00000000
-0.87316083,0.39370080,0.00000000
-0.87275283,0.39370080,-0.07874016
-0.87234483,0.39370080,0.00000000
-0.87193683,0.00000000,0.00000000
-0.87152883,0.39370080,0.00000000
-0.87112083,0.39370080,-0.07874016
-0.87071283,0.39370080,0.00000000
-0.87030483,0.39370080,0.00000000
-0.86989683,0.39370080,0.00000000
-0.86948883,0.39370080,0.00000000
-0.86908083,0.39370080,-0.07874016
-0.86867283,0.00000000,0.00000000
-0.86826483,0.39370080,0.00000000
-0.86785683,0.39370080,0.00000000
-0.86744883,0.00000000,0.00000000
-0.86704083,0.39370080,0.00000000
-0.86663283,0.00000000,0.00000000
-0.86622483,0.78740160,0.00000000
-0.86581683,0.39370080,0.00000000
-0.86540883,0.00000000,0.00000000
-0.86500083,0.39370080,-0.07874016
-0.86459283,0.78740160,-0.07874016
-0.86418483,0.00000000,0.00000000
-0.86377683,0.39370080,0.00000000
-0.86336883,0.39370080,0.00000000
-0.86296083,0.39370080,-0.07874016
-0.86255283,0.39370080,0.00000000
-0.86214483,0.39370080,0.00000000
-0.86173683,0.39370080,0.00000000
-0.86132883,0.39370080,0.00000000
-0.86092083,0.00000000,0.00000000
-0.86051283,0.39370080,0.00000000
-0.86010483,0.39370080,0.00000000
-0.85969683,0.00000000,-0.07874016
-0.85928883,0.39370080,0.00000000
-0.85888083,0.39370080,0.00000000
-0.85847283,0.39370080,0.00000000
-0.85806483,0.39370080,0.00000000
-0.85765683,0.39370080,0.00000000
-0.85724883,0.39370080,-0.07874016
-0.85684083,0.39370080,0.00000000
-0.85643283,0.39370080,-0.07874016
-0.85602483,0.39370080,0.00000000
-0.85561683,0.39370080,-0.07874016
-0.85520883,0.00000000,0.00000000
-0.85480083,0.39370080,0.00000000
-0.85439283,0.00000000,-0.07874016
-0.85398483,0.39370080,-0.07874016
-0.85357683,0.00000000,0.00000000
-0.85316883,0.00000000,0.00000000
-0.85276083,0.39370080,0.00000000
-0.85235283,0.39370080,0.00000000
-0.85194483,0.00000000,0.00000000
-0.85153683,0.39370080,0.00000000
-0.85112883,0.39370080,0.00000000
-0.85072083,0.39370080,-0.07874016
-0.85031283,0.78740160,0.00000000
-0.84990483,0.39370080,-0.07874016
-0.84949683,0.39370080,-0.07874016
-0.84908883,0.39370080,0.00000000
-0.84868083,0.78740160,-0.07874016
-0.84827283,0.39370080,0.00000000
-0.84786483,0.39370080,0.00000000
-0.84745683,0.39370080,-0.07874016
-0.84704883,0.39370080,0.00000000
-0.84664083,0.39370080,-0.07874016
-0.84623283,0.00000000,0.00000000
-0.84582483,0.00000000,0.00000000
-0.84541683,0.00000000,0.00000000
-0.84500883,0.39370080,-0.07874016
-0.84460083,0.39370080,0.00000000
-0.84419283,0.39370080,-0.07874016
-0.84378483,0.39370080,0.00000000
-0.84337683,0.39370080,-0.07874016
-0.84296883,0.39370080,0.00000000
-0.84256083,0.39370080,-0.07874016
-0.84215283,0.39370080,0.00000000
-0.84174483,0.39370080,0.00000000
-0.84133683,0.00000000,0.00000000
-0.84092883,0.39370080,0.00000000
-0.84052083,0.39370080,0.00000000
-0.84011283,0.00000000,0.00000000
-0.83970483,0.39370080,0.00000000
-0.83929683,0.39370080,0.00000000
-0.83888883,0.39370080,0.00000000
-0.83848083,0.39370080,0.00000000
-0.83807283,0.39370080,0.00000000
-0.83766483,0.39370080,0.00000000
-0.83725683,0.00000000,0.00000000
-0.83684883,0.00000000,-0.07874016
-0.83644083,0.39370080,0.00000000
-0.83603283,0.39370080,-0.07874016
-0.83562483,0.39370080,0.00000000
-0.83521683,0.39370080,-0.07874016
-0.83480883,0.39370080,0.00000000
-0.83440083,0.39370080,-0.07874016
-0.83399283,0.00000000,0.00000000
-0.83358483,0.39370080,-0.07874016
-0.83317683,0.39370080,0.00000000
-0.83276883,0.39370080,0.00000000
-0.83236083,0.00000000,0.00000000
-0.83195283,0.39370080,-0.07874016
-0.83154483,0.39370080,0.00000000
-0.83113683,0.39370080,0.00000000
-0.83072883,0.39370080,0.00000000
-0.83032083,0.39370080,-0.07874016
-0.82991284,0.39370080,0.00000000
-0.82950484,0.39370080,0.00000000
-0.82909684,0.39370080,0.00000000
-0.82868884,0.39370080,0.00000000
-0.82828084,0.39370080,0.00000000
-0.82787284,0.39370080,-0.07874016
-0.82746484,0.39370080,0.00000000
-0.82705684,0.39370080,-0.07874016
-0.82664884,0.39370080,0.00000000
-0.82624084,0.39370080,0.00000000
-0.82583284,0.00000000,0.00000000
-0.82542484,0.39370080,0.00000000
-0.82501684,0.00000000,0.00000000
-0.82460884,0.39370080,-0.07874016
-0.82420084,0.39370080,-0.07874016
-0.82379284,0.39370080,-0.07874016
-0.82338484,0.39370080,0.00000000
-0.82297684,0.39370080,0.00000000
-0.82256884,0.39370080,-0.07874016
-0.82216084,0.39370080,-0.07874016
-0.82175284,0.39370080,0.00000000
-0.82134484,0.39370080,0.00000000
-0.82093684,0.39370080,0.00000000
-0.82052884,0.39370080,-0.07874016
-0.82012084,0.39370080,0.00000000
-0.81971284,0.39370080,-0.07874016
-0.81930484,0.39370080,0.00000000
-0.81889684,0.39370080,0.00000000
-0.81848884,0.39370080,0.00000000
-0.81808084,0.39370080,-0.07874016
-0.81767284,0.39370080,0.00000000
-0.81726484,0.39370080,0.00000000
-0.81685684,0.39370080,0.00000000
-0.81644884,0.39370080,0.00000000
-0.81604084,0.39370080,0.00000000
-0.81563284,0.39370080,0.00000000
-0.81522484,0.39370080,0.00000000
-0.81481684,0.39370080,-0.07874016
-0.81440884,0.39370080,-0.07874016
-0.81400084,0.00000000,0.00000000
-0.81359284,0.39370080,0.00000000
-0.81318484,0.39370080,-0.07874016
-0.81277684,0.39370080,-0.07874016
-0.81236884,0.39370080,-0.07874016
-0.81196084,0.39370080,0.00000000
-0.81155284,0.39370080,-0.07874016
-0.81114484,0.39370080,0.00000000
-0.81073684,0.39370080,-0.07874016
-0.81032884,0.78740160,0.00000000
-0.80992084,0.39370080,-0.07874016
-0.80951284,0.39370080,0.00000000
-0.80910484,0.39370080,-0.07874016
-0.80869684,0.39370080,0.00000000
-0.80828884,0.00000000,-0.07874016
-0.80788084,0.39370080,0.00000000
-0.80747284,0.39370080,0.00000000
-0.80706484,0.39370080,-0.07874016
-0.80665684,0.39370080,-0.07874016
-0.80624884,0.00000000,-0.07874016
-0.80584084,0.39370080,-0.07874016
-0.80543284,0.00000000,0.00000000
-0.80502484,0.00000000,0.00000000
-0.80461684,0.39370080,0.00000000
-0.80420884,0.39370080,0.00000000
-0.80380084,0.39370080,0.00000000
-0.80339284,0.39370080,0.00000000
-0.80298484,0.39370080,0.00000000
-0.80257684,0.39370080,0.00000000
-0.80216884,0.39370080,-0.07874016
-0.80176084,0.39370080,0.00000000
-0.80135284,0.39370080,0.00000000
-0.80094484,0.39370080,-0.07874016
-0.80053684,0.78740160,0.00000000
-0.80012884,0.39370080,0.00000000
-0.79972084,0.39370080,0.00000000
-0.79931284,0.39370080,0.00000000
-0.79890484,0.39370080,0.00000000
-0.79849684,0.39370080,-0.07874016
-0.79808884,0.39370080,0.00000000
-0.79768084,0.78740160,-0.07874016
-0.79727284,0.39370080,0.00000000
-0.79686484,0.39370080,0.00000000
-0.79645684,0.00000000,0.00000000
-0.79604884,0.39370080,-0.07874016
-0.79564084,0.39370080,0.00000000
-0.79523284,0.39370080,-0.07874016
-0.79482484,0.39370080,0.00000000
-0.79441684,0.39370080,-0.07874016
-0.79400884,0.00000000,0.00000000
-0.79360084,0.39370080,0.00000000
-0.79319284,0.39370080,0.00000000
-0.79278484,0.39370080,0.00000000
-0.79237684,0.78740160,0.00000000
-0.79196884,0.39370080,0.00000000
-0.79156084,0.39370080,0.00000000
-0.79115284,0.39370080,0.00000000
-0.79074484,0.00000000,0.00000000
-0.79033684,0.39370080,-0.07874016
-0.78992884,0.39370080,0.00000000
-0.78952084,0.78740160,0.00000000
-0.78911284,0.78740160,0.00000000
-0.78870484,0.00000000,0.00000000
-0.78829684,0.39370080,0.00000000
-0.78788884,0.39370080,-0.07874016
-0.78748084,0.78740160,0.00000000
-0.78707284,0.39370080,-0.07874016
-0.78666484,0.39370080,0.00000000
-0.78625684,0.39370080,-0.07874016
-0.78584884,0.39370080,0.00000000
-0.78544084,0.00000000,0.00000000
-0.78503284,0.39370080,0.00000000
-0.78462484,0.39370080,0.00000000
-0.78421684,0.00000000,0.00000000
-0.78380884,0.00000000,0.00000000
-0.78340084,0.39370080,0.00000000
-0.78299284,0.39370080,0.00000000
-0.78258484,0.39370080,0.00000000
-0.78217684,0.00000000,-0.07874016
-0.78176884,0.39370080,0.00000000
-0.78136084,0.39370080,-0.07874016
-0.78095284,0.00000000,0.00000000
-0.78054484,0.39370080,0.00000000
-0.78013684,0.00000000,0.00000000
-0.77972884,0.39370080,-0.07874016
-0.77932084,0.39370080,0.00000000
-0.77891284,0.39370080,0.00000000
-0.77850484,0.00000000,0.00000000
-0.77809684,0.00000000,0.00000000
-0.77768884,0.39370080,0.00000000
-0.77728084,0.39370080,0.00000000
-0.77687284,0.00000000,0.00000000
-0.77646484,0.00000000,0.00000000
-0.77605684,0.00000000,0.00000000
-0.77564884,0.39370080,-0.07874016
-0.77524084,0.39370080,0.00000000
-0.77483284,0.00000000,-0.07874016
-0.77442484,0.78740160,0.00000000
-0.77401684,0.39370080,0.00000000
-0.77360884,0.39370080,0.00000000
-0.77320084,0.39370080,0.00000000
-0.77279284,0.78740160,0.00000000
-0.77238484,0.39370080,-0.07874016
-0.77197684,0.39370080,0.00000000
-0.77156884,0.39370080,0.00000000
-0.77116084,0.39370080,0.00000000
-0.77075284,0.39370080,0.00000000
-0.77034484,0.00000000,0.00000000
-0.76993684,0.39370080,0.00000000
-0.76952884,0.39370080,0.00000000
-0.76912084,0.00000000,0.00000000
-0.76871284,0.39370080,0.00000000
-0.76830484,0.00000000,-0.07874016
-0.76789684,0.39370080,0.00000000
-0.76748884,0.39370080,0.00000000
-0.76708084,0.00000000,0.00000000
-0.76667284,0.00000000,0.00000000
-0.76626484,0.00000000,-0.07874016
-0.76585684,0.39370080,-0.07874016
-0.76544884,0.39370080,0.00000000
-0.76504084,0.78740160,-0.07874016
-0.76463284,0.39370080,-0.07874016
-0.76422484,0.00000000,0.00000000
-0.76381684,0.39370080,0.00000000
-0.76340884,0.00000000,-0.07874016
-0.76300084,0.00000000,-0.07874016
-0.76259284,0.39370080,-0.07874016
-0.76218484,0.39370080,0.00000000
-0.76177684,0.39370080,0.00000000
-0.76136884,0.00000000,0.00000000
-0.76096084,0.39370080,0.00000000
-0.76055284,0.00000000,0.00000000
-0.76014484,0.39370080,0.00000000
-0.75973684,0.39370080,0.00000000
-0.75932884,0.39370080,-0.07874016
-0.75892084,0.39370080,0.00000000
-0.75851284,0.39370080,-0.07874016
-0.75810484,0.00000000,0.00000000
-0.75769684,0.39370080,-0.07874016
-0.75728884,0.00000000,0.00000000
-0.75688084,0.39370080,-0.07874016
-0.75647284,0.78740160,0.00000000
-0.75606484,0.00000000,-0.07874016
-0.75565684,0.00000000,0.00000000
-0.75524884,0.39370080,-0.07874016
-0.75484084,0.00000000,0.00000000
-0.75443284,0.78740160,-0.07874016
-0.75402484,0.39370080,0.00000000
-0.75361684,0.00000000,0.00000000
-0.75320884,0.39370080,0.00000000
-0.75280084,0.39370080,0.00000000
-0.75239284,0.39370080,0.00000000
-0.75198484,0.39370080,0.00000000
-0.75157684,0.39370080,0.00000000
-0.75116884,0.39370080,-0.07874016
-0.75076084,0.39370080,0.00000000
-0.75035284,0.39370080,-0.07874016
-0.74994484,0.00000000,0.00000000
-0.74953684,0.39370080,0.00000000
-0.74912884,0.78740160,0.00000000
-0.74872084,0.00000000,-0.07874016
-0.74831284,0.00000000,0.00000000
-0.74790484,0.78740160,0.00000000
-0.74749684,0.39370080,0.00000000
-0.74708884,0.39370080,0.00000000
-0.74668084,0.39370080,0.00000000
-0.74627284,0.00000000,0.00000000
-0.74586484,0.39370080,0.00000000
-0.74545684,0.00000000,0.00000000
-0.74504884,0.39370080,0.00000000
-0.74464084,0.39370080,-0.07874016
-0.74423284,0.39370080,0.00000000
-0.74382484,0.39370080,0.00000000
-0.74341684,0.39370080,0.00000000
-0.74300884,0.39370080,0.00000000
-0.74260084,0.39370080,0.00000000
-0.74219284,0.39370080,0.00000000
-0.74178484,0.00000000,0.00000000
-0.74137684,0.39370080,0.00000000
-0.74096884,0.00000000,0.00000000
-0.74056084,0.39370080,-0.07874016
-0.74015284,0.39370080,0.00000000
-0.73974484,0.39370080,0.00000000
-0.73933684,0.00000000,0.00000000
-0.73892884,0.00000000,0.00000000
-0.73852084,0.39370080,0.00000000
-0.73811284,0.39370080,0.00000000
-0.73770484,0.39370080,0.00000000
-0.73729684,0.00000000,0.00000000
-0.73688884,0.39370080,0.00000000
-0.73648084,0.39370080,-0.07874016
-0.73607284,0.39370080,0.00000000
-0.73566484,0.39370080,-0.07874016
-0.73525684,0.39370080,0.00000000
-0.73484884,0.39370080,0.00000000
-0.73444084,0.39370080,-0.07874016
-0.73403284,0.39370080,0.00000000
-0.73362484,0.39370080,0.00000000
-0.73321684,0.00000000,0.00000000
-0.73280884,0.78740160,0.00000000
-0.73240084,0.00000000,-0.07874016
-0.73199284,0.00000000,0.00000000
-0.73158484,0.39370080,-0.07874016
-0.73117684,0.39370080,-0.07874016
-0.73076884,0.39370080,0.00000000
-0.73036084,0.39370080,0.00000000
-0.72995284,0.00000000,0.00000000
-0.72954484,0.39370080,0.00000000
-0.72913684,0.39370080,-0.07874016
-0.72872884,0.39370080,0.00000000
-0.72832084,0.39370080,-0.07874016
-0.72791284,0.39370080,0.00000000
-0.72750484,0.39370080,0.00000000
-0.72709684,0.39370080,0.00000000
-0.72668884,0.39370080,-0.07874016
-0.72628084,0.39370080,0.00000000
-0.72587284,0.39370080,0.00000000
-0.72546484,0.39370080,0.00000000
-0.72505684,0.78740160,0.00000000
-0.72464884,0.39370080,0.00000000
-0.72424084,0.39370080,-0.07874016
-0.72383284,0.78740160,0.00000000
-0.72342484,0.00000000,-0.07874016
-0.72301684,0.39370080,0.00000000
-0.72260884,0.39370080,0.00000000
-0.72220084,0.00000000,-0.07874016
-0.72179284,0.39370080,-0.07874016
-0.72138484,0.39370080,0.00000000
-0.72097684,0.39370080,0.00000000
-0.72056884,0.39370080,0.00000000
-0.72016084,0.39370080,-0.07874016
-0.71975284,0.39370080,0.00000000
-0.71934484,0.39370080,0.00000000
-0.71893684,0.39370080,0.00000000
-0.71852884,0.39370080,0.00000000
-0.71812084,0.39370080,0.00000000
-0.71771284,0.39370080,-0.07874016
-0.71730484,0.39370080,-0.07874016
-0.71689684,0.39370080,0.00000000
-0.71648884,0.39370080,-0.07874016
-0.71608084,0.00000000,0.00000000
-0.71567284,0.00000000,0.00000000
-0.71526484,0.39370080,-0.07874016
-0.71485684,0.39370080,0.00000000
-0.71444884,0.39370080,0.00000000
-0.71404084,0.39370080,-0.07874016
-0.71363284,0.39370080,-0.07874016
-0.71322484,0.39370080,0.00000000
-0.71281684,0.39370080,0.00000000
-0.71240884,0.00000000,0.00000000
-0.71200084,0.39370080,0.00000000
-0.71159284,0.00000000,0.00000000
-0.71118484,0.39370080,-0.07874016
-0.71077684,0.00000000,0.00000000
-0.71036884,0.39370080,0.00000000
-0.70996084,0.39370080,0.00000000
-0.70955284,0.39370080,-0.07874016
-0.70914484,0.39370080,0.00000000
-0.70873684,0.39370080,0.00000000
-0.70832884,0.39370080,0.00000000
-0.70792084,0.39370080,0.00000000
-0.70751284,0.39370080,0.00000000
-0.70710484,0.00000000,0.00000000
-0.70669684,0.39370080,-0.07874016
-0.70628884,0.39370080,-0.07874016
-0.70588084,0.00000000,0.00000000
-0.70547284,0.39370080,0.00000000
-0.70506484,0.39370080,0.00000000
-0.70465684,0.39370080,-0.07874016
-0.70424884,0.39370080,0.00000000
-0.70384084,0.78740160,0.00000000
-0.70343284,0.00000000,-0.07874016
-0.70302484,0.39370080,0.00000000
-0.70261684,0.39370080,0.00000000
-0.70220884,0.39370080,-0.07874016
-0.70180084,0.39370080,0.00000000
-0.70139284,0.00000000,0.00000000
-0.70098484,0.39370080,0.00000000
-0.70057684,0.39370080,0.00000000
-0.70016884,0.39370080,0.00000000
-0.69976084,0.78740160,0.00000000
-0.69935284,0.39370080,0.00000000
-0.69894484,0.39370080,0.00000000
-0.69853684,0.39370080,-0.07874016
-0.69812884,0.39370080,-0.07874016
-0.69772084,0.39370080,-0.07874016
-0.69731284,0.39370080,0.00000000
-0.69690484,0.00000000,0.00000000
-0.69649684,0.39370080,0.00000000
-0.69608884,0.39370080,0.00000000
-0.69568084,0.39370080,-0.07874016
-0.69527284,0.39370080,0.00000000
-0.69486484,0.39370080,0.00000000
-0.69445684,0.39370080,0.00000000
-0.69404884,0.39370080,0.00000000
-0.69364084,0.39370080,0.00000000
-0.69323284,0.39370080,0.00000000
-0.69282484,0.39370080,0.00000000
-0.69241684,0.39370080,0.00000000
-0.69200884,0.39370080,0.00000000
-0.69160084,0.39370080,0.00000000
-0.69119284,0.39370080,0.00000000
-0.69078484,0.00000000,0.00000000
-0.69037684,0.00000000,0.00000000
-0.68996884,0.78740160,0.00000000
-0.68956084,0.39370080,-0.07874016
-0.68915284,0.00000000,0.00000000
-0.68874484,0.39370080,0.00000000
-0.68833684,0.00000000,-0.07874016
-0.68792884,0.39370080,0.00000000
-0.68752084,0.39370080,0.00000000
-0.68711284,0.00000000,0.00000000
-0.68670484,0.39370080,0.00000000
-0.68629684,0.39370080,0.00000000
-0.68588884,0.39370080,0.00000000
-0.68548084,0.78740160,0.00000000
-0.68507284,0.39370080,-0.07874016
-0.68466484,0.39370080,0.00000000
-0.68425684,0.78740160,0.00000000
-0.68384884,0.39370080,0.00000000
-0.68344084,0.39370080,0.00000000
-0.68303284,0.00000000,0.00000000
-0.68262484,0.00000000,0.00000000
-0.68221684,0.00000000,0.00000000
-0.68180884,0.39370080,0.00000000
-0.68140084,0.39370080,0.00000000
-0.68099284,0.39370080,-0.07874016
-0.68058484,0.39370080,0.00000000
-0.68017684,0.39370080,0.00000000
-0.67976884,0.39370080,0.00000000
-0.67936084,0.39370080,0.00000000
-0.67895284,0.39370080,0.00000000
-0.67854484,0.39370080,0.00000000
-0.67813684,0.39370080,0.00000000
-0.67772884,0.00000000,0.00000000
-0.67732084,0.39370080,0.00000000
-0.67691284,0.39370080,0.00000000
-0.67650484,0.39370080,0.00000000
-0.67609684,0.39370080,0.00000000
-0.67568884,0.39370080,0.00000000
-0.67528084,0.39370080,0.00000000
-0.67487284,0.39370080,0.00000000
-0.67446484,0.39370080,0.00000000
-0.67405684,0.39370080,0.00000000
-0.67364884,0.39370080,0.00000000
-0.67324084,0.39370080,0.00000000
-0.67283284,0.39370080,0.00000000
-0.67242484,0.39370080,0.00000000
-0.67201684,0.39370080,-0.07874016
-0.67160884,0.00000000,0.00000000
-0.67120084,0.78740160,-0.07874016
-0.67079284,0.39370080,0.00000000
-0.67038484,0.39370080,-0.07874016
-0.66997684,0.00000000,0.00000000
-0.66956884,0.00000000,-0.07874016
-0.66916084,0.39370080,0.00000000
-0.66875284,0.00000000,0.00000000
-0.66834484,0.39370080,0.00000000
-0.66793684,0.39370080,0.00000000
-0.66752884,0.39370080,0.00000000
-0.66712084,0.39370080,-0.07874016
-0.66671284,0.00000000,0.00000000
-0.66630484,0.39370080,0.00000000
-0.66589684,0.39370080,0.00000000
-0.66548884,0.39370080,0.00000000
-0.66508084,0.39370080,0.00000000
-0.66467284,0.39370080,0.00000000
-0.66426484,0.00000000,0.00000000
-0.66385684,0.00000000,0.00000000
-0.66344884,0.00000000,0.00000000
-0.66304084,0.00000000,-0.07874016
-0.66263284,0.39370080,0.00000000
-0.66222484,0.00000000,0.00000000
-0.66181684,0.39370080,0.00000000
-0.66140884,0.39370080,0.00000000
-0.66100084,0.39370080,0.00000000
-0.66059284,0.39370080,0.00000000
-0.66018484,0.39370080,-0.07874016
-0.65977684,0.00000000,0.00000000
-0.65936884,0.39370080,0.00000000
-0.65896084,0.39370080,0.00000000
-0.65855284,0.39370080,0.00000000
-0.65814484,0.39370080,0.00000000
-0.65773684,0.39370080,0.00000000
-0.65732884,0.39370080,-0.07874016
-0.65692084,0.39370080,0.00000000
-0.65651284,0.39370080,0.00000000
-0.65610484,0.39370080,0.00000000
-0.65569684,0.00000000,-0.07874016
-0.65528884,0.39370080,0.00000000
-0.65488084,0.78740160,0.00000000
-0.65447284,0.39370080,-0.07874016
-0.65406484,0.39370080,0.00000000
-0.65365684,0.39370080,0.00000000
-0.65324884,0.00000000,0.00000000
-0.65284085,0.39370080,0.00000000
-0.65243285,0.39370080,0.00000000
-0.65202485,0.39370080,0.00000000
-0.65161685,0.39370080,-0.07874016
-0.65120885,0.00000000,0.00000000
-0.65080085,0.39370080,0.00000000
-0.65039285,0.39370080,0.00000000
-0.64998485,0.39370080,-0.07874016
-0.64957685,0.39370080,0.00000000
-0.64916885,0.39370080,0.00000000
-0.64876085,0.39370080,0.00000000
-0.64835285,0.39370080,0.00000000
-0.64794485,0.39370080,0.00000000
-0.64753685,0.39370080,0.00000000
-0.64712885,0.39370080,0.00000000
-0.64672085,0.39370080,0.00000000
-0.64631285,0.00000000,0.00000000
-0.64590485,0.78740160,-0.07874016
-0.64549685,0.39370080,0.00000000
-0.64508885,0.39370080,-0.07874016
-0.64468085,0.39370080,0.00000000
-0.64427285,0.39370080,-0.07874016
-0.64386485,0.00000000,0.00000000
-0.64345685,0.39370080,-0.07874016
-0.64304885,0.39370080,0.00000000
-0.64264085,0.39370080,0.00000000
-0.64223285,0.00000000,0.00000000
-0.64182485,0.78740160,0.00000000
-0.64141685,0.39370080,-0.07874016
-0.64100885,0.39370080,0.00000000
-0.64060085,0.39370080,0.00000000
-0.64019285,0.78740160,0.00000000
-0.63978485,0.39370080,0.00000000
-0.63937685,0.39370080,0.00000000
-0.63896885,0.00000000,0.00000000
-0.63856085,0.39370080,-0.07874016
-0.63815285,0.39370080,0.00000000
-0.63774485,0.39370080,-0.07874016
-0.63733685,0.39370080,0.00000000
-0.63692885,0.39370080,0.00000000
-0.63652085,0.39370080,0.00000000
-0.63611285,0.39370080,0.00000000
-0.63570485,0.39370080,0.00000000
-0.63529685,0.39370080,0.00000000
-0.63488885,0.39370080,0.00000000
-0.63448085,0.78740160,0.00000000
-0.63407285,0.39370080,0.00000000
-0.63366485,0.39370080,-0.07874016
-0.63325685,0.39370080,0.00000000
-0.63284885,0.39370080,0.00000000
-0.63244085,0.39370080,0.00000000
-0.63203285,0.00000000,0.00000000
-0.63162485,0.39370080,0.00000000
-0.63121685,0.39370080,0.00000000
-0.63080885,0.39370080,0.00000000
-0.63040085,0.39370080,-0.07874016
-0.62999285,0.39370080,0.00000000
-0.62958485,0.39370080,-0.07874016
-0.62917685,0.00000000,0.00000000
-0.62876885,0.39370080,0.00000000
-0.62836085,0.39370080,0.00000000
-0.62795285,0.39370080,-0.07874016
-0.62754485,0.00000000,0.00000000
-0.62713685,0.00000000,0.00000000
-0.62672885,0.39370080,0.00000000
-0.62632085,0.39370080,0.00000000
-0.62591285,0.39370080,-0.07874016
-0.62550485,0.78740160,0.00000000
-0.62509685,0.39370080,0.00000000
-0.62468885,0.39370080,0.00000000
-0.62428085,0.78740160,0.00000000
-0.62387285,0.39370080,0.00000000
-0.62346485,0.39370080,0.00000000
-0.62305685,0.39370080,0.00000000
-0.62264885,0.39370080,0.00000000
-0.62224085,0.78740160,0.00000000
-0.62183285,0.39370080,0.00000000
-0.62142485,0.78740160,-0.07874016
-0.62101685,0.39370080,0.00000000
-0.62060885,0.39370080,-0.07874016
-0.62020085,0.00000000,0.00000000
-0.61979285,0.78740160,-0.07874016
-0.61938485,0.39370080,0.00000000
-0.61897685,0.39370080,-0.07874016
-0.61856885,0.39370080,-0.07874016
-0.61816085,0.39370080,0.00000000
-0.61775285,0.39370080,0.00000000
-0.61734485,0.00000000,-0.07874016
-0.61693685,0.39370080,0.00000000
-0.61652885,0.39370080,0.00000000
-0.61612085,0.39370080,0.00000000
-0.61571285,0.39370080,0.00000000
-0.61530485,0.39370080,0.00000000
-0.61489685,0.39370080,0.00000000
-0.61448885,0.39370080,-0.07874016
-0.61408085,0.39370080,-0.07874016
-0.61367285,0.39370080,0.00000000
-0.61326485,0.39370080,0.00000000
-0.61285685,0.39370080,0.00000000
-0.61244885,0.39370080,-0.07874016
-0.61204085,0.39370080,0.00000000
-0.61163285,0.00000000,0.00000000
-0.61122485,0.39370080,0.00000000
-0.61081685,0.00000000,-0.07874016
-0.61040885,0.39370080,0.00000000
-0.61000085,0.39370080,0.00000000
-0.60959285,0.39370080,0.00000000
-0.60918485,0.00000000,-0.07874016
-0.60877685,0.39370080,0.00000000
-0.60836885,0.39370080,-0.07874016
-0.60796085,0.39370080,0.00000000
-0.60755285,0.39370080,0.00000000
-0.60714485,0.39370080,0.00000000
-0.60673685,0.00000000,-0.07874016
-0.60632885,0.00000000,0.00000000
-0.60592085,0.39370080,0.00000000
-0.60551285,0.00000000,0.00000000
-0.60510485,0.39370080,-0.07874016
-0.60469685,0.39370080,0.00000000
-0.60428885,0.78740160,0.00000000
-0.60388085,0.00000000,0.00000000
-0.60347285,0.39370080,0.00000000
-0.60306485,0.39370080,0.00000000
-0.60265685,0.39370080,-0.07874016
-0.60224885,0.39370080,0.00000000
-0.60184085,0.39370080,-0.07874016
-0.60143285,0.39370080,0.00000000
-0.60102485,0.39370080,0.00000000
-0.60061685,0.00000000,0.00000000
-0.60020885,0.39370080,-0.07874016
-0.59980085,0.39370080,0.00000000
-0.59939285,0.39370080,-0.07874016
-0.59898485,0.39370080,0.00000000
-0.59857685,0.39370080,0.00000000
-0.59816885,0.78740160,0.00000000
-0.59776085,0.39370080,-0.07874016
-0.59735285,0.39370080,-0.07874016
-0.59694485,0.39370080,0.00000000
-0.59653685,0.39370080,0.00000000
-0.59612885,0.39370080,0.00000000
-0.59572085,0.39370080,-0.07874016
-0.59531285,0.39370080,0.00000000
-0.59490485,0.78740160,0.00000000
-0.59449685,0.39370080,0.00000000
-0.59408885,0.39370080,0.00000000
-0.59368085,0.39370080,0.00000000
-0.59327285,0.39370080,0.00000000
-0.59286485,0.39370080,-0.07874016
-0.59245685,0.78740160,0.00000000
-0.59204885,0.39370080,0.00000000
-0.59164085,0.39370080,0.00000000
-0.59123285,0.39370080,-0.07874016
-0.59082485,0.39370080,0.00000000
-0.59041685,0.78740160,-0.07874016
-0.59000885,0.39370080,0.00000000
-0.58960085,0.78740160,0.00000000
-0.58919285,0.39370080,0.00000000
-0.58878485,0.39370080,-0.07874016
-0.58837685,0.39370080,0.00000000
-0.58796885,0.39370080,0.00000000
-0.58756085,0.39370080,0.00000000
-0.58715285,0.39370080,-0.07874016
-0.58674485,0.39370080,0.00000000
-0.58633685,0.39370080,0.00000000
-0.58592885,0.00000000,0.00000000
-0.58552085,0.39370080,0.00000000
-0.58511285,0.78740160,0.00000000
-0.58470485,0.00000000,0.00000000
-0.58429685,0.39370080,0.00000000
-0.58388885,0.78740160,0.00000000
-0.58348085,0.39370080,0.00000000
-0.58307285,0.39370080,0.00000000
-0.58266485,0.00000000,-0.07874016
-0.58225685,0.00000000,0.00000000
-0.58184885,0.00000000,0.00000000
-0.58144085,0.39370080,0.00000000
-0.58103285,0.00000000,0.00000000
-0.58062485,0.39370080,0.00000000
-0.58021685,0.39370080,0.00000000
-0.57980885,0.39370080,0.00000000
-0.57940085,0.39370080,0.00000000
-0.57899285,0.39370080,0.00000000
-0.57858485,0.39370080,0.00000000
-0.57817685,0.39370080,0.00000000
-0.57776885,0.00000000,0.00000000
-0.57736085,0.78740160,0.00000000
-0.57695285,0.00000000,0.00000000
-0.57654485,0.78740160,0.00000000
-0.57613685,0.39370080,0.00000000
-0.57572885,0.39370080,0.00000000
-0.57532085,0.39370080,0.00000000
-0.57491285,0.39370080,0.00000000
-0.57450485,0.39370080,0.00000000
-0.57409685,0.78740160,-0.07874016
-0.57368885,0.39370080,0.00000000
-0.57328085,0.00000000,-0.07874016
-0.57287285,0.00000000,0.00000000
-0.57246485,0.39370080,0.00000000
-0.57205685,0.39370080,0.00000000
-0.57164885,0.78740160,0.00000000
-0.57124085,0.39370080,0.00000000
-0.57083285,0.78740160,0.00000000
-0.57042485,0.39370080,0.00000000
-0.57001685,0.78740160,0.00000000
-0.56960885,0.39370080,0.00000000
-0.56920085,0.39370080,0.00000000
-0.56879285,0.39370080,0.00000000
-0.56838485,0.78740160,-0.07874016
-0.56797685,0.00000000,-0.07874016
-0.56756885,0.39370080,-0.07874016
-0.56716085,0.00000000,0.00000000
-0.56675285,0.39370080,0.00000000
-0.56634485,0.39370080,0.00000000
-0.56593685,0.39370080,-0.07874016
-0.56552885,0.00000000,0.00000000
-0.56512085,0.39370080,0.00000000
-0.56471285,0.00000000,0.00000000
-0.56430485,0.78740160,-0.07874016
-0.56389685,0.39370080,0.00000000
-0.56348885,0.39370080,0.00000000
-0.56308085,0.39370080,0.00000000
-0.56267285,0.78740160,-0.07874016
-0.56226485,0.39370080,-0.07874016
-0.56185685,0.00000000,0.00000000
-0.56144885,0.39370080,0.00000000
-0.56104085,0.00000000,-0.07874016
-0.56063285,0.39370080,0.00000000
-0.56022485,0.39370080,-0.07874016
-0.55981685,0.00000000,0.00000000
-0.55940885,0.39370080,-0.07874016
-0.55900085,0.00000000,0.00000000
-0.55859285,0.00000000,0.00000000
-0.55818485,0.39370080,0.00000000
-0.55777685,0.39370080,0.00000000
-0.55736885,0.00000000,0.00000000
-0.55696085,0.39370080,-0.07874016
-0.55655285,0.39370080,0.00000000
-0.55614485,0.39370080,-0.07874016
-0.55573685,0.78740160,0.00000000
-0.55532885,0.39370080,0.00000000
-0.55492085,0.39370080,0.00000000
-0.55451285,0.78740160,-0.07874016
-0.55410485,0.39370080,0.00000000
-0.55369685,0.78740160,-0.07874016
-0.55328885,0.39370080,0.00000000
-0.55288085,0.00000000,-0.07874016
-0.55247285,0.39370080,0.00000000
-0.55206485,0.00000000,0.00000000
-0.55165685,0.39370080,0.00000000
-0.55124885,0.39370080,0.00000000
-0.55084085,0.39370080,0.00000000
-0.55043285,0.39370080,-0.07874016
-0.55002485,0.00000000,0.00000000
-0.54961685,0.39370080,0.00000000
-0.54920885,0.39370080,0.00000000
-0.54880085,0.39370080,0.00000000
-0.54839285,0.00000000,0.00000000
-0.54798485,0.39370080,0.00000000
-0.54757685,0.39370080,0.00000000
-0.54716885,0.39370080,0.00000000
-0.54676085,0.39370080,0.00000000
-0.54635285,0.39370080,0.00000000
-0.54594485,0.39370080,0.00000000
-0.54553685,0.39370080,0.00000000
-0.54512885,0.39370080,0.00000000
-0.54472085,0.39370080,0.00000000
-0.54431285,0.00000000,0.00000000
-0.54390485,0.39370080,0.00000000
-0.54349685,0.39370080,0.00000000
-0.54308885,0.39370080,0.00000000
-0.54268085,0.39370080,0.00000000
-0.54227285,0.39370080,0.00000000
-0.54186485,0.39370080,0.00000000
-0.54145685,0.39370080,-0.07874016
-0.54104885,0.39370080,0.00000000
-0.54064085,0.78740160,-0.07874016
-0.54023285,0.39370080,0.00000000
-0.53982485,0.00000000,-0.07874016
-0.53941685,0.39370080,0.00000000
-0.53900885,0.39370080,0.00000000
-0.53860085,0.00000000,0.00000000
-0.53819285,0.39370080,0.00000000
-0.53778485,0.00000000,0.00000000
-0.53737685,0.39370080,0.00000000
-0.53696885,0.39370080,0.00000000
-0.53656085,0.39370080,0.00000000
-0.53615285,0.39370080,0.00000000
-0.53574485,0.39370080,0.00000000
-0.53533685,0.39370080,0.00000000
-0.53492885,0.39370080,0.00000000
-0.53452085,0.39370080,0.00000000
-0.53411285,0.78740160,0.00000000
-0.53370485,0.39370080,0.00000000
-0.53329685,0.00000000,0.00000000
-0.53288885,0.39370080,0.00000000
-0.53248085,0.39370080,-0.07874016
-0.53207285,0.00000000,0.00000000
-0.53166485,0.39370080,0.00000000
-0.53125685,0.39370080,0.00000000
-0.53084885,0.78740160,0.00000000
-0.53044085,0.00000000,0.00000000
-0.53003285,0.39370080,0.00000000
-0.52962485,0.00000000,0.00000000
-0.52921685,0.00000000,0.00000000
-0.52880885,0.39370080,0.00000000
-0.52840085,0.39370080,0.00000000
-0.52799285,0.39370080,-0.07874016
-0.52758485,0.78740160,0.00000000
-0.52717685,0.39370080,0.00000000
-0.52676885,0.39370080,-0.07874016
-0.52636085,0.39370080,0.00000000
-0.52595285,0.39370080,-0.07874016
-0.52554485,0.78740160,0.00000000
-0.52513685,0.78740160,-0.07874016
-0.52472885,0.78740160,0.00000000
-0.52432085,0.00000000,0.00000000
-0.52391285,0.00000000,0.00000000
-0.52350485,0.39370080,-0.07874016
-0.52309685,0.39370080,0.00000000
-0.52268885,0.00000000,0.00000000
-0.52228085,0.39370080,-0.07874016
-0.52187285,0.39370080,0.00000000
-0.52146485,0.39370080,0.00000000
-0.52105685,0.39370080,0.00000000
-0.52064885,0.00000000,0.00000000
-0.52024085,0.39370080,0.00000000
-0.51983285,0.39370080,0.00000000
-0.51942485,0.39370080,0.00000000
-0.51901685,0.39370080,0.00000000
-0.51860885,0.39370080,0.00000000
-0.51820085,0.39370080,0.00000000
-0.51779285,0.39370080,-0.07874016
-0.51738485,0.00000000,0.00000000
-0.51697685,0.39370080,0.00000000
-0.51656885,0.39370080,0.00000000
-0.51616085,0.39370080,-0.07874016
-0.51575285,0.39370080,0.00000000
-0.51534485,0.39370080,0.00000000
-0.51493685,0.78740160,0.00000000
-0.51452885,0.39370080,0.00000000
-0.51412085,0.00000000,0.00000000
-0.51371285,0.39370080,-0.07874016
-0.51330485,0.00000000,0.00000000
-0.51289685,0.39370080,0.00000000
-0.51248885,0.39370080,0.00000000
-0.51208085,0.00000000,0.00000000
-0.51167285,0.39370080,-0.07874016
-0.51126485,0.00000000,-0.07874016
-0.51085685,0.39370080,0.00000000
-0.51044885,0.39370080,0.00000000
-0.51004085,0.39370080,-0.07874016
-0.50963285,0.39370080,-0.07874016
-0.50922485,0.39370080,0.00000000
-0.50881685,0.39370080,0.00000000
-0.50840885,0.39370080,-0.07874016
-0.50800085,0.39370080,-0.07874016
-0.50759285,0.39370080,0.00000000
-0.50718485,0.39370080,0.00000000
-0.50677685,0.00000000,0.00000000
-0.50636885,0.00000000,0.00000000
-0.50596085,0.00000000,0.00000000
-0.50555285,0.39370080,0.00000000
-0.50514485,0.39370080,0.00000000
-0.50473685,0.39370080,0.00000000
-0.50432885,0.39370080,0.00000000
-0.50392085,0.39370080,0.00000000
-0.50351285,0.00000000,0.00000000
-0.50310485,0.39370080,0.00000000
-0.50269685,0.39370080,0.00000000
-0.50228885,0.39370080,0.00000000
-0.50188085,0.39370080,-0.07874016
-0.50147285,0.39370080,-0.07874016
-0.50106485,0.39370080,0.00000000
-0.50065685,0.39370080,0.00000000
-0.50024885,0.39370080,0.00000000
-0.49984085,0.39370080,0.00000000
-0.49943285,0.39370080,0.00000000
-0.49902485,0.39370080,-0.07874016
-0.49861685,0.39370080,0.00000000
-0.49820885,0.00000000,-0.07874016
-0.49780085,0.39370080,0.00000000
-0.49739285,0.39370080,0.00000000
-0.49698485,0.39370080,0.00000000
-0.49657685,0.39370080,-0.07874016
-0.49616885,0.39370080,0.00000000
-0.49576085,0.39370080,0.00000000
-0.49535285,0.39370080,-0.07874016
-0.49494485,0.39370080,-0.07874016
-0.49453685,0.39370080,0.00000000
-0.49412885,0.39370080,0.00000000
-0.49372085,0.78740160,0.00000000
-0.49331285,0.78740160,-0.07874016
-0.49290485,0.00000000,0.00000000
-0.49249685,0.39370080,-0.07874016
-0.49208885,0.00000000,0.00000000
-0.49168085,0.39370080,0.00000000
-0.49127285,0.00000000,0.00000000
-0.49086485,0.39370080,-0.07874016
-0.49045685,0.39370080,0.00000000
-0.49004885,0.39370080,0.00000000
-0.48964085,0.00000000,0.00000000
-0.48923285,0.00000000,0.00000000
-0.48882485,0.00000000,0.00000000
-0.48841685,0.39370080,0.00000000
-0.48800885,0.00000000,0.00000000
-0.48760085,0.39370080,-0.07874016
-0.48719285,0.39370080,0.00000000
-0.48678485,0.39370080,0.00000000
-0.48637685,0.39370080,0.00000000
-0.48596885,0.39370080,0.00000000
-0.48556085,0.39370080,0.00000000
-0.48515285,0.39370080,-0.07874016
-0.48474485,0.39370080,0.00000000
-0.48433685,0.39370080,0.00000000
-0.48392885,0.39370080,0.00000000
-0.48352085,0.39370080,0.00000000
-0.48311285,0.00000000,0.00000000
-0.48270485,0.39370080,-0.07874016
-0.48229685,0.39370080,0.00000000
-0.48188885,0.39370080,-0.07874016
-0.48148085,0.39370080,0.00000000
-0.48107285,0.39370080,-0.07874016
-0.48066485,0.39370080,0.00000000
-0.48025685,0.78740160,0.00000000
-0.47984885,0.39370080,0.00000000
-0.47944085,0.39370080,0.00000000
-0.47903285,0.39370080,0.00000000
-0.47862485,0.78740160,0.00000000
-0.47821685,0.39370080,0.00000000
-0.47780885,0.78740160,0.00000000
-0.47740085,0.39370080,0.00000000
-0.47699285,0.39370080,-0.07874016
-0.47658485,0.39370080,0.00000000
-0.47617686,0.39370080,0.00000000
-0.47576886,0.39370080,0.00000000
-0.47536086,0.39370080,0.00000000
-0.47495286,0.39370080,-0.07874016
-0.47454486,0.39370080,0.00000000
-0.47413686,0.39370080,0.00000000
-0.47372886,0.39370080,-0.07874016
-0.47332086,0.39370080,0.00000000
-0.47291286,0.39370080,-0.07874016
-0.47250486,0.39370080,0.00000000
-0.47209686,0.39370080,0.00000000
-0.47168886,0.39370080,0.00000000
-0.47128086,0.39370080,0.00000000
-0.47087286,0.39370080,0.00000000
-0.47046486,0.39370080,-0.07874016
-0.47005686,0.39370080,0.00000000
-0.46964886,0.39370080,-0.07874016
-0.46924086,0.39370080,0.00000000
-0.46883286,0.39370080,-0.07874016
-0.46842486,0.00000000,0.00000000
-0.46801686,0.39370080,0.00000000
-0.46760886,0.39370080,0.00000000
-0.46720086,0.39370080,0.00000000
-0.46679286,0.39370080,0.00000000
-0.46638486,0.39370080,0.00000000
-0.46597686,0.39370080,0.00000000
-0.46556886,0.39370080,-0.07874016
-0.46516086,0.00000000,0.00000000
-0.46475286,0.39370080,0.00000000
-0.46434486,0.39370080,0.00000000
-0.46393686,0.39370080,0.00000000
-0.46352886,0.39370080,0.00000000
-0.46312086,0.39370080,-0.07874016
-0.46271286,0.00000000,0.00000000
-0.46230486,0.39370080,0.00000000
-0.46189686,0.00000000,0.00000000
-0.46148886,0.39370080,-0.07874016
-0.46108086,0.39370080,-0.07874016
-0.46067286,0.78740160,0.00000000
-0.46026486,0.00000000,-0.07874016
-0.45985686,0.39370080,0.00000000
-0.45944886,0.00000000,0.00000000
-0.45904086,0.39370080,-0.07874016
-0.45863286,0.00000000,0.00000000
-0.45822486,0.39370080,0.00000000
-0.45781686,0.39370080,-0.07874016
-0.45740886,0.39370080,0.00000000
-0.45700086,0.39370080,0.00000000
-0.45659286,0.39370080,0.00000000
-0.45618486,0.39370080,0.00000000
-0.45577686,0.39370080,-0.07874016
-0.45536886,0.78740160,0.00000000
-0.45496086,0.39370080,0.00000000
-0.45455286,0.39370080,0.00000000
-0.45414486,0.39370080,-0.07874016
-0.45373686,0.39370080,0.00000000
-0.45332886,0.39370080,-0.07874016
-0.45292086,0.39370080,0.00000000
-0.45251286,0.39370080,0.00000000
-0.45210486,0.00000000,-0.07874016
-0.45169686,0.39370080,0.00000000
-0.45128886,0.78740160,0.00000000
-0.45088086,0.39370080,-0.07874016
-0.45047286,0.00000000,-0.07874016
-0.45006486,0.39370080,0.00000000
-0.44965686,0.39370080,0.00000000
-0.44924886,0.39370080,-0.07874016
-0.44884086,0.39370080,0.00000000
-0.44843286,0.39370080,-0.07874016
-0.44802486,0.39370080,0.00000000
-0.44761686,0.39370080,0.00000000
-0.44720886,0.39370080,-0.07874016
-0.44680086,0.78740160,-0.07874016
-0.44639286,0.39370080,0.00000000
-0.44598486,0.39370080,0.00000000
-0.44557686,0.39370080,0.00000000
-0.44516886,0.39370080,0.00000000
-0.44476086,0.00000000,0.00000000
-0.44435286,0.39370080,-0.07874016
-0.44394486,0.39370080,0.00000000
-0.44353686,0.39370080,0.00000000
-0.44312886,0.39370080,0.00000000
-0.44272086,0.00000000,-0.07874016
-0.44231286,0.39370080,0.00000000
-0.44190486,0.39370080,-0.07874016
-0.44149686,0.00000000,0.00000000
-0.44108886,0.78740160,-0.07874016
-0.44068086,0.39370080,0.00000000
-0.44027286,0.00000000,-0.07874016
-0.43986486,0.00000000,0.00000000
-0.43945686,0.39370080,0.00000000
-0.43904886,0.00000000,0.00000000
-0.43864086,0.39370080,-0.07874016
-0.43823286,0.39370080,0.00000000
-0.43782486,0.39370080,-0.07874016
-0.43741686,0.39370080,0.00000000
-0.43700886,0.00000000,0.00000000
-0.43660086,0.00000000,0.00000000
-0.43619286,0.39370080,0.00000000
-0.43578486,0.39370080,-0.07874016
-0.43537686,0.39370080,0.00000000
-0.43496886,0.00000000,0.00000000
-0.43456086,0.39370080,0.00000000
-0.43415286,0.00000000,0.00000000
-0.43374486,0.39370080,0.00000000
-0.43333686,0.39370080,0.00000000
-0.43292886,0.00000000,-0.07874016
-0.43252086,0.39370080,0.00000000
-0.43211286,0.78740160,0.00000000
-0.43170486,0.39370080,-0.07874016
-0.43129686,0.00000000,0.00000000
-0.43088886,0.39370080,0.00000000
-0.43048086,0.39370080,0.00000000
-0.43007286,0.39370080,0.00000000
-0.42966486,0.39370080,0.00000000
-0.42925686,0.78740160,0.00000000
-0.42884886,0.78740160,0.00000000
-0.42844086,0.39370080,0.00000000
-0.42803286,0.78740160,0.00000000
-0.42762486,0.39370080,0.00000000
-0.42721686,0.00000000,0.00000000
-0.42680886,0.39370080,0.00000000
-0.42640086,0.39370080,0.00000000
-0.42599286,0.39370080,0.00000000
-0.42558486,0.78740160,0.00000000
-0.42517686,0.39370080,0.00000000
-0.42476886,0.78740160,0.00000000
-0.42436086,0.39370080,0.00000000
-0.42395286,0.39370080,-0.07874016
-0.42354486,0.39370080,0.00000000
-0.42313686,0.78740160,0.00000000
-0.42272886,0.00000000,0.00000000
-0.42232086,0.39370080,0.00000000
-0.42191286,0.39370080,0.00000000
-0.42150486,0.39370080,0.00000000
-0.42109686,0.39370080,0.00000000
-0.42068886,0.39370080,0.00000000
-0.42028086,0.00000000,-0.07874016
-0.41987286,0.39370080,0.00000000
-0.41946486,0.00000000,0.00000000
-0.41905686,0.39370080,0.00000000
-0.41864886,0.39370080,0.00000000
-0.41824086,0.39370080,-0.07874016
-0.41783286,0.39370080,-0.07874016
-0.41742486,0.00000000,0.00000000
-0.41701686,0.00000000,0.00000000
-0.41660886,0.39370080,-0.07874016
-0.41620086,0.00000000,0.00000000
-0.41579286,0.39370080,0.00000000
-0.41538486,0.00000000,0.00000000
-0.41497686,0.39370080,-0.07874016
-0.41456886,0.78740160,-0.07874016
-0.41416086,0.39370080,-0.07874016
-0.41375286,0.39370080,0.00000000
-0.41334486,0.39370080,0.00000000
-0.41293686,0.39370080,0.00000000
-0.41252886,0.39370080,-0.07874016
-0.41212086,0.39370080,0.00000000
-0.41171286,0.39370080,-0.07874016
-0.41130486,0.39370080,0.00000000
-0.41089686,0.39370080,-0.07874016
-0.41048886,0.39370080,-0.07874016
-0.41008086,0.39370080,0.00000000
-0.40967286,0.00000000,0.00000000
-0.40926486,0.39370080,-0.07874016
-0.40885686,0.39370080,0.00000000
-0.40844886,0.39370080,-0.07874016
-0.40804086,0.39370080,0.00000000
-0.40763286,0.39370080,0.00000000
-0.40722486,0.00000000,0.00000000
-0.40681686,0.39370080,-0.07874016
-0.40640886,0.00000000,0.00000000
-0.40600086,0.78740160,0.00000000
-0.40559286,0.39370080,-0.07874016
-0.40518486,0.39370080,0.00000000
-0.40477686,0.39370080,0.00000000
-0.40436886,0.78740160,0.00000000
-0.40396086,0.00000000,0.00000000
-0.40355286,0.39370080,0.00000000
-0.40314486,0.39370080,0.00000000
-0.40273686,0.78740160,-0.07874016
-0.40232886,0.39370080,0.00000000
-0.40192086,0.78740160,0.00000000
-0.40151286,0.78740160,0.00000000
-0.40110486,0.39370080,-0.07874016
-0.40069686,0.39370080,0.00000000
-0.40028886,0.39370080,0.00000000
-0.39988086,0.00000000,0.00000000
-0.39947286,0.39370080,0.00000000
-0.39906486,0.78740160,0.00000000
-0.39865686,0.39370080,0.00000000
-0.39824886,0.39370080,0.00000000
-0.39784086,0.00000000,-0.07874016
-0.39743286,0.00000000,0.00000000
-0.39702486,0.39370080,0.00000000
-0.39661686,0.39370080,0.00000000
-0.39620886,0.39370080,-0.07874016
-0.39580086,0.39370080,0.00000000
-0.39539286,0.00000000,0.00000000
-0.39498486,0.00000000,-0.07874016
-0.39457686,0.39370080,-0.07874016
-0.39416886,0.39370080,0.00000000
-0.39376086,0.39370080,0.00000000
-0.39335286,0.00000000,0.00000000
-0.39294486,0.39370080,0.00000000
-0.39253686,0.39370080,0.00000000
-0.39212886,0.39370080,-0.07874016
-0.39172086,0.39370080,0.00000000
-0.39131286,0.39370080,0.00000000
-0.39090486,0.39370080,0.00000000
-0.39049686,0.39370080,0.00000000
-0.39008886,0.39370080,0.00000000
-0.38968086,0.00000000,-0.07874016
-0.38927286,0.00000000,0.00000000
-0.38886486,0.39370080,-0.07874016
-0.38845686,0.39370080,0.00000000
-0.38804886,0.00000000,0.00000000
-0.38764086,0.00000000,0.00000000
-0.38723286,0.39370080,0.00000000
-0.38682486,0.00000000,0.00000000
-0.38641686,0.00000000,0.00000000
-0.38600886,0.39370080,0.00000000
-0.38560086,0.39370080,0.00000000
-0.38519286,0.00000000,0.00000000
-0.38478486,0.00000000,0.00000000
-0.38437686,0.39370080,0.00000000
-0.38396886,0.00000000,0.00000000
-0.38356086,0.39370080,0.00000000
-0.38315286,0.39370080,0.00000000
-0.38274486,0.78740160,0.00000000
-0.38233686,0.78740160,0.00000000
-0.38192886,0.39370080,-0.07874016
-0.38152086,0.39370080,0.00000000
-0.38111286,0.00000000,0.00000000
-0.38070486,0.39370080,0.00000000
-0.38029686,0.39370080,0.00000000
-0.37988886,0.39370080,0.00000000
-0.37948086,0.39370080,0.00000000
-0.37907286,0.78740160,-0.07874016
-0.37866486,0.00000000,-0.07874016
-0.37825686,0.00000000,0.00000000
-0.37784886,0.39370080,0.00000000
-0.37744086,0.39370080,0.00000000
-0.37703286,0.00000000,0.00000000
-0.37662486,0.00000000,0.00000000
-0.37621686,0.39370080,0.00000000
-0.37580886,0.39370080,0.00000000
-0.37540086,0.39370080,0.00000000
-0.37499286,0.39370080,0.00000000
-0.37458486,0.39370080,0.00000000
-0.37417686,0.39370080,0.00000000
-0.37376886,0.39370080,-0.07874016
-0.37336086,0.39370080,-0.07874016
-0.37295286,0.39370080,0.00000000
-0.37254486,0.78740160,0.00000000
-0.37213686,0.00000000,0.00000000
-0.37172886,0.39370080,-0.07874016
-0.37132086,0.39370080,-0.07874016
-0.37091286,0.39370080,0.00000000
-0.37050486,0.39370080,0.00000000
-0.37009686,0.78740160,-0.07874016
-0.36968886,0.39370080,0.00000000
-0.36928086,0.39370080,0.00000000
-0.36887286,0.00000000,0.00000000
-0.36846486,0.39370080,-0.07874016
-0.36805686,0.00000000,0.00000000
-0.36764886,0.00000000,0.00000000
-0.36724086,0.78740160,0.00000000
-0.36683286,0.00000000,0.00000000
-0.36642486,0.39370080,0.00000000
-0.36601686,0.39370080,0.00000000
-0.36560886,0.39370080,0.00000000
-0.36520086,0.78740160,0.00000000
-0.36479286,0.39370080,0.00000000
-0.36438486,0.00000000,-0.07874016
-0.36397686,0.39370080,0.00000000
-0.36356886,0.39370080,0.00000000
-0.36316086,0.00000000,0.00000000
-0.36275286,0.39370080,0.00000000
-0.36234486,0.39370080,0.00000000
-0.36193686,0.39370080,0.00000000
-0.36152886,0.39370080,0.00000000
-0.36112086,0.39370080,0.00000000
-0.36071286,0.39370080,0.00000000
-0.36030486,0.39370080,0.00000000
-0.35989686,0.78740160,0.00000000
-0.35948886,0.39370080,0.00000000
-0.35908086,0.00000000,0.00000000
-0.35867286,0.39370080,0.00000000
-0.35826486,0.39370080,0.00000000
-0.35785686,0.78740160,-0.07874016
-0.35744886,0.39370080,0.00000000
-0.35704086,0.39370080,0.00000000
-0.35663286,0.00000000,-0.07874016
-0.35622486,0.39370080,0.00000000
-0.35581686,0.00000000,0.00000000
-0.35540886,0.39370080,-0.07874016
-0.35500086,0.39370080,-0.07874016
-0.35459286,0.39370080,-0.07874016
-0.35418486,0.39370080,0.00000000
-0.35377686,0.39370080,0.00000000
-0.35336886,0.39370080,0.00000000
-0.35296086,0.39370080,0.00000000
-0.35255286,0.39370080,0.00000000
-0.35214486,0.39370080,0.00000000
-0.35173686,0.78740160,0.00000000
-0.35132886,0.00000000,-0.07874016
-0.35092086,0.39370080,0.00000000
-0.35051286,0.39370080,-0.07874016
-0.35010486,0.39370080,0.00000000
-0.34969686,0.39370080,-0.07874016
-0.34928886,0.78740160,-0.07874016
-0.34888086,0.39370080,-0.07874016
-0.34847286,0.00000000,0.00000000
-0.34806486,0.00000000,-0.07874016
-0.34765686,0.39370080,0.00000000
-0.34724886,0.39370080,-0.07874016
-0.34684086,0.39370080,0.00000000
-0.34643286,0.39370080,0.00000000
-0.34602486,0.39370080,0.00000000
-0.34561686,0.39370080,0.00000000
-0.34520886,0.39370080,0.00000000
-0.34480086,0.39370080,0.00000000
-0.34439286,0.39370080,0.00000000
-0.34398486,0.39370080,0.00000000
-0.34357686,0.39370080,0.00000000
-0.34316886,0.39370080,-0.07874016
-0.34276086,0.39370080,0.00000000
-0.34235286,0.00000000,0.00000000
-0.34194486,0.39370080,0.00000000
-0.34153686,0.39370080,0.00000000
-0.34112886,0.39370080,0.00000000
-0.34072086,0.39370080,0.00000000
-0.34031286,0.39370080,0.00000000
-0.33990486,0.39370080,0.00000000
-0.33949686,0.00000000,0.00000000
-0.33908886,0.39370080,0.00000000
-0.33868086,0.00000000,0.00000000
-0.33827286,0.39370080,0.00000000
-0.33786486,0.39370080,0.00000000
-0.33745686,0.39370080,-0.07874016
-0.33704886,0.00000000,0.00000000
-0.33664086,0.39370080,0.00000000
-0.33623286,0.39370080,-0.07874016
-0.33582486,0.00000000,0.00000000
-0.33541686,0.78740160,0.00000000
-0.33500886,0.00000000,-0.07874016
-0.33460086,0.39370080,0.00000000
-0.33419286,0.39370080,0.00000000
-0.33378486,0.39370080,0.00000000
-0.33337686,0.39370080,-0.07874016
-0.33296886,0.00000000,0.00000000
-0.33256086,0.39370080,0.00000000
-0.33215286,0.39370080,0.00000000
-0.33174486,0.78740160,0.00000000
-0.33133686,0.00000000,0.00000000
-0.33092886,0.00000000,0.00000000
-0.33052086,0.39370080,0.00000000
-0.33011286,0.39370080,0.00000000
-0.32970486,0.78740160,0.00000000
-0.32929686,0.39370080,0.00000000
-0.32888886,0.39370080,0.00000000
-0.32848086,0.39370080,-0.07874016
-0.32807286,0.39370080,0.00000000
-0.32766486,0.78740160,0.00000000
-0.32725686,0.39370080,0.00000000
-0.32684886,0.39370080,0.00000000
-0.32644086,0.78740160,0.00000000
-0.32603286,0.39370080,0.00000000
-0.32562486,0.78740160,0.00000000
-0.32521686,0.00000000,0.00000000
-0.32480886,0.78740160,0.00000000
-0.32440086,0.39370080,0.00000000
-0.32399286,0.39370080,0.00000000
-0.32358486,0.39370080,-0.07874016
-0.32317686,0.39370080,0.00000000
-0.32276886,0.00000000,0.00000000
-0.32236086,0.39370080,0.00000000
-0.32195286,0.39370080,0.00000000
-0.32154486,0.39370080,0.00000000
-0.32113686,0.39370080,-0.07874016
-0.32072886,0.00000000,0.00000000
-0.32032086,0.39370080,0.00000000
-0.31991286,0.39370080,0.00000000
-0.31950486,0.39370080,0.00000000
-0.31909686,0.39370080,0.00000000
-0.31868886,0.00000000,0.00000000
-0.31828086,0.39370080,0.00000000
-0.31787286,0.00000000,0.00000000
-0.31746486,0.39370080,0.00000000
-0.31705686,0.39370080,0.00000000
-0.31664886,0.39370080,0.00000000
-0.31624086,0.39370080,0.00000000
-0.31583286,0.00000000,0.00000000
-0.31542486,0.00000000,0.00000000
-0.31501686,0.39370080,-0.07874016
-0.31460886,0.39370080,-0.07874016
-0.31420086,0.00000000,0.00000000
-0.31379286,0.39370080,0.00000000
-0.31338486,0.39370080,0.00000000
-0.31297686,0.00000000,0.00000000
-0.31256886,0.39370080,0.00000000
-0.31216086,0.39370080,0.00000000
-0.31175286,0.39370080,-0.07874016
-0.31134486,0.39370080,0.00000000
-0.31093686,0.39370080,0.00000000
-0.31052886,0.39370080,0.00000000
-0.31012086,0.39370080,0.00000000
-0.30971286,0.00000000,0.00000000
-0.30930486,0.39370080,0.00000000
-0.30889686,0.39370080,0.00000000
-0.30848886,0.39370080,0.00000000
-0.30808086,0.39370080,0.00000000
-0.30767286,0.39370080,0.00000000
-0.30726486,0.78740160,-0.07874016
-0.30685686,0.39370080,0.00000000
-0.30644886,0.39370080,0.00000000
-0.30604086,0.39370080,0.00000000
-0.30563286,0.78740160,0.00000000
-0.30522486,0.39370080,0.00000000
-0.30481686,0.39370080,0.00000000
-0.30440886,0.39370080,0.00000000
-0.30400086,0.39370080,0.00000000
-0.30359286,0.39370080,0.00000000
-0.30318486,0.39370080,0.00000000
-0.30277686,0.78740160,0.00000000
-0.30236886,0.39370080,-0.07874016
-0.30196086,0.39370080,0.00000000
-0.30155286,0.39370080,-0.07874016
-0.30114486,0.00000000,0.00000000
-0.30073686,0.39370080,0.00000000
-0.30032886,0.00000000,0.00000000
-0.29992086,0.78740160,0.00000000
-0.29951287,0.78740160,0.00000000
-0.29910487,0.39370080,0.00000000
-0.29869687,0.00000000,0.00000000
-0.29828887,0.39370080,0.00000000
-0.29788087,0.00000000,0.00000000
-0.29747287,0.39370080,0.00000000
-0.29706487,0.39370080,0.00000000
-0.29665687,0.39370080,-0.07874016
-0.29624887,0.39370080,0.00000000
-0.29584087,0.39370080,-0.07874016
-0.29543287,0.39370080,0.00000000
-0.29502487,0.78740160,0.00000000
-0.29461687,0.39370080,0.00000000
-0.29420887,0.78740160,0.00000000
-0.29380087,0.39370080,0.00000000
-0.29339287,0.39370080,-0.07874016
-0.29298487,0.00000000,0.00000000
-0.29257687,0.39370080,0.00000000
-0.29216887,0.39370080,0.00000000
-0.29176087,0.39370080,-0.07874016
-0.29135287,0.00000000,0.00000000
-0.29094487,0.39370080,-0.07874016
-0.29053687,0.00000000,0.00000000
-0.29012887,0.39370080,-0.07874016
-0.28972087,0.39370080,0.00000000
-0.28931287,0.39370080,0.00000000
-0.28890487,0.00000000,0.00000000
-0.28849687,0.39370080,-0.07874016
-0.28808887,0.39370080,0.00000000
-0.28768087,0.39370080,-0.07874016
-0.28727287,0.00000000,0.00000000
-0.28686487,0.39370080,0.00000000
-0.28645687,0.39370080,0.00000000
-0.28604887,0.39370080,-0.07874016
-0.28564087,0.39370080,0.00000000
-0.28523287,0.39370080,-0.07874016
-0.28482487,0.00000000,0.00000000
-0.28441687,0.39370080,0.00000000
-0.28400887,0.00000000,0.00000000
-0.28360087,0.39370080,-0.07874016
-0.28319287,0.00000000,0.00000000
-0.28278487,0.39370080,0.00000000
-0.28237687,0.39370080,0.00000000
-0.28196887,0.78740160,0.00000000
-0.28156087,0.39370080,0.00000000
-0.28115287,0.39370080,0.00000000
-0.28074487,0.39370080,0.00000000
-0.28033687,0.39370080,0.00000000
-0.27992887,0.78740160,0.00000000
-0.27952087,0.39370080,0.00000000
-0.27911287,0.39370080,0.00000000
-0.27870487,0.39370080,-0.07874016
-0.27829687,0.39370080,0.00000000
-0.27788887,0.78740160,0.00000000
-0.27748087,0.39370080,0.00000000
-0.27707287,0.39370080,0.00000000
-0.27666487,0.00000000,0.00000000
-0.27625687,0.78740160,-0.07874016
-0.27584887,0.39370080,0.00000000
-0.27544087,0.39370080,0.00000000
-0.27503287,0.00000000,0.00000000
-0.27462487,0.00000000,-0.07874016
-0.27421687,0.39370080,0.00000000
-0.27380887,0.39370080,0.00000000
-0.27340087,0.39370080,0.00000000
-0.27299287,0.39370080,0.00000000
-0.27258487,0.39370080,0.00000000
-0.27217687,0.39370080,0.00000000
-0.27176887,0.39370080,0.00000000
-0.27136087,0.00000000,0.00000000
-0.27095287,0.39370080,0.00000000
-0.27054487,0.39370080,0.00000000
-0.27013687,0.00000000,0.00000000
-0.26972887,0.78740160,0.00000000
-0.26932087,0.39370080,0.00000000
-0.26891287,0.39370080,0.00000000
-0.26850487,0.39370080,0.00000000
-0.26809687,0.00000000,0.00000000
-0.26768887,0.00000000,0.00000000
-0.26728087,0.39370080,0.00000000
-0.26687287,0.00000000,0.00000000
-0.26646487,0.39370080,0.00000000
-0.26605687,0.39370080,0.00000000
-0.26564887,0.00000000,0.00000000
-0.26524087,0.39370080,0.00000000
-0.26483287,0.39370080,-0.07874016
-0.26442487,0.39370080,0.00000000
-0.26401687,0.39370080,0.00000000
-0.26360887,0.39370080,0.00000000
-0.26320087,0.39370080,0.00000000
-0.26279287,0.00000000,0.00000000
-0.26238487,0.00000000,0.00000000
-0.26197687,0.00000000,0.00000000
-0.26156887,0.00000000,0.00000000
-0.26116087,0.39370080,0.00000000
-0.26075287,0.39370080,0.00000000
-0.26034487,0.00000000,-0.07874016
-0.25993687,0.39370080,0.00000000
-0.25952887,0.00000000,0.00000000
-0.25912087,0.39370080,0.00000000
-0.25871287,0.39370080,0.00000000
-0.25830487,0.39370080,0.00000000
-0.25789687,0.39370080,0.00000000
-0.25748887,0.39370080,-0.07874016
-0.25708087,0.00000000,0.00000000
-0.25667287,0.78740160,0.00000000
-0.25626487,0.00000000,0.00000000
-0.25585687,0.39370080,-0.07874016
-0.25544887,0.78740160,0.00000000
-0.25504087,0.39370080,0.00000000
-0.25463287,0.39370080,0.00000000
-0.25422487,0.78740160,0.00000000
-0.25381687,0.39370080,0.00000000
-0.25340887,0.78740160,0.00000000
-0.25300087,0.78740160,0.00000000
-0.25259287,0.00000000,0.00000000
-0.25218487,0.78740160,0.00000000
-0.25177687,0.39370080,-0.07874016
-0.25136887,0.39370080,0.00000000
-0.25096087,0.39370080,-0.07874016
-0.25055287,0.39370080,0.00000000
-0.25014487,0.78740160,0.00000000
-0.24973687,0.39370080,-0.07874016
-0.24932887,0.78740160,0.00000000
-0.24892087,0.39370080,0.00000000
-0.24851287,0.39370080,-0.07874016
-0.24810487,0.39370080,0.00000000
-0.24769687,0.39370080,-0.07874016
-0.24728887,0.39370080,0.00000000
-0.24688087,0.39370080,0.00000000
-0.24647287,0.39370080,0.00000000
-0.24606487,0.39370080,-0.07874016
-0.24565687,0.00000000,-0.07874016
-0.24524887,0.39370080,0.00000000
-0.24484087,0.39370080,0.00000000
-0.24443287,0.00000000,0.00000000
-0.24402487,0.39370080,0.00000000
-0.24361687,0.39370080,0.00000000
-0.24320887,0.00000000,0.00000000
-0.24280087,0.00000000,-0.07874016
-0.24239287,0.39370080,0.00000000
-0.24198487,0.39370080,0.00000000
-0.24157687,0.39370080,-0.07874016
-0.24116887,0.78740160,-0.07874016
-0.24076087,0.39370080,0.00000000
-0.24035287,0.39370080,-0.07874016
-0.23994487,0.39370080,0.00000000
-0.23953687,0.00000000,-0.07874016
-0.23912887,0.39370080,0.00000000
-0.23872087,0.00000000,0.00000000
-0.23831287,0.00000000,0.00000000
-0.23790487,0.39370080,-0.07874016
-0.23749687,0.39370080,0.00000000
-0.23708887,0.39370080,0.00000000
-0.23668087,0.39370080,0.00000000
-0.23627287,0.39370080,0.00000000
-0.23586487,0.39370080,0.00000000
-0.23545687,0.39370080,-0.07874016
-0.23504887,0.39370080,0.00000000
-0.23464087,0.39370080,0.00000000
-0.23423287,0.39370080,0.00000000
-0.23382487,0.39370080,-0.07874016
-0.23341687,0.39370080,0.00000000
-0.23300887,0.39370080,-0.07874016
-0.23260087,0.39370080,0.00000000
-0.23219287,0.39370080,0.00000000
-0.23178487,0.39370080,0.00000000
-0.23137687,0.39370080,0.00000000
-0.23096887,0.39370080,0.00000000
-0.23056087,0.39370080,0.00000000
-0.23015287,0.78740160,0.00000000
-0.22974487,0.00000000,0.00000000
-0.22933687,0.39370080,0.00000000
-0.22892887,0.78740160,0.00000000
-0.22852087,0.78740160,0.00000000
-0.22811287,0.78740160,0.00000000
-0.22770487,0.39370080,0.00000000
-0.22729687,0.39370080,0.00000000
-0.22688887,0.39370080,0.00000000
-0.22648087,0.39370080,0.00000000
-0.22607287,0.39370080,0.00000000
-0.22566487,0.39370080,0.00000000
-0.22525687,0.39370080,0.00000000
-0.22484887,0.39370080,0.00000000
-0.22444087,0.39370080,0.00000000
-0.22403287,0.39370080,0.00000000
-0.22362487,0.39370080,0.00000000
-0.22321687,0.39370080,0.00000000
-0.22280887,0.39370080,0.00000000
-0.22240087,0.39370080,0.00000000
-0.22199287,0.00000000,0.00000000
-0.22158487,0.39370080,-0.07874016
-0.22117687,0.39370080,0.00000000
-0.22076887,0.39370080,0.00000000
-0.22036087,0.39370080,0.00000000
-0.21995287,0.39370080,0.00000000
-0.21954487,0.00000000,0.00000000
-0.21913687,0.39370080,0.00000000
-0.21872887,0.00000000,-0.07874016
-0.21832087,0.00000000,-0.07874016
-0.21791287,0.39370080,-0.07874016
-0.21750487,0.39370080,-0.07874016
-0.21709687,0.00000000,0.00000000
-0.21668887,0.00000000,-0.07874016
-0.21628087,0.39370080,0.00000000
-0.21587287,0.39370080,-0.07874016
-0.21546487,0.00000000,0.00000000
-0.21505687,0.39370080,0.00000000
-0.21464887,0.39370080,0.00000000
-0.21424087,0.39370080,-0.07874016
-0.21383287,0.39370080,0.00000000
-0.21342487,0.39370080,0.00000000
-0.21301687,0.00000000,0.00000000
-0.21260887,0.39370080,-0.07874016
-0.21220087,0.39370080,-0.07874016
-0.21179287,0.39370080,0.00000000
-0.21138487,0.39370080,0.00000000
-0.21097687,0.39370080,0.00000000
-0.21056887,0.39370080,0.00000000
-0.21016087,0.00000000,0.00000000
-0.20975287,0.00000000,0.00000000
-0.20934487,0.39370080,0.00000000
-0.20893687,0.39370080,0.00000000
-0.20852887,0.39370080,-0.07874016
-0.20812087,0.39370080,0.00000000
-0.20771287,0.39370080,0.00000000
-0.20730487,0.39370080,0.00000000
-0.20689687,0.39370080,-0.07874016
-0.20648887,0.00000000,0.00000000
-0.20608087,0.39370080,-0.07874016
-0.20567287,0.39370080,0.00000000
-0.20526487,0.78740160,0.00000000
-0.20485687,0.78740160,0.00000000
-0.20444887,0.39370080,0.00000000
-0.20404087,0.39370080,0.00000000
-0.20363287,0.78740160,0.00000000
-0.20322487,0.78740160,0.00000000
-0.20281687,0.39370080,0.00000000
-0.20240887,0.39370080,0.00000000
-0.20200087,0.39370080,-0.07874016
-0.20159287,0.00000000,0.00000000
-0.20118487,0.39370080,0.00000000
-0.20077687,0.78740160,0.00000000
-0.20036887,0.78740160,0.00000000
-0.19996087,0.39370080,0.00000000
-0.19955287,0.39370080,-0.07874016
-0.19914487,0.39370080,0.00000000
-0.19873687,0.00000000,0.00000000
-0.19832887,0.39370080,0.00000000
-0.19792087,0.39370080,-0.07874016
-0.19751287,0.39370080,0.00000000
-0.19710487,0.39370080,0.00000000
-0.19669687,0.00000000,0.00000000
-0.19628887,0.39370080,0.00000000
-0.19588087,0.39370080,0.00000000
-0.19547287,0.39370080,0.00000000
-0.19506487,0.39370080,0.00000000
-0.19465687,0.39370080,-0.07874016
-0.19424887,0.00000000,0.00000000
-0.19384087,0.39370080,-0.07874016
-0.19343287,0.39370080,0.00000000
-0.19302487,0.39370080,0.00000000
-0.19261687,0.39370080,0.00000000
-0.19220887,0.39370080,0.00000000
-0.19180087,0.00000000,0.00000000
-0.19139287,0.39370080,0.00000000
-0.19098487,0.39370080,0.00000000
-0.19057687,0.00000000,0.00000000
-0.19016887,0.00000000,0.00000000
-0.18976087,0.39370080,-0.07874016
-0.18935287,0.39370080,0.00000000
-0.18894487,0.39370080,0.00000000
-0.18853687,0.39370080,0.00000000
-0.18812887,0.00000000,0.00000000
-0.18772087,0.39370080,0.00000000
-0.18731287,0.39370080,-0.07874016
-0.18690487,0.00000000,0.00000000
-0.18649687,0.00000000,0.00000000
-0.18608887,0.39370080,0.00000000
-0.18568087,0.39370080,-0.07874016
-0.18527287,0.39370080,0.00000000
-0.18486487,0.39370080,0.00000000
-0.18445687,0.39370080,0.00000000
-0.18404887,0.00000000,0.00000000
-0.18364087,0.00000000,0.00000000
-0.18323287,0.39370080,0.00000000
-0.18282487,0.78740160,-0.07874016
-0.18241687,0.39370080,0.00000000
-0.18200887,0.00000000,-0.07874016
-0.18160087,0.39370080,0.00000000
-0.18119287,0.78740160,0.00000000
-0.18078487,0.39370080,-0.07874016
-0.18037687,0.39370080,-0.07874016
-0.17996887,0.39370080,0.00000000
-0.17956087,0.39370080,0.00000000
-0.17915287,0.00000000,0.00000000
-0.17874487,0.39370080,0.00000000
-0.17833687,0.39370080,0.00000000
-0.17792887,0.39370080,0.00000000
-0.17752087,0.39370080,0.00000000
-0.17711287,0.39370080,0.00000000
-0.17670487,0.39370080,0.00000000
-0.17629687,0.39370080,0.00000000
-0.17588887,0.39370080,0.00000000
-0.17548087,0.39370080,0.00000000
-0.17507287,0.78740160,-0.07874016
-0.17466487,0.39370080,0.00000000
-0.17425687,0.00000000,0.00000000
-0.17384887,0.39370080,0.00000000
-0.17344087,0.39370080,-0.07874016
-0.17303287,0.39370080,0.00000000
-0.17262487,0.39370080,0.00000000
-0.17221687,0.00000000,0.00000000
-0.17180887,0.39370080,-0.07874016
-0.17140087,0.39370080,0.00000000
-0.17099287,0.00000000,0.00000000
-0.17058487,0.39370080,-0.07874016
-0.17017687,0.00000000,0.00000000
-0.16976887,0.00000000,0.00000000
-0.16936087,0.39370080,0.00000000
-0.16895287,0.00000000,0.00000000
-0.16854487,0.00000000,0.00000000
-0.16813687,0.39370080,-0.07874016
-0.16772887,0.39370080,0.00000000
-0.16732087,0.00000000,-0.07874016
-0.16691287,0.00000000,-0.07874016
-0.16650487,0.39370080,0.00000000
-0.16609687,0.39370080,-0.07874016
-0.16568887,0.00000000,0.00000000
-0.16528087,0.39370080,0.00000000
-0.16487287,0.39370080,0.00000000
-0.16446487,0.39370080,-0.07874016
-0.16405687,0.39370080,0.00000000
-0.16364887,0.39370080,0.00000000
-0.16324087,0.39370080,0.00000000
-0.16283287,0.39370080,0.00000000
-0.16242487,0.39370080,0.00000000
-0.16201687,0.39370080,0.00000000
-0.16160887,0.39370080,0.00000000
-0.16120087,0.39370080,0.00000000
-0.16079287,0.39370080,0.00000000
-0.16038487,0.39370080,0.00000000
-0.15997687,0.00000000,0.00000000
-0.15956887,0.39370080,0.00000000
-0.15916087,0.39370080,0.00000000
-0.15875287,0.39370080,-0.07874016
-0.15834487,0.39370080,0.00000000
-0.15793687,0.39370080,0.00000000
-0.15752887,0.39370080,0.00000000
-0.15712087,0.39370080,0.00000000
-0.15671287,0.39370080,0.00000000
-0.15630487,0.39370080,0.00000000
-0.15589687,0.39370080,0.00000000
-0.15548887,0.39370080,0.00000000
-0.15508087,0.78740160,0.00000000
-0.15467287,0.39370080,0.00000000
-0.15426487,0.00000000,0.00000000
-0.15385687,0.39370080,0.00000000
-0.15344887,0.39370080,0.00000000
-0.15304087,0.78740160,0.00000000
-0.15263287,0.39370080,0.00000000
-0.15222487,0.39370080,0.00000000
-0.15181687,0.39370080,-0.07874016
-0.15140887,0.00000000,0.00000000
-0.15100087,0.78740160,0.00000000
-0.15059287,0.39370080,0.00000000
-0.15018487,0.39370080,0.00000000
-0.14977687,0.78740160,-0.07874016
-0.14936887,0.39370080,0.00000000
-0.14896087,0.39370080,0.00000000
-0.14855287,0.39370080,0.00000000
-0.14814487,0.78740160,-0.07874016
-0.14773687,0.39370080,-0.07874016
-0.14732887,0.39370080,0.00000000
-0.14692087,0.39370080,0.00000000
-0.14651287,0.39370080,-0.07874016
-0.14610487,0.39370080,0.00000000
-0.14569687,0.39370080,0.00000000
-0.14528887,0.39370080,0.00000000
-0.14488087,0.39370080,-0.07874016
-0.14447287,0.78740160,0.00000000
-0.14406487,0.39370080,0.00000000
-0.14365687,0.00000000,0.00000000
-0.14324887,0.39370080,0.00000000
-0.14284087,0.39370080,0.00000000
-0.14243287,0.39370080,-0.07874016
-0.14202487,0.78740160,-0.07874016
-0.14161687,0.39370080,0.00000000
-0.14120887,0.00000000,0.00000000
-0.14080087,0.39370080,-0.07874016
-0.14039287,0.00000000,-0.07874016
-0.13998487,0.39370080,0.00000000
-0.13957687,0.39370080,-0.07874016
-0.13916887,0.39370080,-0.07874016
-0.13876087,0.39370080,-0.07874016
-0.13835287,0.78740160,0.00000000
-0.13794487,0.39370080,0.00000000
-0.13753687,0.39370080,-0.07874016
-0.13712887,0.39370080,-0.07874016
-0.13672087,0.39370080,0.00000000
-0.13631287,0.39370080,0.00000000
-0.13590487,0.39370080,0.00000000
-0.13549687,0.39370080,0.00000000
-0.13508887,0.78740160,0.00000000
-0.13468087,0.00000000,0.00000000
-0.13427287,0.78740160,-0.07874016
-0.13386487,0.39370080,0.00000000
-0.13345687,0.39370080,0.00000000
-0.13304887,0.39370080,-0.07874016
-0.13264087,0.00000000,-0.07874016
-0.13223287,0.39370080,-0.07874016
-0.13182487,0.00000000,0.00000000
-0.13141687,0.00000000,0.00000000
-0.13100887,0.39370080,0.00000000
-0.13060087,0.39370080,0.00000000
-0.13019287,0.39370080,-0.07874016
-0.12978487,0.39370080,0.00000000
-0.12937687,0.39370080,-0.07874016
-0.12896887,0.39370080,0.00000000
-0.12856087,0.39370080,0.00000000
-0.12815287,0.39370080,-0.07874016
-0.12774487,0.78740160,0.00000000
-0.12733687,0.39370080,0.00000000
-0.12692887,0.39370080,0.00000000
-0.12652087,0.39370080,0.00000000
-0.12611287,0.00000000,-0.07874016
-0.12570487,0.00000000,0.00000000
-0.12529687,0.39370080,0.00000000
-0.12488887,0.00000000,0.00000000
-0.12448087,0.39370080,-0.07874016
-0.12407287,0.00000000,0.00000000
-0.12366487,0.39370080,0.00000000
-0.12325687,0.39370080,0.00000000
-0.12284888,0.00000000,-0.07874016
-0.12244088,0.39370080,0.00000000
-0.12203288,0.39370080,-0.07874016
-0.12162488,0.39370080,0.00000000
-0.12121688,0.39370080,-0.07874016
-0.12080888,0.00000000,-0.07874016
-0.12040088,0.39370080,0.00000000
-0.11999288,0.00000000,-0.07874016
-0.11958488,0.39370080,0.00000000
-0.11917688,0.39370080,0.00000000
-0.11876888,0.39370080,0.00000000
-0.11836088,0.00000000,0.00000000
-0.11795288,0.00000000,0.00000000
-0.11754488,0.00000000,0.00000000
-0.11713688,0.00000000,0.00000000
-0.11672888,0.00000000,0.00000000
-0.11632088,0.39370080,0.00000000
-0.11591288,0.00000000,0.00000000
-0.11550488,0.39370080,-0.07874016
-0.11509688,0.39370080,0.00000000
-0.11468888,0.39370080,-0.07874016
-0.11428088,0.39370080,0.00000000
-0.11387288,0.78740160,0.00000000
-0.11346488,0.00000000,0.00000000
-0.11305688,0.39370080,-0.07874016
-0.11264888,0.39370080,0.00000000
-0.11224088,0.39370080,-0.07874016
-0.11183288,0.39370080,0.00000000
-0.11142488,0.39370080,0.00000000
-0.11101688,0.39370080,0.00000000
-0.11060888,0.39370080,0.00000000
-0.11020088,0.39370080,0.00000000
-0.10979288,0.39370080,-0.07874016
-0.10938488,0.39370080,0.00000000
-0.10897688,0.39370080,-0.07874016
-0.10856888,0.39370080,0.00000000
-0.10816088,0.00000000,0.00000000
-0.10775288,0.00000000,0.00000000
-0.10734488,0.78740160,-0.07874016
-0.10693688,0.78740160,0.00000000
-0.10652888,0.39370080,0.00000000
-0.10612088,0.78740160,0.00000000
-0.10571288,0.39370080,-0.07874016
-0.10530488,0.39370080,0.00000000
-0.10489688,0.00000000,-0.07874016
-0.10448888,0.78740160,0.00000000
-0.10408088,0.39370080,-0.07874016
-0.10367288,0.00000000,0.00000000
-0.10326488,0.39370080,-0.07874016
-0.10285688,0.39370080,0.00000000
-0.10244888,0.39370080,0.00000000
-0.10204088,0.39370080,0.00000000
-0.10163288,0.39370080,0.00000000
-0.10122488,0.39370080,0.00000000
-0.10081688,0.00000000,0.00000000
-0.10040888,0.39370080,0.00000000
-0.10000088,0.39370080,-0.07874016
-0.09959288,0.39370080,0.00000000
-0.09918488,0.39370080,0.00000000
-0.09877688,0.39370080,0.00000000
-0.09836888,0.39370080,0.00000000
-0.09796088,0.39370080,0.00000000
-0.09755288,0.39370080,0.00000000
-0.09714488,0.39370080,0.00000000
-0.09673688,0.39370080,-0.07874016
-0.09632888,0.39370080,0.00000000
-0.09592088,0.39370080,-0.07874016
-0.09551288,0.39370080,0.00000000
-0.09510488,0.39370080,0.00000000
-0.09469688,0.00000000,0.00000000
-0.09428888,0.39370080,-0.07874016
-0.09388088,0.39370080,0.00000000
-0.09347288,0.39370080,-0.07874016
-0.09306488,0.00000000,0.00000000
-0.09265688,0.78740160,0.00000000
-0.09224888,0.39370080,0.00000000
-0.09184088,0.00000000,0.00000000
-0.09143288,0.39370080,0.00000000
-0.09102488,0.39370080,0.00000000
-0.09061688,0.39370080,0.00000000
-0.09020888,0.00000000,0.00000000
-0.08980088,0.00000000,0.00000000
-0.08939288,0.78740160,-0.07874016
-0.08898488,0.00000000,0.00000000
-0.08857688,0.39370080,-0.07874016
-0.08816888,0.39370080,0.00000000
-0.08776088,0.39370080,-0.07874016
-0.08735288,0.39370080,0.00000000
-0.08694488,0.39370080,0.00000000
-0.08653688,0.39370080,0.00000000
-0.08612888,0.39370080,0.00000000
-0.08572088,0.39370080,0.00000000
-0.08531288,0.39370080,0.00000000
-0.08490488,0.39370080,0.00000000
-0.08449688,0.39370080,-0.07874016
-0.08408888,0.39370080,0.00000000
-0.08368088,0.39370080,0.00000000
-0.08327288,0.39370080,0.00000000
-0.08286488,0.78740160,0.00000000
-0.08245688,0.39370080,0.00000000
-0.08204888,0.39370080,-0.07874016
-0.08164088,0.39370080,0.00000000
-0.08123288,0.78740160,0.00000000
-0.08082488,0.39370080,0.00000000
-0.08041688,0.78740160,0.00000000
-0.08000888,0.00000000,0.00000000
-0.07960088,0.00000000,0.00000000
-0.07919288,0.39370080,0.00000000
-0.07878488,0.39370080,-0.07874016
-0.07837688,0.39370080,0.00000000
-0.07796888,0.39370080,-0.07874016
-0.07756088,0.39370080,0.00000000
-0.07715288,0.39370080,0.00000000
-0.07674488,0.39370080,0.00000000
-0.07633688,0.78740160,0.00000000
-0.07592888,0.78740160,0.00000000
-0.07552088,0.39370080,0.00000000
-0.07511288,0.39370080,0.00000000
-0.07470488,0.39370080,0.00000000
-0.07429688,0.00000000,0.00000000
-0.07388888,0.39370080,0.00000000
-0.07348088,0.00000000,0.00000000
-0.07307288,0.39370080,-0.07874016
-0.07266488,0.39370080,0.00000000
-0.07225688,0.39370080,0.00000000
-0.07184888,0.39370080,0.00000000
-0.07144088,0.39370080,0.00000000
-0.07103288,0.39370080,0.00000000
-0.07062488,0.39370080,-0.07874016
-0.07021688,0.39370080,0.00000000
-0.06980888,0.39370080,0.00000000
-0.06940088,0.00000000,0.00000000
-0.06899288,0.00000000,0.00000000
-0.06858488,0.78740160,-0.07874016
-0.06817688,0.39370080,0.00000000
-0.06776888,0.00000000,0.00000000
-0.06736088,0.39370080,0.00000000
-0.06695288,0.00000000,0.00000000
-0.06654488,0.00000000,0.00000000
-0.06613688,0.39370080,0.00000000
-0.06572888,0.00000000,0.00000000
-0.06532088,0.39370080,0.00000000
-0.06491288,0.39370080,-0.07874016
-0.06450488,0.39370080,0.00000000
-0.06409688,0.39370080,0.00000000
-0.06368888,0.39370080,0.00000000
-0.06328088,0.39370080,0.00000000
-0.06287288,0.39370080,0.00000000
-0.06246488,0.39370080,0.00000000
-0.06205688,0.39370080,0.00000000
-0.06164888,0.39370080,0.00000000
-0.06124088,0.00000000,0.00000000
-0.06083288,0.39370080,0.00000000
-0.06042488,0.00000000,0.00000000
-0.06001688,0.78740160,0.00000000
-0.05960888,0.39370080,0.00000000
-0.05920088,0.39370080,0.00000000
-0.05879288,0.39370080,0.00000000
-0.05838488,0.39370080,0.00000000
-0.05797688,0.39370080,0.00000000
-0.05756888,0.78740160,-0.07874016
-0.05716088,0.00000000,0.00000000
-0.05675288,0.39370080,0.00000000
-0.05634488,0.78740160,0.00000000
-0.05593688,0.39370080,0.00000000
-0.05552888,0.39370080,0.00000000
-0.05512088,0.39370080,-0.07874016
-0.05471288,0.39370080,0.00000000
-0.05430488,0.39370080,0.00000000
-0.05389688,0.39370080,0.00000000
-0.05348888,0.39370080,-0.07874016
-0.05308088,0.39370080,0.00000000
-0.05267288,0.39370080,-0.07874016
-0.05226488,0.39370080,0.00000000
-0.05185688,0.00000000,0.00000000
-0.05144888,0.39370080,0.00000000
-0.05104088,0.39370080,0.00000000
-0.05063288,0.78740160,-0.07874016
-0.05022488,0.39370080,0.00000000
-0.04981688,0.39370080,0.00000000
-0.04940888,0.78740160,-0.07874016
-0.04900088,0.39370080,0.00000000
-0.04859288,0.39370080,-0.07874016
-0.04818488,0.39370080,0.00000000
-0.04777688,0.39370080,0.00000000
-0.04736888,0.39370080,-0.07874016
-0.04696088,0.39370080,-0.07874016
-0.04655288,0.39370080,0.00000000
-0.04614488,0.78740160,0.00000000
-0.04573688,0.39370080,0.00000000
-0.04532888,0.39370080,-0.07874016
-0.04492088,0.78740160,0.00000000
-0.04451288,0.00000000,0.00000000
-0.04410488,0.39370080,0.00000000
-0.04369688,0.39370080,0.00000000
-0.04328888,0.00000000,0.00000000
-0.04288088,0.39370080,-0.07874016
-0.04247288,0.39370080,0.00000000
-0.04206488,0.00000000,0.00000000
-0.04165688,0.00000000,0.00000000
-0.04124888,0.00000000,-0.07874016
-0.04084088,0.39370080,0.00000000
-0.04043288,0.39370080,0.00000000
-0.04002488,0.00000000,0.00000000
-0.03961688,0.00000000,-0.07874016
-0.03920888,0.39370080,0.00000000
-0.03880088,0.39370080,0.00000000
-0.03839288,0.39370080,0.00000000
-0.03798488,0.39370080,0.00000000
-0.03757688,0.00000000,0.00000000
-0.03716888,0.39370080,0.00000000
-0.03676088,0.00000000,0.00000000
-0.03635288,0.39370080,-0.07874016
-0.03594488,0.39370080,0.00000000
-0.03553688,0.39370080,0.00000000
-0.03512888,0.39370080,0.00000000
-0.03472088,0.78740160,-0.07874016
-0.03431288,0.39370080,0.00000000
-0.03390488,0.39370080,0.00000000
-0.03349688,0.00000000,-0.07874016
-0.03308888,0.78740160,0.00000000
-0.03268088,0.78740160,0.00000000
-0.03227288,0.39370080,-0.07874016
-0.03186488,0.39370080,0.00000000
-0.03145688,0.00000000,0.00000000
-0.03104888,0.39370080,0.00000000
-0.03064088,0.78740160,0.00000000
-0.03023288,0.39370080,-0.07874016
-0.02982488,0.39370080,0.00000000
-0.02941688,0.39370080,-0.07874016
-0.02900888,0.00000000,0.00000000
-0.02860088,0.39370080,0.00000000
-0.02819288,0.00000000,0.00000000
-0.02778488,0.39370080,0.00000000
-0.02737688,0.78740160,-0.07874016
-0.02696888,0.78740160,0.00000000
-0.02656088,0.39370080,0.00000000
-0.02615288,0.39370080,0.00000000
-0.02574488,0.39370080,-0.07874016
-0.02533688,0.39370080,-0.07874016
-0.02492888,0.39370080,0.00000000
-0.02452088,0.78740160,0.00000000
-0.02411288,0.39370080,0.00000000
-0.02370488,0.39370080,-0.07874016
-0.02329688,0.39370080,-0.07874016
-0.02288888,0.39370080,0.00000000
-0.02248088,0.39370080,0.00000000
-0.02207288,0.39370080,0.00000000
-0.02166488,0.39370080,0.00000000
-0.02125688,0.39370080,0.00000000
-0.02084888,0.78740160,0.00000000
-0.02044088,0.39370080,0.00000000
-0.02003288,0.39370080,0.00000000
-0.01962488,0.39370080,-0.07874016
-0.01921688,0.39370080,-0.07874016
-0.01880888,0.39370080,0.00000000
-0.01840088,0.00000000,-0.07874016
-0.01799288,0.39370080,-0.07874016
-0.01758488,0.39370080,0.00000000
-0.01717688,0.00000000,0.00000000
-0.01676888,0.39370080,-0.07874016
-0.01636088,0.39370080,0.00000000
-0.01595288,0.39370080,-0.07874016
-0.01554488,0.39370080,0.00000000
-0.01513688,0.39370080,-0.07874016
-0.01472888,0.39370080,0.00000000
-0.01432088,0.39370080,0.00000000
-0.01391288,0.39370080,0.00000000
-0.01350488,0.78740160,-0.07874016
-0.01309688,0.00000000,0.00000000
-0.01268888,0.39370080,0.00000000
-0.01228088,0.39370080,0.00000000
-0.01187288,0.39370080,0.00000000
-0.01146488,0.39370080,0.00000000
-0.01105688,0.39370080,0.00000000
-0.01064888,0.00000000,0.00000000
-0.01024088,0.39370080,0.00000000
-0.00983288,0.78740160,-0.07874016
-0.00942488,0.39370080,-0.07874016
-0.00901688,0.39370080,0.00000000
-0.00860888,0.39370080,0.00000000
-0.00820088,0.00000000,0.00000000
-0.00779288,0.78740160,-0.07874016
-0.00738488,0.39370080,0.00000000
-0.00697688,0.78740160,-0.07874016
-0.00656888,0.39370080,0.00000000
-0.00616088,0.78740160,-0.07874016
-0.00575288,0.78740160,0.00000000
-0.00534488,0.78740160,0.00000000
-0.00493688,0.39370080,0.00000000
-0.00452888,0.39370080,0.00000000
-0.00412088,0.39370080,0.00000000
-0.00371288,0.78740160,0.00000000
-0.00330488,0.39370080,0.00000000
-0.00289688,0.78740160,0.00000000
-0.00248888,0.78740160,0.00000000
-0.00208088,0.00000000,0.00000000
-0.00167288,0.39370080,0.00000000
-0.00126488,0.39370080,0.00000000
-0.00085688,0.39370080,0.00000000
-0.00044888,0.78740160,0.31496060
-0.00004088,0.39370080,1.02362200
0.00036712,0.39370080,1.81102400
0.00077512,0.39370080,2.44094500
0.00118312,0.39370080,3.14960600
0.00159112,0.00000000,3.85826800
0.00199912,0.39370080,4.40944900
0.00240712,0.39370080,5.03937000
0.00281512,0.39370080,5.59055100
0.00322312,0.00000000,6.06299200
0.00363112,0.39370080,6.45669300
0.00403912,0.39370080,6.77165400
0.00444712,0.39370080,7.00787400
0.00485512,0.39370080,7.16535400
0.00526312,0.39370080,7.32283400
0.00567112,0.39370080,7.40157500
0.00607912,0.39370080,7.32283400
0.00648712,0.39370080,7.24409400
0.00689512,0.00000000,7.00787400
0.00730312,0.00000000,6.77165400
0.00771112,0.39370080,6.45669300
0.00811912,0.00000000,5.98425200
0.00852712,0.78740160,5.51181100
0.00893512,0.00000000,5.03937000
0.00934312,0.39370080,4.40944900
0.00975112,0.00000000,3.85826800
0.01015912,0.00000000,3.14960600
0.01056712,0.39370080,2.44094500
0.01097512,0.39370080,1.73228300
0.01138312,0.00000000,1.02362200
0.01179112,0.39370080,0.23622050
0.01219912,0.00000000,-0.55118110
0.01260712,0.39370080,-1.25984300
0.01301512,0.00000000,-1.96850400
0.01342312,0.39370080,-2.75590500
0.01383112,0.78740160,-3.38582700
0.01423912,0.00000000,-4.01574800
0.01464712,0.00000000,-4.64566900
0.01505512,0.39370080,-5.19685000
0.01546312,0.00000000,-5.74803200
0.01587112,0.78740160,-6.14173200
0.01627912,0.39370080,-6.53543300
0.01668712,0.39370080,-6.85039400
0.01709512,0.39370080,-7.08661400
0.01750312,0.00000000,-7.24409400
0.01791112,0.39370080,-7.40157500
0.01831912,0.39370080,-7.40157500
0.01872712,0.00000000,-7.32283400
0.01913512,0.39370080,-7.16535400
0.01954312,0.39370080,-6.92913400
0.01995112,0.39370080,-6.69291400
0.02035912,0.39370080,-6.29921200
0.02076712,0.78740160,-5.90551200
0.02117512,0.39370080,-5.43307100
0.02158312,0.39370080,-4.88189000
0.02199112,0.39370080,-4.25196800
0.02239912,0.78740160,-3.62204700
0.02280712,0.00000000,-2.99212600
0.02321512,0.39370080,-2.28346500
0.02362312,0.39370080,-1.57480300
0.02403112,0.39370080,-0.78740160
0.02443912,0.39370080,0.00000000
0.02484712,0.39370080,0.70866140
0.02525512,0.00000000,1.41732300
0.02566312,0.39370080,2.20472400
0.02607112,0.39370080,2.91338600
0.02647912,0.39370080,3.54330700
0.02688712,0.39370080,4.17322800
0.02729512,0.39370080,4.80315000
0.02770312,0.39370080,5.35433100
0.02811112,0.39370080,5.82677200
0.02851912,0.39370080,6.29921200
0.02892712,0.39370080,6.61417300
0.02933512,0.39370080,6.92913400
0.02974312,0.00000000,7.08661400
0.03015112,0.39370080,7.24409400
0.03055912,0.39370080,7.32283400
0.03096712,0.00000000,7.32283400
0.03137512,0.00000000,7.24409400
0.03178312,0.39370080,7.08661400
0.03219112,0.39370080,6.85039400
0.03259912,0.39370080,6.53543300
0.03300712,0.39370080,6.14173200
0.03341512,0.39370080,5.74803200
0.03382312,0.39370080,5.19685000
0.03423112,0.00000000,4.64566900
0.03463912,0.00000000,4.01574800
0.03504712,0.00000000,3.38582700
0.03545512,0.39370080,2.67716500
0.03586312,0.39370080,1.96850400
0.03627112,0.39370080,1.18110200
0.03667912,0.39370080,0.47244100
0.03708712,0.39370080,-0.31496060
0.03749512,0.78740160,-1.02362200
0.03790312,0.39370080,-1.81102400
0.03831112,0.00000000,-2.51968500
0.03871912,0.00000000,-3.22834600
0.03912712,0.39370080,-3.85826800
0.03953512,0.39370080,-4.48818900
0.03994312,0.39370080,-5.03937000
0.04035112,0.39370080,-5.59055100
0.04075912,0.39370080,-6.06299200
0.04116712,0.39370080,-6.45669300
0.04157512,0.39370080,-6.77165400
0.04198312,0.39370080,-7.08661400
0.04239112,0.39370080,-7.24409400
0.04279912,0.39370080,-7.40157500
0.04320712,0.39370080,-7.40157500
0.04361512,0.78740160,-7.40157500
0.04402312,0.39370080,-7.24409400
0.04443112,0.39370080,-7.00787400
0.04483912,0.78740160,-6.77165400
0.04524712,0.39370080,-6.45669300
0.04565512,0.39370080,-5.98425200
0.04606312,0.39370080,-5.59055100
0.04647112,0.39370080,-5.03937000
0.04687912,0.39370080,-4.48818900
0.04728712,0.39370080,-3.77952800
0.04769512,0.78740160,-3.14960600
0.04810312,0.39370080,-2.44094500
0.04851112,0.39370080,-1.73228300
0.04891912,0.78740160,-0.94488190
0.04932712,0.00000000,-0.23622050
0.04973512,0.39370080,0.47244100
0.05014312,0.78740160,1.25984300
0.05055112,0.39370080,1.96850400
0.05095912,0.39370080,2.67716500
0.05136712,0.39370080,3.38582700
0.05177512,0.78740160,4.01574800
0.05218312,0.39370080,4.64566900
0.05259112,0.39370080,5.19685000
0.05299912,0.39370080,5.74803200
0.05340712,0.39370080,6.14173200
0.05381511,0.39370080,6.53543300
0.05422311,0.39370080,6.85039400
0.05463111,0.39370080,7.08661400
0.05503911,0.39370080,7.24409400
0.05544711,0.39370080,7.32283400
0.05585511,0.39370080,7.32283400
0.05626311,0.00000000,7.24409400
0.05667111,0.39370080,7.16535400
0.05707911,0.39370080,6.92913400
0.05748711,0.39370080,6.61417300
0.05789511,0.39370080,6.22047200
0.05830311,0.00000000,5.82677200
0.05871111,0.39370080,5.27559000
0.05911911,0.00000000,4.80315000
0.05952711,0.00000000,4.17322800
0.05993511,0.39370080,3.54330700
0.06034311,0.39370080,2.83464600
0.06075111,0.39370080,2.12598400
0.06115911,0.39370080,1.41732300
0.06156711,0.00000000,0.62992130
0.06197511,0.39370080,-0.07874016
0.06238311,0.39370080,-0.86614170
0.06279111,0.39370080,-1.57480300
0.06319911,0.00000000,-2.36220500
0.06360711,0.39370080,-2.99212600
0.06401511,0.39370080,-3.70078700
0.06442311,0.39370080,-4.33070900
0.06483111,0.39370080,-4.96063000
0.06523911,0.39370080,-5.51181100
0.06564711,0.00000000,-5.98425200
0.06605511,0.39370080,-6.37795300
0.06646311,0.39370080,-6.77165400
0.06687111,0.39370080,-6.92913400
0.06727911,0.00000000,-7.24409400
0.06768711,0.39370080,-7.32283400
0.06809511,0.39370080,-7.40157500
0.06850311,0.78740160,-7.32283400
0.06891111,0.39370080,-7.24409400
0.06931911,0.39370080,-7.08661400
0.06972711,0.78740160,-6.85039400
0.07013511,0.39370080,-6.45669300
0.07054311,0.39370080,-6.14173200
0.07095111,0.78740160,-5.66929100
0.07135911,0.00000000,-5.19685000
0.07176711,0.39370080,-4.56692900
0.07217511,0.39370080,-4.01574800
0.07258311,0.39370080,-3.30708700
0.07299111,0.39370080,-2.59842500
0.07339911,0.39370080,-1.88976400
0.07380711,0.00000000,-1.18110200
0.07421511,0.78740160,-0.39370080
0.07462311,0.78740160,0.31496060
0.07503111,0.39370080,1.10236200
0.07543911,0.00000000,1.81102400
0.07584711,0.00000000,2.51968500
0.07625511,0.39370080,3.22834600
0.07666311,0.39370080,3.85826800
0.07707111,0.00000000,4.48818900
0.07747911,0.39370080,5.03937000
0.07788711,0.78740160,5.59055100
0.07829511,0.39370080,6.06299200
0.07870311,0.39370080,6.37795300
0.07911111,0.00000000,6.69291400
0.07951911,0.39370080,7.00787400
0.07992711,0.39370080,7.16535400
0.08033511,0.39370080,7.24409400
0.08074311,0.39370080,7.32283400
0.08115111,0.39370080,7.24409400
0.08155911,0.39370080,7.08661400
0.08196711,0.39370080,6.92913400
0.08237511,0.39370080,6.61417300
0.08278311,0.78740160,6.29921200
0.08319111,0.00000000,5.90551200
0.08359911,0.39370080,5.43307100
0.08400711,0.39370080,4.88189000
0.08441511,0.39370080,4.33070900
0.08482311,0.00000000,3.70078700
0.08523111,0.39370080,2.99212600
0.08563911,0.39370080,2.28346500
0.08604711,0.39370080,1.57480300
0.08645511,0.00000000,0.78740160
0.08686311,0.39370080,0.07874016
0.08727111,0.39370080,-0.62992130
0.08767911,0.39370080,-1.41732300
0.08808711,0.00000000,-2.12598400
0.08849511,0.78740160,-2.83464600
0.08890311,0.00000000,-3.54330700
0.08931111,0.39370080,-4.17322800
0.08971911,0.00000000,-4.72441000
0.09012711,0.39370080,-5.35433100
0.09053511,0.39370080,-5.74803200
0.09094311,0.39370080,-6.22047200
0.09135111,0.39370080,-6.61417300
0.09175911,0.39370080,-6.85039400
0.09216711,0.39370080,-7.08661400
0.09257511,0.39370080,-7.24409400
0.09298311,0.39370080,-7.32283400
0.09339111,0.39370080,-7.32283400
0.09379911,0.39370080,-7.24409400
0.09420711,0.39370080,-7.08661400
0.09461511,0.39370080,-6.85039400
0.09502311,0.78740160,-6.61417300
0.09543111,0.39370080,-6.22047200
0.09583911,0.39370080,-5.82677200
0.09624711,0.39370080,-5.27559000
0.09665511,0.39370080,-4.72441000
0.09706311,0.78740160,-4.09448800
0.09747111,0.39370080,-3.54330700
0.09787911,0.39370080,-2.83464600
0.09828711,0.39370080,-2.12598400
0.09869511,0.39370080,-1.41732300
0.09910311,0.39370080,-0.62992130
0.09951111,0.39370080,0.07874016
0.09991911,0.39370080,0.86614170
0.10032711,0.39370080,1.57480300
0.10073511,0.78740160,2.28346500
0.10114311,0.39370080,2.99212600
0.10155111,0.39370080,3.62204700
0.10195911,0.39370080,4.33070900
0.10236711,0.39370080,4.88189000
0.10277511,0.39370080,5.43307100
0.10318311,0.39370080,5.90551200
0.10359111,0.39370080,6.29921200
0.10399911,0.39370080,6.61417300
0.10440711,0.39370080,6.92913400
0.10481511,0.39370080,7.08661400
0.10522311,0.00000000,7.24409400
0.10563111,0.00000000,7.24409400
0.10603911,0.39370080,7.24409400
0.10644711,0.00000000,7.16535400
0.10685511,0.00000000,7.00787400
0.10726311,0.78740160,6.69291400
0.10767111,0.00000000,6.37795300
0.10807911,0.39370080,5.98425200
0.10848711,0.39370080,5.59055100
0.10889511,0.39370080,5.03937000
0.10930311,0.39370080,4.48818900
0.10971111,0.00000000,3.85826800
0.11011911,0.00000000,3.22834600
0.11052711,0.78740160,2.51968500
0.11093511,0.39370080,1.81102400
0.11134311,0.39370080,1.02362200
0.11175111,0.00000000,0.31496060
0.11215911,0.39370080,-0.39370080
0.11256711,0.39370080,-1.18110200
0.11297511,0.39370080,-1.88976400
0.11338311,0.39370080,-2.59842500
0.11379111,0.00000000,-3.30708700
0.11419911,0.39370080,-3.93700800
0.11460711,0.39370080,-4.56692900
0.11501511,0.39370080,-5.11811000
0.11542311,0.39370080,-5.66929100
0.11583111,0.39370080,-6.14173200
0.11623911,0.39370080,-6.45669300
0.11664711,0.00000000,-6.77165400
0.11705511,0.39370080,-7.08661400
0.11746311,0.39370080,-7.24409400
0.11787111,0.39370080,-7.32283400
0.11827911,0.39370080,-7.32283400
0.11868711,0.39370080,-7.32283400
0.11909511,0.39370080,-7.16535400
0.11950311,0.39370080,-7.00787400
0.11991111,0.39370080,-6.69291400
0.12031911,0.39370080,-6.29921200
0.12072711,0.00000000,-5.90551200
0.12113511,0.78740160,-5.43307100
0.12154311,0.78740160,-4.88189000
0.12195111,0.39370080,-4.33070900
0.12235911,0.39370080,-3.70078700
0.12276711,0.39370080,-2.99212600
0.12317511,0.39370080,-2.28346500
0.12358311,0.00000000,-1.57480300
0.12399111,0.00000000,-0.78740160
0.12439911,0.39370080,-0.07874016
0.12480711,0.78740160,0.62992130
0.12521511,0.39370080,1.41732300
0.12562311,0.00000000,2.12598400
0.12603111,0.39370080,2.83464600
0.12643911,0.39370080,3.46456700
0.12684711,0.39370080,4.17322800
0.12725511,0.39370080,4.72441000
0.12766311,0.39370080,5.27559000
0.12807111,0.39370080,5.74803200
0.12847911,0.39370080,6.14173200
0.12888711,0.39370080,6.53543300
0.12929511,0.39370080,6.85039400
0.12970311,0.39370080,7.08661400
0.13011111,0.39370080,7.24409400
0.13051911,0.00000000,7.24409400
0.13092711,0.39370080,7.24409400
0.13133511,0.00000000,7.16535400
0.13174311,0.39370080,7.00787400
0.13215111,0.39370080,6.77165400
0.13255911,0.39370080,6.45669300
0.13296711,0.00000000,6.14173200
0.13337511,0.39370080,5.66929100
0.13378311,0.39370080,5.19685000
0.13419111,0.00000000,4.56692900
0.13459911,0.39370080,4.01574800
0.13500711,0.39370080,3.38582700
0.13541511,0.00000000,2.67716500
0.13582311,0.00000000,1.96850400
0.13623111,0.00000000,1.25984300
0.13663911,0.39370080,0.47244100
0.13704711,0.39370080,-0.23622050
0.13745511,0.00000000,-1.02362200
0.13786311,0.00000000,-1.73228300
0.13827111,0.00000000,-2.44094500
0.13867911,0.39370080,-3.14960600
0.13908711,0.39370080,-3.85826800
0.13949511,0.39370080,-4.40944900
0.13990311,0.39370080,-5.03937000
0.14031111,0.39370080,-5.51181100
0.14071911,0.39370080,-5.98425200
0.14112711,0.78740160,-6.37795300
0.14153511,0.39370080,-6.77165400
0.14194311,0.00000000,-7.00787400
0.14235111,0.39370080,-7.16535400
0.14275911,0.39370080,-7.32283400
0.14316711,0.39370080,-7.32283400
0.14357511,0.39370080,-7.32283400
0.14398311,0.39370080,-7.16535400
0.14439111,0.39370080,-7.00787400
0.14479911,0.39370080,-6.77165400
0.14520711,0.39370080,-6.37795300
0.14561511,0.39370080,-6.06299200
0.14602311,0.39370080,-5.51181100
0.14643111,0.39370080,-5.03937000
0.14683911,0.39370080,-4.40944900
0.14724711,0.78740160,-3.85826800
0.14765511,0.39370080,-3.14960600
0.14806311,0.39370080,-2.51968500
0.14847111,0.39370080,-1.73228300
0.14887911,0.78740160,-1.02362200
0.14928711,0.39370080,-0.23622050
0.14969511,0.39370080,0.47244100
0.15010311,0.39370080,1.18110200
0.15051111,0.39370080,1.88976400
0.15091911,0.39370080,2.67716500
0.15132711,0.39370080,3.30708700
0.15173511,0.39370080,3.93700800
0.15214311,0.39370080,4.56692900
0.15255111,0.39370080,5.11811000
0.15295911,0.39370080,5.59055100
0.15336711,0.00000000,6.06299200
0.15377511,0.39370080,6.45669300
0.15418311,0.39370080,6.77165400
0.15459111,0.39370080,7.00787400
0.15499911,0.00000000,7.16535400
0.15540711,0.00000000,7.24409400
0.15581511,0.39370080,7.24409400
0.15622311,0.00000000,7.16535400
0.15663111,0.39370080,7.00787400
0.15703911,0.39370080,6.85039400
0.15744711,0.39370080,6.53543300
0.15785511,0.39370080,6.22047200
0.15826311,0.00000000,5.82677200
0.15867111,0.00000000,5.27559000
0.15907911,0.39370080,4.72441000
0.15948711,0.39370080,4.17322800
0.15989511,0.00000000,3.54330700
0.16030311,0.00000000,2.83464600
0.16071111,0.39370080,2.12598400
0.16111911,0.39370080,1.41732300
0.16152711,0.39370080,0.70866140
0.16193511,0.00000000,-0.07874016
0.16234311,0.39370080,-0.78740160
0.16275111,0.39370080,-1.49606300
0.16315911,0.39370080,-2.28346500
0.16356711,0.78740160,-2.99212600
0.16397511,0.00000000,-3.62204700
0.16438311,0.39370080,-4.25196800
0.16479111,0.00000000,-4.80315000
0.16519911,0.39370080,-5.35433100
0.16560711,0.78740160,-5.82677200
0.16601511,0.39370080,-6.29921200
0.16642311,0.39370080,-6.61417300
0.16683111,0.39370080,-6.92913400
0.16723911,0.00000000,-7.08661400
0.16764711,0.39370080,-7.24409400
0.16805511,0.39370080,-7.32283400
0.16846311,0.78740160,-7.32283400
0.16887111,0.78740160,-7.24409400
0.16927911,0.39370080,-7.08661400
0.16968711,0.39370080,-6.85039400
0.17009511,0.39370080,-6.45669300
0.17050311,0.78740160,-6.14173200
0.17091111,0.78740160,-5.66929100
0.17131911,0.39370080,-5.19685000
0.17172711,0.39370080,-4.64566900
0.17213511,0.39370080,-4.01574800
0.17254311,0.39370080,-3.38582700
0.17295111,0.39370080,-2.67716500
0.17335911,0.78740160,-1.96850400
0.17376711,0.00000000,-1.25984300
0.17417511,0.39370080,-0.47244100
0.17458311,0.39370080,0.23622050
0.17499111,0.39370080,0.94488190
0.17539911,0.39370080,1.73228300
0.17580711,0.39370080,2.44094500
0.17621511,0.00000000,3.14960600
0.17662311,0.39370080,3.77952800
0.17703111,0.39370080,4.40944900
0.17743911,0.78740160,4.96063000
0.17784711,0.00000000,5.51181100
0.17825511,0.39370080,5.90551200
0.17866311,0.39370080,6.37795300
0.17907111,0.00000000,6.69291400
0.17947911,0.39370080,6.92913400
0.17988711,0.39370080,7.08661400
0.18029511,0.39370080,7.16535400
0.18070311,0.39370080,7.24409400
0.18111111,0.39370080,7.24409400
0.18151911,0.00000000,7.08661400
0.18192711,0.39370080,6.92913400
0.18233511,0.78740160,6.61417300
0.18274311,0.39370080,6.29921200
0.18315111,0.39370080,5.90551200
0.18355911,0.39370080,5.43307100
0.18396711,0.39370080,4.88189000
0.18437511,0.39370080,4.33070900
0.18478311,0.00000000,3.70078700
0.18519111,0.00000000,3.07086600
0.18559911,0.39370080,2.36220500
0.18600711,0.39370080,1.65354300
0.18641511,0.39370080,0.94488190
0.18682311,0.39370080,0.15748030
0.18723111,0.00000000,-0.62992130
0.18763911,0.39370080,-1.33858300
0.18804711,0.00000000,-2.04724400
0.18845511,0.39370080,-2.75590500
0.18886311,0.78740160,-3.46456700
0.18927111,0.39370080,-4.09448800
0.18967911,0.39370080,-4.72441000
0.19008711,0.39370080,-5.19685000
0.19049511,0.39370080,-5.74803200
0.19090311,0.39370080,-6.14173200
0.19131111,0.39370080,-6.53543300
0.19171911,0.39370080,-6.85039400
0.19212711,0.39370080,-7.08661400
0.19253511,0.39370080,-7.24409400
0.19294311,0.78740160,-7.32283400
0.19335111,0.39370080,-7.32283400
0.19375911,0.39370080,-7.24409400
0.19416711,0.39370080,-7.08661400
0.19457511,0.39370080,-6.92913400
0.19498311,0.39370080,-6.61417300
0.19539111,0.39370080,-6.22047200
0.19579911,0.00000000,-5.82677200
0.19620711,0.78740160,-5.35433100
0.19661511,0.39370080,-4.72441000
0.19702311,0.39370080,-4.17322800
0.19743111,0.39370080,-3.54330700
0.19783911,0.39370080,-2.91338600
0.19824711,0.00000000,-2.12598400
0.19865511,0.39370080,-1.49606300
0.19906311,0.00000000,-0.70866140
0.19947111,0.39370080,0.07874016
0.19987911,0.39370080,0.78740160
0.20028711,0.39370080,1.49606300
0.20069511,0.00000000,2.28346500
0.20110311,0.39370080,2.91338600
0.20151111,0.39370080,3.62204700
0.20191911,0.78740160,4.25196800
0.20232711,0.39370080,4.88189000
0.20273511,0.00000000,5.35433100
0.20314311,0.39370080,5.82677200
0.20355111,0.39370080,6.22047200
0.20395911,0.00000000,6.61417300
0.20436711,0.39370080,6.85039400
0.20477511,0.00000000,7.08661400
0.20518311,0.39370080,7.16535400
0.20559111,0.39370080,7.24409400
0.20599911,0.00000000,7.24409400
0.20640711,0.39370080,7.16535400
0.20681511,0.39370080,7.00787400
0.20722311,0.39370080,6.69291400
0.20763111,0.39370080,6.37795300
0.20803911,0.39370080,6.06299200
0.20844711,0.00000000,5.59055100
0.20885511,0.00000000,5.03937000
0.20926311,0.39370080,4.48818900
0.20967111,0.39370080,3.85826800
0.21007911,0.39370080,3.22834600
0.21048711,0.00000000,2.51968500
0.21089511,0.00000000,1.81102400
0.21130311,0.39370080,1.10236200
0.21171111,0.39370080,0.39370080
0.21211911,0.78740160,-0.39370080
0.21252711,0.39370080,-1.10236200
0.21293511,0.78740160,-1.81102400
0.21334311,0.39370080,-2.59842500
0.21375111,0.00000000,-3.30708700
0.21415911,0.39370080,-3.93700800
0.21456711,0.78740160,-4.56692900
0.21497511,0.39370080,-5.11811000
0.21538311,0.39370080,-5.59055100
0.21579111,0.39370080,-6.06299200
0.21619911,0.39370080,-6.45669300
0.21660711,0.39370080,-6.77165400
0.21701511,0.00000000,-7.00787400
0.21742311,0.78740160,-7.16535400
0.21783111,0.00000000,-7.32283400
0.21823911,0.00000000,-7.32283400
0.21864711,0.39370080,-7.24409400
0.21905511,0.39370080,-7.16535400
0.21946311,0.39370080,-6.92913400
0.21987111,0.39370080,-6.69291400
0.22027911,0.00000000,-6.29921200
0.22068711,0.00000000,-5.90551200
0.22109511,0.39370080,-5.43307100
0.22150311,0.39370080,-4.88189000
0.22191111,0.39370080,-4.33070900
0.22231911,0.39370080,-3.70078700
0.22272711,0.39370080,-3.07086600
0.22313511,0.39370080,-2.36220500
0.22354311,0.39370080,-1.65354300
0.22395111,0.39370080,-0.86614170
0.22435911,0.39370080,-0.15748030
0.22476711,0.00000000,0.62992130
0.22517511,0.00000000,1.33858300
0.22558311,0.39370080,2.04724400
0.22599111,0.00000000,2.75590500
0.22639911,0.00000000,3.46456700
0.22680711,0.39370080,4.09448800
0.22721511,0.00000000,4.64566900
0.22762311,0.78740160,5.19685000
0.22803111,0.78740160,5.66929100
0.22843911,0.39370080,6.14173200
0.22884711,0.39370080,6.53543300
0.22925511,0.39370080,6.77165400
0.22966311,0.39370080,7.00787400
0.23007111,0.00000000,7.16535400
0.23047910,0.39370080,7.24409400
0.23088710,0.39370080,7.24409400
0.23129510,0.39370080,7.16535400
0.23170310,0.00000000,7.00787400
0.23211110,0.00000000,6.77165400
0.23251910,0.00000000,6.45669300
0.23292710,0.39370080,6.06299200
0.23333510,0.00000000,5.66929100
0.23374310,0.39370080,5.19685000
0.23415110,0.39370080,4.64566900
0.23455910,0.39370080,4.01574800
0.23496710,0.39370080,3.38582700
0.23537510,0.39370080,2.75590500
0.23578310,0.39370080,2.04724400
0.23619110,0.39370080,1.25984300
0.23659910,0.00000000,0.55118110
0.23700710,0.39370080,-0.15748030
0.23741510,0.39370080,-0.86614170
0.23782310,0.39370080,-1.65354300
0.23823110,0.39370080,-2.36220500
0.23863910,0.39370080,-3.07086600
0.23904710,0.39370080,-3.70078700
0.23945510,0.39370080,-4.40944900
0.23986310,0.39370080,-4.88189000
0.24027110,0.39370080,-5.51181100
0.24067910,0.78740160,-5.90551200
0.24108710,0.39370080,-6.29921200
0.24149510,0.39370080,-6.61417300
0.24190310,0.39370080,-6.92913400
0.24231110,0.39370080,-7.16535400
0.24271910,0.39370080,-7.24409400
0.24312710,0.39370080,-7.32283400
0.24353510,0.39370080,-7.32283400
0.24394310,0.39370080,-7.16535400
0.24435110,0.39370080,-7.00787400
0.24475910,0.39370080,-6.69291400
0.24516710,0.39370080,-6.37795300
0.24557510,0.39370080,-6.06299200
0.24598310,0.39370080,-5.59055100
0.24639110,0.39370080,-5.11811000
0.24679910,0.39370080,-4.48818900
0.24720710,0.78740160,-3.85826800
0.24761510,0.00000000,-3.22834600
0.24802310,0.39370080,-2.51968500
0.24843110,0.39370080,-1.81102400
0.24883910,0.00000000,-1.10236200
0.24924710,0.39370080,-0.31496060
0.24965510,0.39370080,0.39370080
0.25006310,0.39370080,1.10236200
0.25047110,0.78740160,1.88976400
0.25087910,0.39370080,2.51968500
0.25128710,0.39370080,3.22834600
0.25169510,0.39370080,3.85826800
0.25210310,0.39370080,4.48818900
0.25251110,0.39370080,5.03937000
0.25291910,0.00000000,5.59055100
0.25332710,0.39370080,5.98425200
0.25373510,0.39370080,6.37795300
0.25414310,0.39370080,6.77165400
0.25455110,0.00000000,6.92913400
0.25495910,0.39370080,7.08661400
0.25536710,0.00000000,7.24409400
0.25577510,0.00000000,7.24409400
0.25618310,0.39370080,7.16535400
0.25659110,0.39370080,7.08661400
0.25699910,0.39370080,6.85039400
0.25740710,0.00000000,6.61417300
0.25781510,0.39370080,6.22047200
0.25822310,0.39370080,5.82677200
0.25863110,0.39370080,5.35433100
0.25903910,0.39370080,4.80315000
0.25944710,0.00000000,4.17322800
0.25985510,0.39370080,3.62204700
0.26026310,0.39370080,2.91338600
0.26067110,0.39370080,2.20472400
0.26107910,0.00000000,1.57480300
0.26148710,0.39370080,0.78740160
0.26189510,0.39370080,0.00000000
0.26230310,0.00000000,-0.70866140
0.26271110,0.39370080,-1.41732300
0.26311910,0.39370080,-2.20472400
0.26352710,0.39370080,-2.83464600
0.26393510,0.39370080,-3.54330700
0.26434310,0.00000000,-4.17322800
0.26475110,0.78740160,-4.80315000
0.26515910,0.78740160,-5.27559000
0.26556710,0.39370080,-5.82677200
0.26597510,0.78740160,-6.22047200
0.26638310,0.78740160,-6.61417300
0.26679110,0.78740160,-6.85039400
0.26719910,0.39370080,-7.08661400
0.26760710,0.39370080,-7.24409400
0.26801510,0.78740160,-7.32283400
0.26842310,0.39370080,-7.32283400
0.26883110,0.78740160,-7.24409400
0.26923910,0.78740160,-7.00787400
0.26964710,0.78740160,-6.85039400
0.27005510,0.00000000,-6.53543300
0.27046310,0.00000000,-6.14173200
0.27087110,0.39370080,-5.74803200
0.27127910,0.78740160,-5.19685000
0.27168710,0.78740160,-4.64566900
0.27209510,0.78740160,-4.01574800
0.27250310,0.39370080,-3.38582700
0.27291110,0.39370080,-2.75590500
0.27331910,0.00000000,-2.04724400
0.27372710,0.39370080,-1.33858300
0.27413510,0.00000000,-0.55118110
0.27454310,0.78740160,0.15748030
0.27495110,0.00000000,0.94488190
0.27535910,0.00000000,1.65354300
0.27576710,0.39370080,2.36220500
0.27617510,0.39370080,3.07086600
0.27658310,0.00000000,3.77952800
0.27699110,0.39370080,4.33070900
0.27739910,0.39370080,4.96063000
0.27780710,0.39370080,5.43307100
0.27821510,0.00000000,5.90551200
0.27862310,0.00000000,6.29921200
0.27903110,0.39370080,6.61417300
0.27943910,0.78740160,6.85039400
0.27984710,0.39370080,7.08661400
0.28025510,0.39370080,7.16535400
0.28066310,0.00000000,7.24409400
0.28107110,0.39370080,7.24409400
0.28147910,0.39370080,7.08661400
0.28188710,0.00000000,6.92913400
0.28229510,0.00000000,6.69291400
0.28270310,0.39370080,6.29921200
0.28311110,0.39370080,5.90551200
0.28351910,0.39370080,5.43307100
0.28392710,0.39370080,4.96063000
0.28433510,0.00000000,4.33070900
0.28474310,0.39370080,3.77952800
0.28515110,0.39370080,3.07086600
0.28555910,0.39370080,2.36220500
0.28596710,0.00000000,1.65354300
0.28637510,0.39370080,0.94488190
0.28678310,0.39370080,0.15748030
0.28719110,0.00000000,-0.55118110
0.28759910,0.39370080,-1.25984300
0.28800710,0.39370080,-1.96850400
0.28841510,0.00000000,-2.67716500
0.28882310,0.39370080,-3.38582700
0.28923110,0.39370080,-4.01574800
0.28963910,0.39370080,-4.64566900
0.29004710,0.39370080,-5.19685000
0.29045510,0.00000000,-5.66929100
0.29086310,0.39370080,-6.14173200
0.29127110,0.39370080,-6.45669300
0.29167910,0.39370080,-6.77165400
0.29208710,0.39370080,-7.08661400
0.29249510,0.39370080,-7.24409400
0.29290310,0.00000000,-7.32283400
0.29331110,0.39370080,-7.32283400
0.29371910,0.00000000,-7.24409400
0.29412710,0.39370080,-7.16535400
0.29453510,0.39370080,-6.92913400
0.29494310,0.00000000,-6.61417300
0.29535110,0.39370080,-6.22047200
0.29575910,0.39370080,-5.82677200
0.29616710,0.00000000,-5.35433100
0.29657510,0.39370080,-4.80315000
0.29698310,0.39370080,-4.17322800
0.29739110,0.00000000,-3.62204700
0.29779910,0.39370080,-2.91338600
0.29820710,0.39370080,-2.20472400
0.29861510,0.39370080,-1.49606300
0.29902310,0.39370080,-0.78740160
0.29943110,0.39370080,0.00000000
0.29983910,0.39370080,0.70866140
0.30024710,0.78740160,1.49606300
0.30065510,0.00000000,2.20472400
0.30106310,0.39370080,2.91338600
0.30147110,0.39370080,3.54330700
0.30187910,0.00000000,4.17322800
0.30228710,0.39370080,4.72441000
0.30269510,0.00000000,5.27559000
0.30310310,0.39370080,5.74803200
0.30351110,0.39370080,6.22047200
0.30391910,0.39370080,6.53543300
0.30432710,0.39370080,6.85039400
0.30473510,0.39370080,7.08661400
0.30514310,0.00000000,7.16535400
0.30555110,0.39370080,7.24409400
0.30595910,0.39370080,7.16535400
0.30636710,0.39370080,7.08661400
0.30677510,0.39370080,6.92913400
0.30718310,0.39370080,6.69291400
0.30759110,0.39370080,6.45669300
0.30799910,0.78740160,6.06299200
0.30840710,0.00000000,5.59055100
0.30881510,0.78740160,5.11811000
0.30922310,0.39370080,4.56692900
0.30963110,0.00000000,3.93700800
0.31003910,0.39370080,3.30708700
0.31044710,0.39370080,2.59842500
0.31085510,0.00000000,1.88976400
0.31126310,0.39370080,1.18110200
0.31167110,0.39370080,0.39370080
0.31207910,0.78740160,-0.31496060
0.31248710,0.39370080,-1.02362200
0.31289510,0.00000000,-1.81102400
0.31330310,0.39370080,-2.51968500
0.31371110,0.39370080,-3.22834600
0.31411910,0.39370080,-3.85826800
0.31452710,0.78740160,-4.48818900
0.31493510,0.39370080,-5.03937000
0.31534310,0.39370080,-5.59055100
0.31575110,0.78740160,-5.98425200
0.31615910,0.78740160,-6.37795300
0.31656710,0.39370080,-6.69291400
0.31697510,0.39370080,-7.00787400
0.31738310,0.39370080,-7.16535400
0.31779110,0.00000000,-7.32283400
0.31819910,0.39370080,-7.32283400
0.31860710,0.78740160,-7.32283400
0.31901510,0.39370080,-7.16535400
0.31942310,0.39370080,-6.92913400
0.31983110,0.39370080,-6.69291400
0.32023910,0.39370080,-6.37795300
0.32064710,0.00000000,-5.90551200
0.32105510,0.78740160,-5.51181100
0.32146310,0.39370080,-4.96063000
0.32187110,0.39370080,-4.40944900
0.32227910,0.39370080,-3.77952800
0.32268710,0.39370080,-3.14960600
0.32309510,0.39370080,-2.36220500
0.32350310,0.39370080,-1.73228300
0.32391110,0.00000000,-0.94488190
0.32431910,0.39370080,-0.23622050
0.32472710,0.00000000,0.47244100
0.32513510,0.78740160,1.25984300
0.32554310,0.39370080,1.96850400
0.32595110,0.39370080,2.67716500
0.32635910,0.39370080,3.38582700
0.32676710,0.39370080,4.01574800
0.32717510,0.39370080,4.64566900
0.32758310,0.39370080,5.11811000
0.32799110,0.00000000,5.59055100
0.32839910,0.00000000,6.06299200
0.32880710,0.39370080,6.45669300
0.32921510,0.00000000,6.77165400
0.32962310,0.00000000,7.00787400
0.33003110,0.39370080,7.16535400
0.33043910,0.39370080,7.24409400
0.33084710,0.39370080,7.24409400
0.33125510,0.39370080,7.16535400
0.33166310,0.00000000,7.00787400
0.33207110,0.00000000,6.85039400
0.33247910,0.39370080,6.45669300
0.33288710,0.00000000,6.14173200
0.33329510,0.39370080,5.74803200
0.33370310,0.00000000,5.27559000
0.33411110,0.39370080,4.64566900
0.33451910,0.00000000,4.09448800
0.33492710,0.39370080,3.46456700
0.33533510,0.00000000,2.75590500
0.33574310,0.39370080,2.12598400
0.33615110,0.39370080,1.33858300
0.33655910,0.39370080,0.62992130
0.33696710,0.00000000,-0.07874016
0.33737510,0.78740160,-0.86614170
0.33778310,0.39370080,-1.57480300
0.33819110,0.39370080,-2.28346500
0.33859910,0.39370080,-2.99212600
0.33900710,0.39370080,-3.62204700
0.33941510,0.39370080,-4.33070900
0.33982310,0.78740160,-4.88189000
0.34023110,0.39370080,-5.43307100
0.34063910,0.78740160,-5.90551200
0.34104710,0.39370080,-6.29921200
0.34145510,0.00000000,-6.61417300
0.34186310,0.39370080,-6.92913400
0.34227110,0.00000000,-7.08661400
0.34267910,0.39370080,-7.24409400
0.34308710,0.39370080,-7.32283400
0.34349510,0.00000000,-7.32283400
0.34390310,0.39370080,-7.16535400
0.34431110,0.00000000,-7.00787400
0.34471910,0.39370080,-6.77165400
0.34512710,0.39370080,-6.45669300
0.34553510,0.39370080,-6.06299200
0.34594310,0.39370080,-5.59055100
0.34635110,0.39370080,-5.11811000
0.34675910,0.39370080,-4.56692900
0.34716710,0.78740160,-3.93700800
0.34757510,0.39370080,-3.30708700
0.34798310,0.78740160,-2.59842500
0.34839110,0.00000000,-1.88976400
0.34879910,0.39370080,-1.18110200
0.34920710,0.00000000,-0.39370080
0.34961510,0.39370080,0.31496060
0.35002310,0.00000000,1.02362200
0.35043110,0.39370080,1.73228300
0.35083910,0.39370080,2.51968500
0.35124710,0.00000000,3.14960600
0.35165510,0.39370080,3.85826800
0.35206310,0.39370080,4.40944900
0.35247110,0.00000000,5.03937000
0.35287910,0.39370080,5.51181100
0.35328710,0.39370080,5.98425200
0.35369510,0.39370080,6.37795300
0.35410310,0.39370080,6.69291400
0.35451110,0.39370080,6.92913400
0.35491910,0.00000000,7.08661400
0.35532710,0.39370080,7.24409400
0.35573510,0.00000000,7.24409400
0.35614310,0.39370080,7.16535400
0.35655110,0.39370080,7.08661400
0.35695910,0.00000000,6.85039400
0.35736710,0.39370080,6.61417300
0.35777510,0.00000000,6.22047200
0.35818310,0.39370080,5.82677200
0.35859110,0.39370080,5.35433100
0.35899910,0.39370080,4.88189000
0.35940710,0.39370080,4.25196800
0.35981510,0.00000000,3.70078700
0.36022310,0.00000000,2.99212600
0.36063110,0.39370080,2.28346500
0.36103910,0.39370080,1.57480300
0.36144710,0.00000000,0.78740160
0.36185510,0.39370080,0.07874016
0.36226310,0.39370080,-0.62992130
0.36267110,0.39370080,-1.41732300
0.36307910,0.39370080,-2.12598400
0.36348710,0.39370080,-2.83464600
0.36389510,0.39370080,-3.46456700
0.36430310,0.39370080,-4.17322800
0.36471110,0.39370080,-4.72441000
0.36511910,0.78740160,-5.27559000
0.36552710,0.39370080,-5.74803200
0.36593510,0.39370080,-6.22047200
0.36634310,0.78740160,-6.53543300
0.36675110,0.39370080,-6.85039400
0.36715910,0.39370080,-7.08661400
0.36756710,0.78740160,-7.24409400
0.36797510,0.39370080,-7.32283400
0.36838310,0.78740160,-7.32283400
0.36879110,0.39370080,-7.24409400
0.36919910,0.39370080,-7.08661400
0.36960710,0.39370080,-6.85039400
0.37001510,0.00000000,-6.53543300
0.37042310,0.39370080,-6.14173200
0.37083110,0.39370080,-5.74803200
0.37123910,0.39370080,-5.27559000
0.37164710,0.39370080,-4.72441000
0.37205510,0.78740160,-4.09448800
0.37246310,0.39370080,-3.46456700
0.37287110,0.78740160,-2.83464600
0.37327910,0.39370080,-2.04724400
0.37368710,0.39370080,-1.33858300
0.37409510,0.39370080,-0.62992130
0.37450310,0.39370080,0.15748030
0.37491110,0.00000000,0.86614170
0.37531910,0.78740160,1.57480300
0.37572710,0.39370080,2.28346500
0.37613510,0.39370080,2.99212600
0.37654310,0.39370080,3.62204700
0.37695110,0.39370080,4.25196800
0.37735910,0.39370080,4.80315000
0.37776710,0.39370080,5.35433100
0.37817510,0.39370080,5.90551200
0.37858310,0.39370080,6.29921200
0.37899110,0.00000000,6.61417300
0.37939910,0.78740160,6.85039400
0.37980710,0.39370080,7.00787400
0.38021510,0.39370080,7.16535400
0.38062310,0.39370080,7.24409400
0.38103110,0.00000000,7.24409400
0.38143910,0.39370080,7.08661400
0.38184710,0.00000000,6.92913400
0.38225510,0.39370080,6.69291400
0.38266310,0.78740160,6.37795300
0.38307110,0.39370080,5.98425200
0.38347910,0.39370080,5.51181100
0.38388710,0.39370080,4.96063000
0.38429510,0.00000000,4.40944900
0.38470310,0.39370080,3.77952800
0.38511110,0.00000000,3.14960600
0.38551910,0.00000000,2.44094500
0.38592710,0.39370080,1.81102400
0.38633510,0.78740160,1.02362200
0.38674310,0.39370080,0.31496060
0.38715110,0.78740160,-0.47244100
0.38755910,0.39370080,-1.18110200
0.38796710,0.39370080,-1.88976400
0.38837510,0.39370080,-2.59842500
0.38878310,0.39370080,-3.30708700
0.38919110,0.39370080,-3.93700800
0.38959910,0.39370080,-4.56692900
0.39000710,0.00000000,-5.11811000
0.39041510,0.39370080,-5.59055100
0.39082310,0.39370080,-6.06299200
0.39123110,0.00000000,-6.45669300
0.39163910,0.00000000,-6.77165400
0.39204710,0.78740160,-7.00787400
0.39245510,0.39370080,-7.16535400
0.39286310,0.78740160,-7.24409400
0.39327110,0.39370080,-7.32283400
0.39367910,0.39370080,-7.24409400
0.39408710,0.00000000,-7.08661400
0.39449510,0.39370080,-6.92913400
0.39490310,0.39370080,-6.61417300
0.39531110,0.00000000,-6.29921200
0.39571910,0.39370080,-5.82677200
0.39612710,0.00000000,-5.35433100
0.39653510,0.00000000,-4.88189000
0.39694310,0.39370080,-4.25196800
0.39735110,0.39370080,-3.62204700
0.39775910,0.39370080,-2.99212600
0.39816710,0.39370080,-2.28346500
0.39857510,0.00000000,-1.57480300
0.39898310,0.39370080,-0.86614170
0.39939110,0.39370080,-0.07874016
0.39979910,0.39370080,0.62992130
0.40020710,0.39370080,1.33858300
0.40061510,0.00000000,2.04724400
0.40102310,0.00000000,2.75590500
0.40143110,0.78740160,3.46456700
0.40183910,0.00000000,4.09448800
0.40224710,0.39370080,4.72441000
0.40265510,0.39370080,5.19685000
0.40306310,0.39370080,5.74803200
0.40347110,0.39370080,6.14173200
0.40387910,0.00000000,6.53543300
0.40428710,0.39370080,6.77165400
0.40469510,0.39370080,7.00787400
0.40510310,0.00000000,7.16535400
0.40551110,0.00000000,7.24409400
0.40591910,0.39370080,7.24409400
0.40632710,0.39370080,7.16535400
0.40673510,0.39370080,7.00787400
0.40714310,0.00000000,6.77165400
0.40755109,0.39370080,6.45669300
0.40795909,0.39370080,6.06299200
0.40836709,0.39370080,5.59055100
0.40877509,0.39370080,5.11811000
0.40918309,0.39370080,4.56692900
0.40959109,0.00000000,4.01574800
0.40999909,0.39370080,3.30708700
0.41040709,0.00000000,2.67716500
0.41081509,0.00000000,1.96850400
0.41122309,0.00000000,1.25984300
0.41163109,0.39370080,0.55118110
0.41203909,0.39370080,-0.23622050
0.41244709,0.39370080,-1.02362200
0.41285509,0.39370080,-1.73228300
0.41326309,0.00000000,-2.44094500
0.41367109,0.39370080,-3.14960600
0.41407909,0.39370080,-3.77952800
0.41448709,0.39370080,-4.40944900
0.41489509,0.39370080,-4.96063000
0.41530309,0.00000000,-5.43307100
0.41571109,0.39370080,-5.98425200
0.41611909,0.39370080,-6.29921200
0.41652709,0.39370080,-6.69291400
0.41693509,0.39370080,-6.92913400
0.41734309,0.39370080,-7.16535400
0.41775109,0.39370080,-7.24409400
0.41815909,0.78740160,-7.32283400
0.41856709,0.39370080,-7.24409400
0.41897509,0.39370080,-7.16535400
0.41938309,0.39370080,-6.92913400
0.41979109,0.00000000,-6.69291400
0.42019909,0.00000000,-6.37795300
0.42060709,0.39370080,-5.98425200
0.42101509,0.39370080,-5.51181100
0.42142309,0.78740160,-5.03937000
0.42183109,0.00000000,-4.40944900
0.42223909,0.39370080,-3.77952800
0.42264709,0.39370080,-3.14960600
0.42305509,0.00000000,-2.51968500
0.42346309,0.39370080,-1.81102400
0.42387109,0.39370080,-1.02362200
0.42427909,0.00000000,-0.31496060
0.42468709,0.39370080,0.47244100
0.42509509,0.00000000,1.18110200
0.42550309,0.39370080,1.88976400
0.42591109,0.39370080,2.59842500
0.42631909,0.39370080,3.30708700
0.42672709,0.39370080,3.93700800
0.42713509,0.00000000,4.56692900
0.42754309,0.00000000,5.11811000
0.42795109,0.39370080,5.59055100
0.42835909,0.00000000,6.06299200
0.42876709,0.39370080,6.45669300
0.42917509,0.39370080,6.69291400
0.42958309,0.39370080,7.00787400
0.42999109,0.00000000,7.16535400
0.43039909,0.00000000,7.24409400
0.43080709,0.00000000,7.24409400
0.43121509,0.78740160,7.16535400
0.43162309,0.39370080,7.00787400
0.43203109,0.39370080,6.77165400
0.43243909,0.39370080,6.53543300
0.43284709,0.00000000,6.14173200
0.43325509,0.00000000,5.74803200
0.43366309,0.39370080,5.27559000
0.43407109,0.39370080,4.72441000
0.43447909,0.39370080,4.09448800
0.43488709,0.39370080,3.54330700
0.43529509,0.39370080,2.83464600
0.43570309,0.39370080,2.12598400
0.43611109,0.39370080,1.41732300
0.43651909,0.39370080,0.70866140
0.43692709,0.39370080,-0.07874016
0.43733509,0.78740160,-0.78740160
0.43774309,0.39370080,-1.49606300
0.43815109,0.39370080,-2.20472400
0.43855909,0.78740160,-2.91338600
0.43896709,0.78740160,-3.62204700
0.43937509,0.39370080,-4.25196800
0.43978309,0.39370080,-4.80315000
0.44019109,0.00000000,-5.35433100
0.44059909,0.39370080,-5.82677200
0.44100709,0.39370080,-6.22047200
0.44141509,0.39370080,-6.61417300
0.44182309,0.78740160,-6.92913400
0.44223109,0.39370080,-7.08661400
0.44263909,0.39370080,-7.24409400
0.44304709,0.78740160,-7.24409400
0.44345509,0.39370080,-7.24409400
0.44386309,0.39370080,-7.16535400
0.44427109,0.78740160,-7.00787400
0.44467909,0.39370080,-6.77165400
0.44508709,0.39370080,-6.45669300
0.44549509,0.00000000,-6.06299200
0.44590309,0.39370080,-5.66929100
0.44631109,0.39370080,-5.11811000
0.44671909,0.39370080,-4.56692900
0.44712709,0.39370080,-4.01574800
0.44753509,0.39370080,-3.38582700
0.44794309,0.39370080,-2.67716500
0.44835109,0.78740160,-1.96850400
0.44875909,0.00000000,-1.18110200
0.44916709,0.39370080,-0.47244100
0.44957509,0.78740160,0.23622050
0.44998309,0.39370080,0.94488190
0.45039109,0.00000000,1.73228300
0.45079909,0.39370080,2.44094500
0.45120709,0.00000000,3.07086600
0.45161509,0.78740160,3.70078700
0.45202309,0.39370080,4.33070900
0.45243109,0.00000000,4.96063000
0.45283909,0.39370080,5.43307100
0.45324709,0.39370080,5.90551200
0.45365509,0.00000000,6.29921200
0.45406309,0.39370080,6.61417300
0.45447109,0.00000000,6.92913400
0.45487909,0.78740160,7.08661400
0.45528709,0.39370080,7.16535400
0.45569509,0.39370080,7.24409400
0.45610309,0.39370080,7.16535400
0.45651109,0.39370080,7.08661400
0.45691909,0.00000000,6.85039400
0.45732709,0.78740160,6.61417300
0.45773509,0.00000000,6.29921200
0.45814309,0.39370080,5.90551200
0.45855109,0.39370080,5.43307100
0.45895909,0.39370080,4.88189000
0.45936709,0.78740160,4.33070900
0.45977509,0.39370080,3.70078700
0.46018309,0.00000000,3.07086600
0.46059109,0.00000000,2.36220500
0.46099909,0.39370080,1.65354300
0.46140709,0.39370080,0.86614170
0.46181509,0.78740160,0.15748030
0.46222309,0.39370080,-0.55118110
0.46263109,0.78740160,-1.25984300
0.46303909,0.39370080,-2.04724400
0.46344709,0.00000000,-2.75590500
0.46385509,0.39370080,-3.38582700
0.46426309,0.39370080,-4.01574800
0.46467109,0.39370080,-4.64566900
0.46507909,0.39370080,-5.19685000
0.46548709,0.39370080,-5.74803200
0.46589509,0.00000000,-6.14173200
0.46630309,0.39370080,-6.53543300
0.46671109,0.39370080,-6.77165400
0.46711909,0.39370080,-7.08661400
0.46752709,0.39370080,-7.16535400
0.46793509,0.39370080,-7.32283400
0.46834309,0.39370080,-7.24409400
0.46875109,0.39370080,-7.24409400
0.46915909,0.39370080,-7.00787400
0.46956709,0.39370080,-6.85039400
0.46997509,0.39370080,-6.53543300
0.47038309,0.39370080,-6.22047200
0.47079109,0.39370080,-5.74803200
0.47119909,0.00000000,-5.35433100
0.47160709,0.39370080,-4.80315000
0.47201509,0.00000000,-4.17322800
0.47242309,0.39370080,-3.54330700
0.47283109,0.39370080,-2.83464600
0.47323909,0.39370080,-2.12598400
0.47364709,0.39370080,-1.41732300
0.47405509,0.39370080,-0.70866140
0.47446309,0.39370080,0.00000000
0.47487109,0.39370080,0.78740160
0.47527909,0.39370080,1.49606300
0.47568709,0.39370080,2.20472400
0.47609509,0.39370080,2.91338600
0.47650309,0.39370080,3.62204700
0.47691109,0.00000000,4.17322800
0.47731909,0.39370080,4.80315000
0.47772709,0.39370080,5.35433100
0.47813509,0.39370080,5.82677200
0.47854309,0.39370080,6.22047200
0.47895109,0.39370080,6.53543300
0.47935909,0.39370080,6.85039400
0.47976709,0.39370080,7.08661400
0.48017509,0.39370080,7.16535400
0.48058309,0.78740160,7.24409400
0.48099109,0.39370080,7.16535400
0.48139909,0.39370080,7.08661400
0.48180709,0.39370080,6.92913400
0.48221509,0.39370080,6.69291400
0.48262309,0.39370080,6.37795300
0.48303109,0.00000000,5.98425200
0.48343909,0.00000000,5.51181100
0.48384709,0.39370080,5.03937000
0.48425509,0.00000000,4.48818900
0.48466309,0.78740160,3.85826800
0.48507109,0.39370080,3.22834600
0.48547909,0.00000000,2.51968500
0.48588709,0.39370080,1.81102400
0.48629509,0.39370080,1.10236200
0.48670309,0.78740160,0.31496060
0.48711109,0.39370080,-0.39370080
0.48751909,0.39370080,-1.10236200
0.48792709,0.00000000,-1.81102400
0.48833509,0.39370080,-2.59842500
0.48874309,0.00000000,-3.22834600
0.48915109,0.39370080,-3.85826800
0.48955909,0.39370080,-4.48818900
0.48996709,0.39370080,-5.03937000
0.49037509,0.39370080,-5.51181100
0.49078309,0.39370080,-6.06299200
0.49119109,0.39370080,-6.37795300
0.49159909,0.39370080,-6.77165400
0.49200709,0.39370080,-7.00787400
0.49241509,0.00000000,-7.16535400
0.49282309,0.39370080,-7.24409400
0.49323109,0.39370080,-7.32283400
0.49363909,0.78740160,-7.24409400
0.49404709,0.39370080,-7.16535400
0.49445509,0.39370080,-6.92913400
0.49486309,0.39370080,-6.61417300
0.49527109,0.39370080,-6.29921200
0.49567909,0.39370080,-5.90551200
0.49608709,0.00000000,-5.43307100
0.49649509,0.39370080,-4.88189000
0.49690309,0.78740160,-4.33070900
0.49731109,0.78740160,-3.70078700
0.49771909,0.00000000,-2.99212600
0.49812709,0.39370080,-2.36220500
0.49853509,0.00000000,-1.65354300
0.49894309,0.78740160,-0.94488190
0.49935109,0.39370080,-0.15748030
0.49975909,0.39370080,0.55118110
0.50016709,0.39370080,1.33858300
0.50057509,0.39370080,2.04724400
0.50098309,0.00000000,2.75590500
0.50139109,0.39370080,3.38582700
0.50179909,0.00000000,4.01574800
0.50220709,0.00000000,4.64566900
0.50261509,0.39370080,5.19685000
0.50302309,0.39370080,5.66929100
0.50343109,0.00000000,6.06299200
0.50383909,0.39370080,6.45669300
0.50424709,0.00000000,6.77165400
0.50465509,0.78740160,7.00787400
0.50506309,0.00000000,7.16535400
0.50547109,0.39370080,7.24409400
0.50587909,0.39370080,7.24409400
0.50628709,0.39370080,7.16535400
0.50669509,0.00000000,7.00787400
0.50710309,0.39370080,6.77165400
0.50751109,0.39370080,6.45669300
0.50791909,0.39370080,6.14173200
0.50832709,0.39370080,5.66929100
0.50873509,0.39370080,5.19685000
0.50914309,0.00000000,4.64566900
0.50955109,0.39370080,4.01574800
0.50995909,0.00000000,3.38582700
0.51036709,0.00000000,2.75590500
0.51077509,0.00000000,2.04724400
0.51118309,0.39370080,1.33858300
0.51159109,0.39370080,0.55118110
0.51199909,0.00000000,-0.15748030
0.51240709,0.39370080,-0.94488190
0.51281509,0.00000000,-1.65354300
0.51322309,0.39370080,-2.36220500
0.51363109,0.39370080,-3.07086600
0.51403909,0.39370080,-3.70078700
0.51444709,0.39370080,-4.33070900
0.51485509,0.39370080,-4.88189000
0.51526309,0.39370080,-5.43307100
0.51567109,0.39370080,-5.90551200
0.51607909,0.39370080,-6.29921200
0.51648709,0.39370080,-6.69291400
0.51689509,0.39370080,-6.92913400
0.51730309,0.39370080,-7.08661400
0.51771109,0.39370080,-7.24409400
0.51811909,0.00000000,-7.32283400
0.51852709,0.39370080,-7.24409400
0.51893509,0.39370080,-7.16535400
0.51934309,0.39370080,-7.00787400
0.51975109,0.39370080,-6.77165400
0.52015909,0.39370080,-6.37795300
0.52056709,0.00000000,-5.98425200
0.52097509,0.39370080,-5.59055100
0.52138309,0.39370080,-5.03937000
0.52179109,0.39370080,-4.48818900
0.52219909,0.39370080,-3.85826800
0.52260709,0.39370080,-3.22834600
0.52301509,0.00000000,-2.51968500
0.52342309,0.39370080,-1.81102400
0.52383109,0.39370080,-1.10236200
0.52423909,0.39370080,-0.31496060
0.52464709,0.39370080,0.39370080
0.52505509,0.78740160,1.10236200
0.52546309,0.39370080,1.81102400
0.52587109,0.39370080,2.51968500
0.52627909,0.39370080,3.22834600
0.52668709,0.00000000,3.85826800
0.52709509,0.39370080,4.48818900
0.52750309,0.00000000,5.03937000
0.52791109,0.39370080,5.59055100
0.52831909,0.39370080,5.98425200
0.52872709,0.39370080,6.37795300
0.52913509,0.39370080,6.69291400
0.52954309,0.39370080,6.92913400
0.52995109,0.39370080,7.08661400
0.53035909,0.39370080,7.24409400
0.53076709,0.39370080,7.24409400
0.53117509,0.39370080,7.16535400
0.53158309,0.39370080,7.00787400
0.53199109,0.39370080,6.85039400
0.53239909,0.39370080,6.53543300
0.53280709,0.39370080,6.22047200
0.53321509,0.39370080,5.82677200
0.53362309,0.39370080,5.35433100
0.53403109,0.00000000,4.80315000
0.53443909,0.39370080,4.25196800
0.53484709,0.00000000,3.54330700
0.53525509,0.39370080,2.91338600
0.53566309,0.78740160,2.20472400
0.53607109,0.39370080,1.49606300
0.53647909,0.00000000,0.78740160
0.53688709,0.39370080,0.00000000
0.53729509,0.00000000,-0.70866140
0.53770309,0.39370080,-1.41732300
0.53811109,0.39370080,-2.20472400
0.53851909,0.00000000,-2.83464600
0.53892709,0.39370080,-3.54330700
0.53933509,0.39370080,-4.17322800
0.53974309,0.39370080,-4.80315000
0.54015109,0.39370080,-5.27559000
0.54055909,0.39370080,-5.82677200
0.54096709,0.00000000,-6.22047200
0.54137509,0.39370080,-6.53543300
0.54178309,0.00000000,-6.85039400
0.54219109,0.39370080,-7.08661400
0.54259909,0.00000000,-7.24409400
0.54300709,0.39370080,-7.32283400
0.54341509,0.39370080,-7.24409400
0.54382309,0.00000000,-7.24409400
0.54423109,0.39370080,-7.00787400
0.54463909,0.39370080,-6.77165400
0.54504709,0.39370080,-6.45669300
0.54545509,0.78740160,-6.14173200
0.54586309,0.00000000,-5.66929100
0.54627109,0.39370080,-5.19685000
0.54667909,0.39370080,-4.64566900
0.54708709,0.39370080,-4.09448800
0.54749509,0.39370080,-3.38582700
0.54790309,0.39370080,-2.75590500
0.54831109,0.39370080,-2.04724400
0.54871909,0.39370080,-1.25984300
0.54912709,0.39370080,-0.55118110
0.54953509,0.39370080,0.15748030
0.54994309,0.78740160,0.94488190
0.55035109,0.39370080,1.65354300
0.55075909,0.39370080,2.36220500
0.55116709,0.39370080,3.07086600
0.55157509,0.39370080,3.70078700
0.55198309,0.39370080,4.33070900
0.55239109,0.39370080,4.88189000
0.55279909,0.39370080,5.43307100
0.55320709,0.39370080,5.90551200
0.55361509,0.39370080,6.29921200
0.55402309,0.39370080,6.61417300
0.55443109,0.39370080,6.85039400
0.55483909,0.00000000,7.08661400
0.55524709,0.39370080,7.16535400
0.55565509,0.78740160,7.24409400
0.55606309,0.39370080,7.16535400
0.55647109,0.39370080,7.08661400
0.55687909,0.00000000,6.92913400
0.55728709,0.39370080,6.61417300
0.55769509,0.39370080,6.29921200
0.55810309,0.39370080,5.90551200
0.55851109,0.39370080,5.43307100
0.55891909,0.39370080,4.96063000
0.55932709,0.00000000,4.33070900
0.55973509,0.39370080,3.77952800
0.56014309,0.39370080,3.07086600
0.56055109,0.39370080,2.44094500
0.56095909,0.39370080,1.73228300
0.56136709,0.39370080,0.94488190
0.56177509,0.39370080,0.23622050
0.56218309,0.39370080,-0.55118110
0.56259109,0.39370080,-1.25984300
0.56299909,0.39370080,-2.04724400
0.56340709,0.00000000,-2.67716500
0.56381509,0.00000000,-3.38582700
0.56422309,0.39370080,-4.01574800
0.56463109,0.39370080,-4.56692900
0.56503909,0.39370080,-5.19685000
0.56544709,0.39370080,-5.66929100
0.56585509,0.39370080,-6.06299200
0.56626309,0.00000000,-6.45669300
0.56667109,0.39370080,-6.77165400
0.56707909,0.00000000,-7.00787400
0.56748709,0.39370080,-7.24409400
0.56789509,0.39370080,-7.32283400
0.56830309,0.00000000,-7.24409400
0.56871109,0.00000000,-7.24409400
0.56911909,0.78740160,-7.08661400
0.56952709,0.39370080,-6.85039400
0.56993509,0.78740160,-6.61417300
0.57034309,0.39370080,-6.22047200
0.57075109,0.39370080,-5.82677200
0.57115909,0.39370080,-5.35433100
0.57156709,0.39370080,-4.80315000
0.57197509,0.39370080,-4.25196800
0.57238309,0.39370080,-3.62204700
0.57279109,0.39370080,-2.91338600
0.57319909,0.78740160,-2.20472400
0.57360709,0.39370080,-1.49606300
0.57401509,0.39370080,-0.78740160
0.57442309,0.39370080,0.00000000
0.57483109,0.39370080,0.70866140
0.57523909,0.39370080,1.41732300
0.57564709,0.78740160,2.12598400
0.57605509,0.78740160,2.83464600
0.57646309,0.39370080,3.54330700
0.57687109,0.39370080,4.17322800
0.57727909,0.39370080,4.72441000
0.57768709,0.39370080,5.27559000
0.57809509,0.39370080,5.74803200
0.57850309,0.39370080,6.22047200
0.57891109,0.39370080,6.53543300
0.57931909,0.39370080,6.85039400
0.57972709,0.39370080,7.00787400
0.58013509,0.00000000,7.16535400
0.58054309,0.39370080,7.24409400
0.58095109,0.39370080,7.24409400
0.58135909,0.39370080,7.16535400
0.58176709,0.39370080,7.00787400
0.58217509,0.39370080,6.69291400
0.58258309,0.39370080,6.37795300
0.58299109,0.39370080,5.98425200
0.58339909,0.39370080,5.59055100
0.58380709,0.00000000,5.11811000
0.58421508,0.39370080,4.56692900
0.58462308,0.39370080,3.93700800
0.58503108,0.00000000,3.30708700
0.58543908,0.39370080,2.59842500
0.58584708,0.00000000,1.88976400
0.58625508,0.78740160,1.18110200
0.58666308,0.39370080,0.39370080
0.58707108,0.39370080,-0.31496060
0.58747908,0.39370080,-1.02362200
0.58788708,0.39370080,-1.81102400
0.58829508,0.39370080,-2.51968500
0.58870308,0.39370080,-3.14960600
0.58911108,0.39370080,-3.85826800
0.58951908,0.39370080,-4.48818900
0.58992708,0.39370080,-5.03937000
0.59033508,0.39370080,-5.59055100
0.59074308,0.00000000,-5.98425200
0.59115108,0.39370080,-6.37795300
0.59155908,0.39370080,-6.69291400
0.59196708,0.78740160,-6.92913400
0.59237508,0.39370080,-7.16535400
0.59278308,0.39370080,-7.24409400
0.59319108,0.39370080,-7.32283400
0.59359908,0.78740160,-7.24409400
0.59400708,0.39370080,-7.16535400
0.59441508,0.39370080,-6.92913400
0.59482308,0.39370080,-6.69291400
0.59523108,0.39370080,-6.29921200
0.59563908,0.39370080,-5.90551200
0.59604708,0.39370080,-5.51181100
0.59645508,0.78740160,-4.96063000
0.59686308,0.39370080,-4.40944900
0.59727108,0.39370080,-3.77952800
0.59767908,0.39370080,-3.14960600
0.59808708,0.39370080,-2.36220500
0.59849508,0.00000000,-1.73228300
0.59890308,0.39370080,-0.94488190
0.59931108,0.39370080,-0.23622050
0.59971908,0.78740160,0.47244100
0.60012708,0.39370080,1.25984300
0.60053508,0.39370080,1.96850400
0.60094308,0.78740160,2.67716500
0.60135108,0.39370080,3.30708700
0.60175908,0.39370080,3.93700800
0.60216708,0.39370080,4.56692900
0.60257508,0.39370080,5.11811000
0.60298308,0.39370080,5.59055100
0.60339108,0.39370080,6.06299200
0.60379908,0.39370080,6.45669300
0.60420708,0.78740160,6.69291400
0.60461508,0.00000000,7.00787400
0.60502308,0.39370080,7.08661400
0.60543108,0.39370080,7.16535400
0.60583908,0.39370080,7.24409400
0.60624708,0.00000000,7.16535400
0.60665508,0.39370080,7.00787400
0.60706308,0.00000000,6.77165400
0.60747108,0.39370080,6.53543300
0.60787908,0.39370080,6.14173200
0.60828708,0.39370080,5.74803200
0.60869508,0.39370080,5.19685000
0.60910308,0.00000000,4.64566900
0.60951108,0.00000000,4.09448800
0.60991908,0.00000000,3.46456700
0.61032708,0.39370080,2.83464600
0.61073508,0.39370080,2.04724400
0.61114308,0.39370080,1.33858300
0.61155108,0.39370080,0.62992130
0.61195908,0.00000000,-0.07874016
0.61236708,0.39370080,-0.86614170
0.61277508,0.00000000,-1.57480300
0.61318308,0.00000000,-2.36220500
0.61359108,0.39370080,-2.99212600
0.61399908,0.78740160,-3.70078700
0.61440708,0.00000000,-4.25196800
0.61481508,0.39370080,-4.88189000
0.61522308,0.39370080,-5.35433100
0.61563108,0.00000000,-5.90551200
0.61603908,0.00000000,-6.22047200
0.61644708,0.39370080,-6.61417300
0.61685508,0.00000000,-6.92913400
0.61726308,0.39370080,-7.16535400
0.61767108,0.39370080,-7.24409400
0.61807908,0.39370080,-7.32283400
0.61848708,0.39370080,-7.24409400
0.61889508,0.39370080,-7.16535400
0.61930308,0.39370080,-7.00787400
0.61971108,0.39370080,-6.77165400
0.62011908,0.39370080,-6.45669300
0.62052708,0.39370080,-6.06299200
0.62093508,0.39370080,-5.59055100
0.62134308,0.39370080,-5.11811000
0.62175108,0.39370080,-4.56692900
0.62215908,0.78740160,-3.93700800
0.62256708,0.78740160,-3.30708700
0.62297508,0.39370080,-2.59842500
0.62338308,0.39370080,-1.88976400
0.62379108,0.39370080,-1.18110200
0.62419908,0.39370080,-0.47244100
0.62460708,0.39370080,0.31496060
0.62501508,0.78740160,1.02362200
0.62542308,0.39370080,1.73228300
0.62583108,0.78740160,2.51968500
0.62623908,0.39370080,3.14960600
0.62664708,0.39370080,3.77952800
0.62705508,0.00000000,4.40944900
0.62746308,0.39370080,5.03937000
0.62787108,0.39370080,5.51181100
0.62827908,0.39370080,5.98425200
0.62868708,0.39370080,6.37795300
0.62909508,0.00000000,6.69291400
0.62950308,0.00000000,6.92913400
0.62991108,0.39370080,7.08661400
0.63031908,0.39370080,7.16535400
0.63072708,0.00000000,7.24409400
0.63113508,0.78740160,7.16535400
0.63154308,0.00000000,7.08661400
0.63195108,0.39370080,6.85039400
0.63235908,0.00000000,6.61417300
0.63276708,0.39370080,6.22047200
0.63317508,0.39370080,5.82677200
0.63358308,0.00000000,5.35433100
0.63399108,0.39370080,4.88189000
0.63439908,0.39370080,4.25196800
0.63480708,0.39370080,3.62204700
0.63521508,0.39370080,2.99212600
0.63562308,0.00000000,2.28346500
0.63603108,0.00000000,1.57480300
0.63643908,0.39370080,0.86614170
0.63684708,0.39370080,0.07874016
0.63725508,0.39370080,-0.62992130
0.63766308,0.00000000,-1.41732300
0.63807108,0.00000000,-2.04724400
0.63847908,0.39370080,-2.83464600
0.63888708,0.00000000,-3.46456700
0.63929508,0.78740160,-4.09448800
0.63970308,0.39370080,-4.72441000
0.64011108,0.39370080,-5.27559000
0.64051908,0.78740160,-5.74803200
0.64092708,0.78740160,-6.22047200
0.64133508,0.00000000,-6.53543300
0.64174308,0.00000000,-6.85039400
0.64215108,0.39370080,-7.08661400
0.64255908,0.39370080,-7.16535400
0.64296708,0.39370080,-7.24409400
0.64337508,0.39370080,-7.24409400
0.64378308,0.39370080,-7.16535400
0.64419108,0.39370080,-7.08661400
0.64459908,0.39370080,-6.85039400
0.64500708,0.39370080,-6.53543300
0.64541508,0.00000000,-6.14173200
0.64582308,0.39370080,-5.74803200
0.64623108,0.39370080,-5.27559000
0.64663908,0.78740160,-4.72441000
0.64704708,0.39370080,-4.09448800
0.64745508,0.39370080,-3.46456700
0.64786308,0.39370080,-2.83464600
0.64827108,0.39370080,-2.12598400
0.64867908,0.39370080,-1.33858300
0.64908708,0.39370080,-0.62992130
0.64949508,0.78740160,0.07874016
0.64990308,0.78740160,0.86614170
0.65031108,0.78740160,1.57480300
0.65071908,0.78740160,2.28346500
0.65112708,0.39370080,2.99212600
0.65153508,0.39370080,3.62204700
0.65194308,0.39370080,4.25196800
0.65235108,0.39370080,4.80315000
0.65275908,0.78740160,5.35433100
0.65316708,0.78740160,5.82677200
0.65357508,0.78740160,6.22047200
0.65398308,0.39370080,6.53543300
0.65439108,0.39370080,6.85039400
0.65479908,0.39370080,7.08661400
0.65520708,0.39370080,7.16535400
0.65561508,0.39370080,7.24409400
0.65602308,0.39370080,7.24409400
0.65643108,0.39370080,7.08661400
0.65683908,0.39370080,6.92913400
0.65724708,0.39370080,6.69291400
0.65765508,0.39370080,6.37795300
0.65806308,0.39370080,5.90551200
0.65847108,0.39370080,5.51181100
0.65887908,0.39370080,4.96063000
0.65928708,0.00000000,4.40944900
0.65969508,0.00000000,3.77952800
0.66010308,0.00000000,3.14960600
0.66051108,0.39370080,2.44094500
0.66091908,0.39370080,1.73228300
0.66132708,0.00000000,1.02362200
0.66173508,0.00000000,0.31496060
0.66214308,0.00000000,-0.47244100
0.66255108,0.00000000,-1.18110200
0.66295908,0.39370080,-1.88976400
0.66336708,0.00000000,-2.59842500
0.66377508,0.39370080,-3.30708700
0.66418308,0.39370080,-3.93700800
0.66459108,0.00000000,-4.56692900
0.66499908,0.39370080,-5.11811000
0.66540708,0.39370080,-5.59055100
0.66581508,0.00000000,-6.06299200
0.66622308,0.39370080,-6.45669300
0.66663108,0.00000000,-6.77165400
0.66703908,0.00000000,-7.00787400
0.66744708,0.39370080,-7.16535400
0.66785508,0.00000000,-7.24409400
0.66826308,0.39370080,-7.24409400
0.66867108,0.39370080,-7.24409400
0.66907908,0.39370080,-7.08661400
0.66948708,0.39370080,-6.85039400
0.66989508,0.00000000,-6.61417300
0.67030308,0.39370080,-6.29921200
0.67071108,0.39370080,-5.82677200
0.67111908,0.39370080,-5.43307100
0.67152708,0.39370080,-4.88189000
0.67193508,0.39370080,-4.25196800
0.67234308,0.39370080,-3.70078700
0.67275108,0.39370080,-2.99212600
0.67315908,0.39370080,-2.28346500
0.67356708,0.78740160,-1.57480300
0.67397508,0.78740160,-0.86614170
0.67438308,0.78740160,-0.07874016
0.67479108,0.78740160,0.62992130
0.67519908,0.78740160,1.33858300
0.67560708,0.39370080,2.12598400
0.67601508,0.78740160,2.75590500
0.67642308,0.39370080,3.46456700
0.67683108,0.78740160,4.09448800
0.67723908,0.39370080,4.72441000
0.67764708,0.39370080,5.19685000
0.67805508,0.78740160,5.74803200
0.67846308,0.78740160,6.14173200
0.67887108,0.39370080,6.53543300
0.67927908,0.00000000,6.77165400
0.67968708,0.39370080,7.00787400
0.68009508,0.39370080,7.16535400
0.68050308,0.39370080,7.24409400
0.68091108,0.78740160,7.24409400
0.68131908,0.39370080,7.08661400
0.68172708,0.39370080,6.92913400
0.68213508,0.39370080,6.77165400
0.68254308,0.78740160,6.45669300
0.68295108,0.39370080,6.06299200
0.68335908,0.00000000,5.66929100
0.68376708,0.00000000,5.11811000
0.68417508,0.39370080,4.56692900
0.68458308,0.00000000,4.01574800
0.68499108,0.39370080,3.38582700
0.68539908,0.39370080,2.67716500
0.68580708,0.00000000,1.96850400
0.68621508,0.00000000,1.25984300
0.68662308,0.00000000,0.47244100
0.68703108,0.39370080,-0.23622050
0.68743908,0.39370080,-1.02362200
0.68784708,0.00000000,-1.73228300
0.68825508,0.00000000,-2.44094500
0.68866308,0.39370080,-3.07086600
0.68907108,0.00000000,-3.77952800
0.68947908,0.00000000,-4.33070900
0.68988708,0.39370080,-4.96063000
0.69029508,0.00000000,-5.43307100
0.69070308,0.78740160,-5.90551200
0.69111108,0.39370080,-6.37795300
0.69151908,0.00000000,-6.69291400
0.69192708,0.00000000,-6.92913400
0.69233508,0.00000000,-7.16535400
0.69274308,0.39370080,-7.24409400
0.69315108,0.39370080,-7.32283400
0.69355908,0.39370080,-7.24409400
0.69396708,0.39370080,-7.16535400
0.69437508,0.39370080,-6.92913400
0.69478308,0.39370080,-6.69291400
0.69519108,0.00000000,-6.37795300
0.69559908,0.00000000,-5.98425200
0.69600708,0.39370080,-5.51181100
0.69641508,0.39370080,-4.96063000
0.69682308,0.39370080,-4.40944900
0.69723108,0.39370080,-3.77952800
0.69763908,0.39370080,-3.14960600
0.69804708,0.39370080,-2.44094500
0.69845508,0.39370080,-1.81102400
0.69886308,0.78740160,-1.02362200
0.69927108,0.78740160,-0.31496060
0.69967908,0.78740160,0.39370080
0.70008708,0.78740160,1.18110200
0.70049508,0.39370080,1.88976400
0.70090308,0.78740160,2.59842500
0.70131108,0.39370080,3.30708700
0.70171908,0.39370080,3.93700800
0.70212708,0.39370080,4.48818900
0.70253508,0.78740160,5.11811000
0.70294308,0.78740160,5.59055100
0.70335108,0.39370080,6.06299200
0.70375908,0.39370080,6.37795300
0.70416708,0.78740160,6.69291400
0.70457508,0.39370080,6.92913400
0.70498308,0.39370080,7.16535400
0.70539108,0.78740160,7.24409400
0.70579908,0.00000000,7.24409400
0.70620708,0.78740160,7.16535400
0.70661508,0.39370080,7.00787400
0.70702308,0.39370080,6.77165400
0.70743108,0.78740160,6.53543300
0.70783908,0.39370080,6.14173200
0.70824708,0.39370080,5.74803200
0.70865508,0.39370080,5.27559000
0.70906308,0.00000000,4.72441000
0.70947108,0.39370080,4.17322800
0.70987908,0.00000000,3.54330700
0.71028708,0.00000000,2.83464600
0.71069508,0.00000000,2.20472400
0.71110308,0.39370080,1.41732300
0.71151108,0.39370080,0.70866140
0.71191908,0.00000000,0.00000000
0.71232708,0.39370080,-0.78740160
0.71273508,0.00000000,-1.49606300
0.71314308,0.39370080,-2.20472400
0.71355108,0.00000000,-2.91338600
0.71395908,0.00000000,-3.62204700
0.71436708,0.39370080,-4.25196800
0.71477508,0.00000000,-4.80315000
0.71518308,0.00000000,-5.35433100
0.71559108,0.00000000,-5.82677200
0.71599908,0.00000000,-6.22047200
0.71640708,0.00000000,-6.53543300
0.71681508,0.00000000,-6.85039400
0.71722308,0.00000000,-7.08661400
0.71763108,0.39370080,-7.24409400
0.71803908,0.00000000,-7.24409400
0.71844708,0.00000000,-7.24409400
0.71885508,0.39370080,-7.16535400
0.71926308,0.39370080,-7.00787400
0.71967108,0.39370080,-6.77165400
0.72007908,0.00000000,-6.45669300
0.72048708,0.39370080,-6.06299200
0.72089508,0.39370080,-5.66929100
0.72130308,0.39370080,-5.11811000
0.72171108,0.00000000,-4.56692900
0.72211908,0.39370080,-4.01574800
0.72252708,0.39370080,-3.38582700
0.72293508,0.39370080,-2.67716500
0.72334308,0.39370080,-1.96850400
0.72375108,0.39370080,-1.25984300
0.72415908,0.39370080,-0.55118110
0.72456708,0.78740160,0.23622050
0.72497508,0.78740160,0.94488190
0.72538308,0.78740160,1.65354300
0.72579108,0.39370080,2.44094500
0.72619908,0.39370080,3.07086600
0.72660708,0.39370080,3.77952800
0.72701508,0.78740160,4.33070900
0.72742308,0.39370080,4.96063000
0.72783108,0.78740160,5.43307100
0.72823908,0.39370080,5.90551200
0.72864708,0.78740160,6.29921200
0.72905508,0.78740160,6.61417300
0.72946308,0.39370080,6.92913400
0.72987108,0.78740160,7.08661400
0.73027908,0.78740160,7.24409400
0.73068708,0.39370080,7.24409400
0.73109508,0.39370080,7.16535400
0.73150308,0.00000000,7.00787400
0.73191108,0.39370080,6.85039400
0.73231908,0.78740160,6.61417300
0.73272708,0.00000000,6.29921200
0.73313508,0.39370080,5.90551200
0.73354308,0.39370080,5.43307100
0.73395108,0.00000000,4.88189000
0.73435908,0.39370080,4.33070900
0.73476708,0.39370080,3.70078700
0.73517508,0.39370080,3.07086600
0.73558308,0.39370080,2.36220500
0.73599108,0.39370080,1.65354300
0.73639908,0.39370080,0.86614170
0.73680708,0.39370080,0.15748030
0.73721508,0.00000000,-0.55118110
0.73762308,0.00000000,-1.25984300
0.73803108,0.00000000,-2.04724400
0.73843908,0.00000000,-2.67716500
0.73884708,0.78740160,-3.38582700
0.73925508,0.00000000,-4.01574800
0.73966308,0.39370080,-4.64566900
0.74007108,0.00000000,-5.19685000
0.74047908,0.00000000,-5.66929100
0.74088708,0.00000000,-6.06299200
0.74129508,0.00000000,-6.45669300
0.74170308,0.00000000,-6.77165400
0.74211108,0.00000000,-7.00787400
0.74251908,0.39370080,-7.16535400
0.74292708,0.00000000,-7.24409400
0.74333508,0.00000000,-7.32283400
0.74374308,0.39370080,-7.24409400
0.74415108,0.00000000,-7.00787400
0.74455908,0.39370080,-6.85039400
0.74496708,0.00000000,-6.53543300
0.74537508,0.39370080,-6.22047200
0.74578308,0.39370080,-5.74803200
0.74619108,0.39370080,-5.27559000
0.74659908,0.39370080,-4.80315000
0.74700708,0.78740160,-4.17322800
0.74741508,0.39370080,-3.54330700
0.74782308,0.78740160,-2.91338600
0.74823108,0.39370080,-2.12598400
0.74863908,0.39370080,-1.41732300
0.74904708,0.39370080,-0.70866140
0.74945508,0.39370080,-0.15748030
0.74986308,0.39370080,-0.15748030
0.75027108,0.78740160,-0.15748030
0.75067908,0.78740160,-0.07874016
0.75108708,0.78740160,-0.15748030
0.75149508,0.78740160,-0.15748030
0.75190308,0.39370080,-0.15748030
0.75231108,0.78740160,-0.15748030
0.75271908,0.39370080,-0.15748030
0.75312708,0.00000000,-0.15748030
0.75353508,0.78740160,-0.23622050
0.75394308,0.78740160,-0.15748030
0.75435108,0.39370080,-0.15748030
0.75475908,0.78740160,-0.15748030
0.75516708,0.39370080,-0.15748030
0.75557508,0.00000000,-0.15748030
0.75598308,0.78740160,-0.15748030
0.75639108,0.78740160,-0.15748030
0.75679908,0.39370080,-0.23622050
0.75720708,0.39370080,-0.23622050
0.75761508,0.39370080,-0.23622050
0.75802308,0.39370080,-0.15748030
0.75843108,0.39370080,-0.15748030
0.75883908,0.00000000,-0.15748030
0.75924708,0.00000000,-0.15748030
0.75965508,0.39370080,-0.15748030
0.76006308,0.00000000,-0.15748030
0.76047108,0.39370080,-0.07874016
0.76087907,0.00000000,-0.15748030
0.76128707,0.00000000,-0.07874016
0.76169507,0.00000000,-0.07874016
0.76210307,0.00000000,-0.07874016
0.76251107,0.00000000,-0.07874016
0.76291907,0.00000000,-0.07874016
0.76332707,0.00000000,0.00000000
0.76373507,0.00000000,0.00000000
0.76414307,0.00000000,0.00000000
0.76455107,0.00000000,0.00000000
0.76495907,0.00000000,0.00000000
0.76536707,0.00000000,0.00000000
0.76577507,0.39370080,0.00000000
0.76618307,0.00000000,0.07874016
0.76659107,0.00000000,0.07874016
0.76699907,0.39370080,0.07874016
0.76740707,0.39370080,0.07874016
0.76781507,0.00000000,0.07874016
0.76822307,0.00000000,0.07874016
0.76863107,0.00000000,0.07874016
0.76903907,0.39370080,0.07874016
0.76944707,0.00000000,0.07874016
0.76985507,0.39370080,0.07874016
0.77026307,0.00000000,0.07874016
0.77067107,0.39370080,0.07874016
0.77107907,0.39370080,0.07874016
0.77148707,0.39370080,0.07874016
0.77189507,0.39370080,0.07874016
0.77230307,0.78740160,0.07874016
0.77271107,0.78740160,0.07874016
0.77311907,0.78740160,0.00000000
0.77352707,0.78740160,0.07874016
0.77393507,0.39370080,0.00000000
0.77434307,0.39370080,0.00000000
0.77475107,0.78740160,0.00000000
0.77515907,0.78740160,0.00000000
0.77556707,0.39370080,0.00000000
0.77597507,0.78740160,0.00000000
0.77638307,0.78740160,0.00000000
0.77679107,0.39370080,-0.07874016
0.77719907,0.78740160,-0.07874016
0.77760707,0.78740160,-0.07874016
0.77801507,0.78740160,-0.07874016
0.77842307,0.78740160,-0.07874016
0.77883107,0.39370080,-0.15748030
0.77923907,0.78740160,-0.07874016
0.77964707,0.78740160,-0.07874016
0.78005507,0.39370080,-0.15748030
0.78046307,0.39370080,-0.15748030
0.78087107,0.39370080,-0.15748030
0.78127907,0.78740160,-0.15748030
0.78168707,0.78740160,-0.15748030
0.78209507,0.39370080,-0.15748030
0.78250307,0.39370080,-0.15748030
0.78291107,0.39370080,-0.15748030
0.78331907,0.39370080,-0.15748030
0.78372707,0.39370080,-0.15748030
0.78413507,0.39370080,-0.15748030
0.78454307,0.00000000,-0.15748030
0.78495107,0.39370080,-0.15748030
0.78535907,0.00000000,-0.15748030
0.78576707,0.00000000,-0.15748030
0.78617507,0.39370080,-0.15748030
0.78658307,0.00000000,-0.07874016
0.78699107,0.00000000,-0.07874016
0.78739907,0.39370080,-0.07874016
0.78780707,0.00000000,-0.07874016
0.78821507,0.00000000,-0.07874016
0.78862307,0.00000000,0.00000000
0.78903107,0.00000000,0.00000000
0.78943907,0.00000000,0.00000000
0.78984707,0.00000000,0.00000000
0.79025507,0.00000000,0.00000000
0.79066307,0.39370080,0.00000000
0.79107107,0.00000000,0.00000000
0.79147907,0.00000000,0.07874016
0.79188707,0.00000000,0.07874016
0.79229507,0.00000000,0.07874016
0.79270307,0.00000000,0.07874016
0.79311107,0.39370080,0.07874016
0.79351907,0.00000000,0.07874016
0.79392707,0.39370080,0.07874016
0.79433507,0.00000000,0.07874016
0.79474307,0.39370080,0.07874016
0.79515107,0.39370080,0.07874016
0.79555907,0.39370080,0.07874016
0.79596707,0.39370080,0.07874016
0.79637507,0.39370080,0.07874016
0.79678307,0.39370080,0.07874016
0.79719107,0.39370080,0.07874016
0.79759907,0.78740160,0.07874016
0.79800707,0.39370080,0.07874016
0.79841507,0.78740160,0.00000000
0.79882307,0.39370080,0.00000000
0.79923107,0.78740160,0.00000000
0.79963907,0.39370080,0.07874016
0.80004707,0.39370080,0.00000000
0.80045507,0.78740160,0.00000000
0.80086307,0.78740160,-0.07874016
0.80127107,0.78740160,0.00000000
0.80167907,0.78740160,-0.07874016
0.80208707,0.78740160,-0.07874016
0.80249507,0.78740160,-0.07874016
0.80290307,0.39370080,-0.07874016
0.80331107,0.78740160,-0.07874016
0.80371907,0.39370080,-0.07874016
0.80412707,0.78740160,-0.15748030
0.80453507,0.78740160,-0.15748030
0.80494307,0.78740160,-0.15748030
0.80535107,0.78740160,-0.15748030
0.80575907,0.39370080,-0.15748030
0.80616707,0.78740160,-0.15748030
0.80657507,0.78740160,-0.15748030
0.80698307,0.39370080,-0.15748030
0.80739107,0.78740160,-0.15748030
0.80779907,0.39370080,-0.15748030
0.80820707,0.39370080,-0.15748030
0.80861507,0.39370080,-0.15748030
0.80902307,0.39370080,-0.15748030
0.80943107,0.00000000,-0.07874016
0.80983907,0.00000000,-0.15748030
0.81024707,0.39370080,-0.07874016
0.81065507,0.39370080,-0.07874016
0.81106307,0.00000000,-0.07874016
0.81147107,0.39370080,-0.07874016
0.81187907,0.39370080,-0.07874016
0.81228707,0.00000000,-0.07874016
0.81269507,0.00000000,0.00000000
0.81310307,0.00000000,0.00000000
0.81351107,0.00000000,-0.07874016
0.81391907,0.00000000,0.00000000
0.81432707,-0.39370080,0.00000000
0.81473507,0.00000000,0.00000000
0.81514307,0.00000000,0.00000000
0.81555107,0.00000000,0.00000000
0.81595907,0.00000000,0.07874016
0.81636707,0.00000000,0.00000000
0.81677507,0.00000000,0.07874016
0.81718307,0.00000000,0.07874016
0.81759107,0.00000000,0.07874016
0.81799907,-0.39370080,0.07874016
0.81840707,0.39370080,0.07874016
0.81881507,0.00000000,0.07874016
0.81922307,0.39370080,0.07874016
0.81963107,0.39370080,0.07874016
0.82003907,0.39370080,0.07874016
0.82044707,0.00000000,0.07874016
0.82085507,0.39370080,0.07874016
0.82126307,0.00000000,0.07874016
0.82167107,0.39370080,0.07874016
0.82207907,0.78740160,0.00000000
0.82248707,0.39370080,0.00000000
0.82289507,0.39370080,0.00000000
0.82330307,0.78740160,0.00000000
0.82371107,0.78740160,0.00000000
0.82411907,0.39370080,0.00000000
0.82452707,0.39370080,0.00000000
0.82493507,0.78740160,0.00000000
0.82534307,0.78740160,-0.07874016
0.82575107,0.78740160,0.00000000
0.82615907,0.39370080,-0.07874016
0.82656707,0.78740160,-0.07874016
0.82697507,0.78740160,-0.07874016
0.82738307,1.18110200,-0.07874016
0.82779107,0.78740160,-0.07874016
0.82819907,0.78740160,-0.07874016
0.82860707,0.78740160,-0.07874016
0.82901507,0.39370080,-0.07874016
0.82942307,1.18110200,-0.15748030
0.82983107,0.78740160,-0.07874016
0.83023907,0.39370080,-0.15748030
0.83064707,0.39370080,-0.15748030
0.83105507,0.78740160,-0.15748030
0.83146307,0.39370080,-0.07874016
0.83187107,0.39370080,-0.15748030
0.83227907,0.39370080,-0.07874016
0.83268707,0.39370080,-0.15748030
0.83309507,0.00000000,-0.07874016
0.83350307,0.00000000,-0.07874016
0.83391107,0.39370080,-0.07874016
0.83431907,0.00000000,-0.07874016
0.83472707,0.00000000,-0.07874016
0.83513507,0.00000000,-0.07874016
0.83554307,0.00000000,-0.07874016
0.83595107,0.00000000,-0.07874016
0.83635907,0.00000000,-0.07874016
0.83676707,0.39370080,-0.07874016
0.83717507,0.00000000,0.00000000
0.83758307,0.00000000,-0.07874016
0.83799107,0.00000000,-0.07874016
0.83839907,0.00000000,-0.07874016
0.83880707,0.00000000,0.00000000
0.83921507,0.00000000,0.00000000
0.83962307,0.00000000,0.00000000
0.84003107,0.00000000,0.00000000
0.84043907,0.00000000,0.00000000
0.84084707,0.00000000,0.00000000
0.84125507,-0.39370080,0.00000000
0.84166307,0.00000000,0.00000000
0.84207107,0.00000000,0.00000000
0.84247907,0.00000000,0.00000000
0.84288707,0.39370080,0.00000000
0.84329507,0.00000000,0.00000000
0.84370307,0.39370080,0.00000000
0.84411107,0.00000000,0.00000000
0.84451907,0.00000000,0.07874016
0.84492707,0.00000000,0.00000000
0.84533507,0.78740160,0.00000000
0.84574307,0.78740160,0.07874016
0.84615107,0.39370080,0.07874016
0.84655907,0.39370080,0.00000000
0.84696707,0.78740160,0.00000000
0.84737507,0.78740160,0.00000000
0.84778307,0.78740160,0.00000000
0.84819107,0.78740160,0.00000000
0.84859907,0.39370080,0.00000000
0.84900707,0.78740160,0.00000000
0.84941507,0.78740160,0.00000000
0.84982307,0.39370080,0.00000000
0.85023107,0.39370080,0.00000000
0.85063907,0.78740160,0.00000000
0.85104707,0.78740160,0.00000000
0.85145507,0.78740160,0.00000000
0.85186307,0.78740160,0.00000000
0.85227107,1.18110200,-0.07874016
0.85267907,1.18110200,0.00000000
0.85308707,0.78740160,-0.07874016
0.85349507,0.78740160,-0.07874016
0.85390307,0.78740160,-0.07874016
0.85431107,0.78740160,-0.07874016
0.85471907,0.78740160,-0.07874016
0.85512707,0.39370080,-0.07874016
0.85553507,0.39370080,-0.07874016
0.85594307,0.78740160,-0.07874016
0.85635107,0.78740160,-0.07874016
0.85675907,0.39370080,-0.07874016
0.85716707,0.39370080,-0.07874016
0.85757507,0.78740160,-0.07874016
0.85798307,0.39370080,-0.15748030
0.85839107,0.39370080,-0.07874016
0.85879907,0.39370080,-0.07874016
0.85920707,0.00000000,-0.07874016
0.85961507,0.00000000,-0.07874016
0.86002307,0.39370080,-0.07874016
0.86043107,0.39370080,-0.07874016
0.86083907,0.39370080,-0.07874016
0.86124707,0.00000000,-0.07874016
0.86165507,0.00000000,-0.07874016
0.86206307,0.00000000,-0.07874016
0.86247107,0.00000000,-0.07874016
0.86287907,0.00000000,-0.07874016
0.86328707,0.00000000,-0.07874016
0.86369507,0.00000000,-0.07874016
0.86410307,0.00000000,0.00000000
0.86451107,-0.39370080,0.00000000
0.86491907,0.00000000,0.00000000
0.86532707,0.00000000,0.00000000
0.86573507,0.00000000,0.00000000
0.86614307,0.39370080,0.00000000
0.86655107,0.00000000,0.00000000
0.86695907,0.00000000,0.00000000
0.86736707,0.00000000,0.00000000
0.86777507,0.00000000,0.00000000
0.86818307,0.00000000,0.00000000
0.86859107,0.00000000,0.07874016
0.86899907,0.00000000,0.07874016
0.86940707,0.39370080,0.07874016
0.86981507,0.39370080,0.07874016
0.87022307,0.39370080,0.07874016
0.87063107,0.39370080,0.07874016
0.87103907,0.39370080,0.00000000
0.87144707,0.39370080,0.00000000
0.87185507,0.39370080,0.00000000
0.87226307,0.78740160,0.00000000
0.87267107,0.39370080,0.00000000
0.87307907,0.78740160,0.00000000
0.87348707,0.78740160,0.00000000
0.87389507,0.78740160,0.00000000
0.87430307,0.78740160,0.00000000
0.87471107,0.78740160,0.00000000
0.87511907,0.78740160,0.00000000
0.87552707,0.78740160,0.00000000
0.87593507,0.78740160,0.00000000
0.87634307,0.78740160,0.00000000
0.87675107,0.78740160,-0.07874016
0.87715907,0.78740160,0.00000000
0.87756707,1.18110200,-0.07874016
0.87797507,0.78740160,-0.07874016
0.87838307,0.78740160,-0.07874016
0.87879107,1.18110200,-0.07874016
0.87919907,0.78740160,-0.07874016
0.87960707,0.39370080,-0.07874016
0.88001507,0.78740160,-0.07874016
0.88042307,0.39370080,-0.07874016
0.88083107,0.39370080,-0.07874016
0.88123907,0.78740160,-0.07874016
0.88164707,0.78740160,-0.07874016
0.88205507,0.39370080,-0.07874016
0.88246307,0.39370080,-0.07874016
0.88287107,0.39370080,-0.07874016
0.88327907,0.39370080,-0.07874016
0.88368707,0.00000000,-0.07874016
0.88409507,0.00000000,-0.15748030
0.88450307,0.39370080,-0.07874016
0.88491107,0.00000000,-0.07874016
0.88531907,0.00000000,-0.07874016
0.88572707,0.00000000,-0.07874016
0.88613507,0.00000000,-0.07874016
0.88654307,0.00000000,-0.07874016
0.88695107,0.39370080,-0.07874016
0.88735907,0.00000000,-0.07874016
0.88776707,0.00000000,0.00000000
0.88817507,-0.39370080,-0.07874016
0.88858307,-0.39370080,0.00000000
0.88899107,0.00000000,0.00000000
0.88939907,0.00000000,0.00000000
0.88980707,0.00000000,0.00000000
0.89021507,-0.39370080,0.00000000
0.89062307,0.00000000,0.00000000
0.89103107,0.00000000,0.00000000
0.89143907,0.00000000,0.00000000
0.89184707,0.00000000,0.00000000
0.89225507,0.00000000,0.00000000
0.89266307,0.00000000,0.00000000
0.89307107,0.00000000,0.07874016
0.89347907,0.00000000,0.07874016
0.89388707,0.00000000,0.07874016
0.89429507,0.39370080,0.00000000
0.89470307,0.39370080,0.00000000
0.89511107,0.39370080,0.00000000
0.89551907,0.39370080,0.00000000
0.89592707,0.00000000,0.00000000
0.89633507,0.39370080,0.00000000
0.89674307,0.39370080,0.00000000
0.89715107,0.39370080,0.00000000
0.89755907,0.78740160,0.00000000
0.89796707,0.78740160,0.00000000
0.89837507,0.78740160,0.00000000
0.89878307,0.78740160,0.00000000
0.89919107,0.78740160,0.00000000
0.89959907,0.78740160,0.00000000
0.90000707,1.18110200,0.00000000
0.90041507,0.78740160,0.00000000
0.90082307,1.18110200,0.00000000
0.90123107,1.18110200,0.00000000
0.90163907,0.78740160,0.00000000
0.90204707,0.78740160,-0.07874016
0.90245507,0.78740160,-0.07874016
0.90286307,0.39370080,0.00000000
0.90327107,0.78740160,-0.07874016
0.90367907,0.39370080,-0.07874016
0.90408707,0.78740160,-0.07874016
0.90449507,1.18110200,-0.07874016
0.90490307,0.78740160,-0.07874016
0.90531107,0.39370080,-0.07874016
0.90571907,0.78740160,-0.07874016
0.90612707,0.78740160,-0.07874016
0.90653507,0.78740160,-0.07874016
0.90694307,0.39370080,-0.07874016
0.90735107,0.39370080,-0.07874016
0.90775907,0.39370080,-0.07874016
0.90816707,0.00000000,-0.07874016
0.90857507,0.39370080,-0.07874016
0.90898307,0.39370080,-0.07874016
0.90939107,0.39370080,-0.07874016
0.90979907,0.39370080,-0.07874016
0.91020707,0.39370080,-0.07874016
0.91061507,0.00000000,-0.07874016
0.91102307,0.00000000,-0.07874016
0.91143107,0.00000000,-0.07874016
0.91183907,0.00000000,-0.07874016
0.91224707,-0.39370080,0.00000000
0.91265507,-0.39370080,-0.07874016
0.91306307,0.00000000,0.00000000
0.91347107,0.00000000,-0.07874016
0.91387907,0.00000000,0.00000000
0.91428707,0.00000000,0.00000000
0.91469507,0.00000000,0.00000000
0.91510307,-0.39370080,0.00000000
0.91551107,0.00000000,0.00000000
0.91591907,0.00000000,0.00000000
0.91632707,0.00000000,0.00000000
0.91673507,0.00000000,0.00000000
0.91714307,0.00000000,0.00000000
0.91755107,0.00000000,0.00000000
0.91795907,0.00000000,0.00000000
0.91836707,0.00000000,0.00000000
0.91877507,0.00000000,0.00000000
0.91918307,0.00000000,0.00000000
0.91959107,0.00000000,0.00000000
0.91999907,0.78740160,0.00000000
0.92040707,0.00000000,0.00000000
0.92081507,0.39370080,0.00000000
0.92122307,0.39370080,0.00000000
0.92163107,0.39370080,0.00000000
0.92203907,0.78740160,0.00000000
0.92244707,0.39370080,0.00000000
0.92285507,0.78740160,0.00000000
0.92326307,0.78740160,0.00000000
0.92367107,0.78740160,0.00000000
0.92407907,0.78740160,0.00000000
0.92448707,1.18110200,0.00000000
0.92489507,0.39370080,-0.07874016
0.92530307,0.78740160,0.00000000
0.92571107,0.78740160,0.00000000
0.92611907,0.78740160,0.00000000
0.92652707,0.78740160,0.00000000
0.92693507,1.18110200,0.00000000
0.92734307,1.18110200,-0.07874016
0.92775107,0.78740160,-0.07874016
0.92815907,0.78740160,-0.07874016
0.92856707,1.18110200,-0.07874016
0.92897507,1.18110200,-0.07874016
0.92938307,0.78740160,-0.07874016
0.92979107,0.78740160,-0.07874016
0.93019907,0.78740160,-0.07874016
0.93060707,0.78740160,-0.07874016
0.93101507,0.39370080,-0.07874016
0.93142307,0.78740160,-0.07874016
0.93183107,0.39370080,-0.07874016
0.93223907,0.39370080,-0.07874016
0.93264707,0.39370080,-0.07874016
0.93305507,0.39370080,-0.07874016
0.93346307,0.39370080,-0.07874016
0.93387107,0.00000000,-0.07874016
0.93427907,0.39370080,-0.07874016
0.93468707,0.39370080,-0.07874016
0.93509507,0.00000000,-0.07874016
0.93550307,0.39370080,-0.07874016
0.93591107,0.00000000,-0.07874016
0.93631907,0.00000000,-0.07874016
0.93672707,0.00000000,-0.07874016
0.93713507,0.00000000,-0.07874016
0.93754306,0.00000000,-0.07874016
0.93795106,0.00000000,-0.07874016
0.93835906,0.00000000,0.00000000
0.93876706,0.00000000,-0.07874016
0.93917506,0.00000000,0.00000000
0.93958306,0.00000000,-0.07874016
0.93999106,0.00000000,0.00000000
0.94039906,0.00000000,0.00000000
0.94080706,0.00000000,0.00000000
0.94121506,0.00000000,0.00000000
0.94162306,0.00000000,0.00000000
0.94203106,-0.39370080,0.00000000
0.94243906,0.00000000,0.00000000
0.94284706,0.00000000,0.00000000
0.94325506,0.00000000,0.00000000
0.94366306,0.00000000,0.00000000
0.94407106,0.00000000,0.00000000
0.94447906,0.39370080,0.00000000
0.94488706,0.39370080,0.00000000
0.94529506,0.39370080,0.00000000
0.94570306,0.39370080,0.00000000
0.94611106,0.39370080,0.00000000
0.94651906,0.39370080,0.00000000
0.94692706,0.39370080,0.00000000
0.94733506,0.39370080,0.00000000
0.94774306,0.39370080,0.00000000
0.94815106,0.78740160,0.00000000
0.94855906,0.78740160,0.00000000
0.94896706,0.78740160,0.00000000
0.94937506,0.78740160,0.00000000
0.94978306,1.18110200,0.00000000
0.95019106,1.18110200,0.00000000
0.95059906,0.78740160,0.00000000
0.95100706,1.18110200,0.00000000
0.95141506,1.18110200,-0.07874016
0.95182306,0.78740160,0.00000000
0.95223106,1.18110200,0.00000000
0.95263906,0.78740160,0.00000000
0.95304706,0.78740160,0.00000000
0.95345506,1.18110200,-0.07874016
0.95386306,0.39370080,0.00000000
0.95427106,0.78740160,-0.07874016
0.95467906,1.18110200,-0.07874016
0.95508706,0.78740160,-0.07874016
0.95549506,0.78740160,-0.07874016
0.95590306,0.78740160,-0.07874016
0.95631106,0.39370080,-0.07874016
0.95671906,0.39370080,-0.07874016
0.95712706,0.78740160,-0.07874016
0.95753506,0.39370080,-0.07874016
0.95794306,0.39370080,-0.07874016
0.95835106,0.00000000,-0.07874016
0.95875906,0.00000000,-0.07874016
0.95916706,0.00000000,-0.07874016
0.95957506,0.00000000,-0.07874016
0.95998306,0.00000000,-0.07874016
0.96039106,0.00000000,-0.07874016
0.96079906,0.00000000,-0.07874016
0.96120706,0.00000000,0.00000000
0.96161506,0.00000000,0.00000000
0.96202306,0.00000000,-0.07874016
0.96243106,0.00000000,-0.07874016
0.96283906,0.00000000,-0.07874016
0.96324706,-0.39370080,-0.07874016
0.96365506,0.00000000,0.00000000
0.96406306,0.00000000,0.00000000
0.96447106,0.00000000,0.00000000
0.96487906,0.00000000,0.00000000
0.96528706,0.00000000,0.00000000
0.96569506,0.00000000,0.00000000
0.96610306,-0.39370080,0.00000000
0.96651106,0.00000000,0.00000000
0.96691906,0.00000000,0.00000000
0.96732706,-0.39370080,0.00000000
0.96773506,0.00000000,0.00000000
0.96814306,0.00000000,0.00000000
0.96855106,0.00000000,0.00000000
0.96895906,0.39370080,0.00000000
0.96936706,0.39370080,0.00000000
0.96977506,0.00000000,0.00000000
0.97018306,0.39370080,0.00000000
0.97059106,0.39370080,0.00000000
0.97099906,0.39370080,0.00000000
0.97140706,0.78740160,0.00000000
0.97181506,0.39370080,0.00000000
0.97222306,0.78740160,0.00000000
0.97263106,0.39370080,0.00000000
0.97303906,0.78740160,0.00000000
0.97344706,0.78740160,0.00000000
0.97385506,0.78740160,0.00000000
0.97426306,0.78740160,0.00000000
0.97467106,0.78740160,0.00000000
0.97507906,0.78740160,0.00000000
0.97548706,1.18110200,0.00000000
0.97589506,1.18110200,0.00000000
0.97630306,0.78740160,0.00000000
0.97671106,0.78740160,0.00000000
0.97711906,1.18110200,0.00000000
0.97752706,0.78740160,0.00000000
0.97793506,0.78740160,-0.07874016
0.97834306,0.78740160,-0.07874016
0.97875106,0.39370080,-0.07874016
0.97915906,0.78740160,-0.07874016
0.97956706,0.78740160,-0.07874016
0.97997506,0.78740160,-0.07874016
0.98038306,0.78740160,-0.07874016
0.98079106,0.78740160,-0.07874016
0.98119906,0.78740160,-0.07874016
0.98160706,0.39370080,0.00000000
0.98201506,0.39370080,-0.07874016
0.98242306,0.39370080,-0.07874016
0.98283106,0.39370080,-0.07874016
0.98323906,0.39370080,-0.07874016
0.98364706,0.00000000,-0.07874016
0.98405506,0.39370080,-0.07874016
0.98446306,0.00000000,-0.07874016
0.98487106,0.00000000,-0.07874016
0.98527906,0.00000000,-0.07874016
0.98568706,0.00000000,-0.07874016
0.98609506,0.00000000,-0.07874016
0.98650306,0.00000000,-0.07874016
0.98691106,0.00000000,-0.07874016
0.98731906,0.00000000,0.00000000
0.98772706,0.00000000,0.00000000
0.98813506,0.00000000,-0.07874016
0.98854306,-0.39370080,-0.07874016
0.98895106,0.00000000,0.00000000
0.98935906,0.00000000,-0.07874016
0.98976706,-0.39370080,0.00000000
0.99017506,-0.39370080,0.00000000
0.99058306,0.00000000,0.00000000
0.99099106,-0.39370080,0.00000000
0.99139906,0.00000000,0.00000000
0.99180706,0.00000000,0.00000000
0.99221506,-0.39370080,0.00000000
0.99262306,0.00000000,0.00000000
0.99303106,0.00000000,0.00000000
0.99343906,0.00000000,0.00000000
0.99384706,0.00000000,0.00000000
0.99425506,0.39370080,0.00000000
0.99466306,0.00000000,0.00000000
0.99507106,0.39370080,0.00000000
0.99547906,0.39370080,0.00000000
0.99588706,0.39370080,0.00000000
0.99629506,0.39370080,0.00000000
0.99670306,0.39370080,0.00000000
0.99711106,0.78740160,0.00000000
0.99751906,1.18110200,0.00000000
0.99792706,0.78740160,0.00000000
0.99833506,1.18110200,0.00000000
0.99874306,0.39370080,0.00000000
0.99915106,0.78740160,0.00000000
0.99955906,1.18110200,0.00000000
0.99996706,0.78740160,0.00000000
1.00037506,0.78740160,0.00000000
1.00078306,1.18110200,0.00000000
1.00119106,1.18110200,0.00000000
1.00159906,1.18110200,0.00000000
1.00200706,1.18110200,0.00000000
1.00241506,0.78740160,0.00000000
1.00282306,0.78740160,0.00000000
1.00323106,0.78740160,0.00000000
1.00363906,0.78740160,0.00000000
1.00404706,1.18110200,0.00000000
1.00445506,0.78740160,0.00000000
1.00486306,0.78740160,-0.07874016
1.00527106,0.78740160,0.00000000
1.00567906,0.78740160,-0.07874016
1.00608706,0.78740160,0.00000000
1.00649506,0.78740160,-0.07874016
1.00690306,0.39370080,-0.07874016
1.00731106,0.39370080,-0.07874016
1.00771906,0.78740160,-0.07874016
1.00812706,0.00000000,-0.07874016
1.00853506,0.78740160,0.00000000
1.00894306,0.00000000,-0.07874016
1.00935106,0.00000000,-0.07874016
1.00975906,0.00000000,-0.07874016
1.01016706,0.00000000,0.00000000
1.01057506,0.00000000,-0.07874016
1.01098306,0.00000000,-0.07874016
1.01139106,0.00000000,-0.07874016
1.01179906,0.00000000,-0.07874016
1.01220706,0.00000000,-0.07874016
1.01261506,0.00000000,0.00000000
1.01302306,0.00000000,-0.07874016
1.01343106,0.00000000,-0.07874016
1.01383906,0.00000000,0.00000000
1.01424706,-0.39370080,0.00000000
1.01465506,0.00000000,-0.07874016
1.01506306,0.00000000,0.00000000
1.01547106,0.00000000,-0.07874016
1.01587906,0.00000000,0.00000000
1.01628706,0.00000000,0.00000000
1.01669506,0.00000000,0.00000000
1.01710306,0.00000000,0.00000000
1.01751106,0.00000000,0.00000000
1.01791906,0.00000000,0.00000000
1.01832706,0.00000000,0.00000000
1.01873506,0.00000000,0.00000000
1.01914306,0.00000000,0.00000000
1.01955106,0.00000000,0.00000000
1.01995906,0.39370080,0.00000000
1.02036706,0.39370080,0.00000000
1.02077506,0.78740160,0.00000000
1.02118306,0.39370080,0.00000000
1.02159106,0.39370080,0.00000000
1.02199906,0.39370080,0.00000000
1.02240706,0.39370080,0.00000000
1.02281506,0.78740160,0.00000000
1.02322306,0.78740160,0.00000000
1.02363106,0.78740160,0.00000000
1.02403906,1.18110200,0.00000000
1.02444706,1.18110200,0.00000000
1.02485506,0.78740160,0.00000000
1.02526306,1.18110200,0.00000000
1.02567106,1.18110200,0.00000000
1.02607906,0.78740160,-0.07874016
1.02648706,0.78740160,0.00000000
1.02689506,1.18110200,-0.07874016
1.02730306,1.18110200,0.00000000
1.02771106,1.18110200,-0.07874016
1.02811906,0.78740160,-0.07874016
1.02852706,1.18110200,-0.07874016
1.02893506,0.78740160,-0.07874016
1.02934306,0.78740160,-0.07874016
1.02975106,0.78740160,0.00000000
1.03015906,0.78740160,-0.07874016
1.03056706,0.78740160,-0.07874016
1.03097506,0.78740160,-0.07874016
1.03138306,0.39370080,0.00000000
1.03179106,0.39370080,-0.07874016
1.03219906,0.39370080,-0.07874016
1.03260706,0.39370080,-0.07874016
1.03301506,0.39370080,0.00000000
1.03342306,0.39370080,-0.07874016
1.03383106,0.00000000,0.00000000
1.03423906,0.00000000,-0.07874016
1.03464706,0.00000000,-0.07874016
1.03505506,0.00000000,-0.07874016
1.03546306,0.00000000,-0.07874016
1.03587106,0.00000000,-0.07874016
1.03627906,0.00000000,0.00000000
1.03668706,0.00000000,-0.07874016
1.03709506,-0.39370080,0.00000000
1.03750306,0.00000000,-0.07874016
1.03791106,-0.39370080,0.00000000
1.03831906,0.00000000,-0.07874016
1.03872706,0.00000000,0.00000000
1.03913506,0.00000000,0.00000000
1.03954306,0.00000000,0.00000000
1.03995106,0.00000000,0.00000000
1.04035906,-0.39370080,0.00000000
1.04076706,-0.39370080,0.00000000
1.04117506,0.00000000,0.00000000
1.04158306,0.00000000,0.00000000
1.04199106,0.00000000,0.00000000
1.04239906,0.00000000,0.00000000
1.04280706,0.00000000,0.00000000
1.04321506,0.39370080,0.00000000
1.04362306,0.00000000,0.00000000
1.04403106,0.00000000,0.00000000
1.04443906,0.39370080,0.00000000
1.04484706,0.00000000,0.00000000
1.04525506,0.39370080,0.00000000
1.04566306,0.39370080,0.00000000
1.04607106,0.39370080,0.00000000
1.04647906,0.39370080,0.00000000
1.04688706,0.39370080,0.00000000
1.04729506,0.78740160,0.00000000
1.04770306,0.78740160,0.00000000
1.04811106,0.78740160,0.00000000
1.04851906,0.78740160,0.00000000
1.04892706,0.78740160,0.00000000
1.04933506,0.78740160,0.00000000
1.04974306,0.78740160,0.00000000
1.05015106,1.18110200,0.00000000
1.05055906,0.78740160,0.00000000
1.05096706,1.18110200,0.00000000
1.05137506,0.78740160,0.00000000
1.05178306,1.18110200,0.00000000
1.05219106,0.78740160,0.00000000
1.05259906,0.78740160,0.00000000
1.05300706,0.78740160,0.00000000
1.05341506,1.18110200,-0.07874016
1.05382306,1.18110200,-0.07874016
1.05423106,0.78740160,0.00000000
1.05463906,0.78740160,-0.07874016
1.05504706,0.78740160,0.00000000
1.05545506,0.78740160,0.00000000
1.05586306,0.78740160,0.00000000
1.05627106,0.39370080,0.00000000
1.05667906,0.78740160,0.00000000
1.05708706,0.39370080,-0.07874016
1.05749506,0.00000000,-0.07874016
1.05790306,0.39370080,-0.07874016
1.05831106,0.00000000,0.00000000
1.05871906,0.00000000,-0.07874016
1.05912706,0.00000000,0.00000000
1.05953506,0.00000000,0.00000000
1.05994306,0.39370080,-0.07874016
1.06035106,0.00000000,0.00000000
1.06075906,-0.39370080,0.00000000
1.06116706,0.00000000,-0.07874016
1.06157506,0.00000000,0.00000000
1.06198306,0.00000000,0.00000000
1.06239106,-0.39370080,-0.07874016
1.06279906,-0.39370080,0.00000000
1.06320706,-0.39370080,0.00000000
1.06361506,-0.39370080,-0.07874016
1.06402306,0.00000000,0.00000000
1.06443106,0.00000000,-0.07874016
1.06483906,0.00000000,0.00000000
1.06524706,-0.39370080,0.00000000
1.06565506,-0.39370080,0.00000000
1.06606306,0.00000000,-0.07874016
1.06647106,-0.39370080,0.00000000
1.06687906,0.00000000,0.00000000
1.06728706,-0.39370080,0.00000000
1.06769506,0.00000000,0.00000000
1.06810306,0.00000000,0.00000000
1.06851106,0.00000000,0.00000000
1.06891906,0.39370080,0.00000000
1.06932706,0.00000000,0.00000000
1.06973506,0.00000000,0.00000000
1.07014306,0.39370080,0.00000000
1.07055106,0.39370080,0.00000000
1.07095906,0.39370080,0.00000000
1.07136706,0.39370080,0.00000000
1.07177506,0.78740160,0.00000000
1.07218306,0.78740160,0.00000000
1.07259106,1.18110200,0.00000000
1.07299906,0.78740160,0.00000000
1.07340706,1.18110200,0.00000000
1.07381506,0.78740160,0.00000000
1.07422306,0.78740160,-0.07874016
1.07463106,1.18110200,0.00000000
1.07503906,1.18110200,0.00000000
1.07544706,0.78740160,0.00000000
1.07585506,1.18110200,0.00000000
1.07626306,1.18110200,0.00000000
1.07667106,1.18110200,0.00000000
1.07707906,1.18110200,0.00000000
1.07748706,1.18110200,0.00000000
1.07789506,1.18110200,0.00000000
1.07830306,1.18110200,0.00000000
1.07871106,0.78740160,0.00000000
1.07911906,1.18110200,-0.07874016
1.07952706,0.78740160,-0.07874016
1.07993506,0.78740160,0.00000000
1.08034306,0.78740160,-0.07874016
1.08075106,0.39370080,-0.07874016
1.08115906,0.78740160,0.00000000
1.08156706,0.39370080,-0.07874016
1.08197506,0.39370080,0.00000000
1.08238306,0.39370080,0.00000000
1.08279106,0.39370080,-0.07874016
1.08319906,0.00000000,-0.07874016
1.08360706,0.39370080,-0.07874016
1.08401506,0.00000000,-0.07874016
1.08442306,0.00000000,0.00000000
1.08483106,0.39370080,0.00000000
1.08523906,0.00000000,-0.07874016
1.08564706,0.00000000,-0.07874016
1.08605506,0.00000000,0.00000000
1.08646306,0.00000000,-0.07874016
1.08687106,0.00000000,0.00000000
1.08727906,-0.39370080,-0.07874016
1.08768706,0.00000000,-0.07874016
1.08809506,-0.39370080,-0.07874016
1.08850306,-0.39370080,0.00000000
1.08891106,-0.39370080,0.00000000
1.08931906,0.00000000,0.00000000
1.08972706,-0.39370080,-0.07874016
1.09013506,-0.39370080,0.00000000
1.09054306,-0.39370080,-0.07874016
1.09095106,0.00000000,0.00000000
1.09135906,0.00000000,0.00000000
1.09176706,0.00000000,0.00000000
1.09217506,0.00000000,-0.07874016
1.09258306,0.00000000,0.00000000
1.09299106,0.00000000,0.00000000
1.09339906,0.00000000,0.00000000
1.09380706,0.39370080,0.00000000
1.09421506,0.39370080,0.00000000
1.09462306,0.00000000,0.00000000
1.09503106,0.39370080,0.00000000
1.09543906,0.39370080,-0.07874016
1.09584706,0.39370080,0.00000000
1.09625506,0.39370080,0.00000000
1.09666306,0.39370080,0.00000000
1.09707106,0.78740160,0.00000000
1.09747906,0.78740160,0.00000000
1.09788706,1.18110200,0.00000000
1.09829506,0.78740160,0.00000000
1.09870306,0.78740160,0.00000000
1.09911106,0.78740160,0.00000000
1.09951906,1.18110200,-0.07874016
1.09992706,0.78740160,0.00000000
1.10033506,1.18110200,-0.07874016
1.10074306,0.78740160,0.00000000
1.10115106,0.78740160,-0.07874016
1.10155906,1.18110200,0.00000000
1.10196706,0.78740160,0.00000000
1.10237506,1.18110200,0.00000000
1.10278306,1.18110200,-0.07874016
1.10319106,1.18110200,0.00000000
1.10359906,0.78740160,0.00000000
1.10400706,0.78740160,-0.07874016
1.10441506,0.78740160,-0.07874016
1.10482306,0.78740160,-0.07874016
1.10523106,1.18110200,0.00000000
1.10563906,0.78740160,0.00000000
1.10604706,1.18110200,-0.07874016
1.10645506,0.39370080,-0.07874016
1.10686306,0.39370080,-0.07874016
1.10727106,0.39370080,0.00000000
1.10767906,0.00000000,-0.07874016
1.10808706,0.78740160,0.00000000
1.10849506,0.00000000,-0.07874016
1.10890306,0.39370080,0.00000000
1.10931106,0.39370080,-0.07874016
1.10971906,0.39370080,0.00000000
1.11012706,0.00000000,-0.07874016
1.11053506,0.00000000,0.00000000
1.11094306,0.00000000,-0.07874016
1.11135106,0.00000000,0.00000000
1.11175906,0.00000000,0.00000000
1.11216706,0.00000000,0.00000000
1.11257506,-0.39370080,-0.07874016
1.11298306,-0.39370080,0.00000000
1.11339106,-0.39370080,0.00000000
1.11379906,0.00000000,0.00000000
1.11420705,-0.39370080,0.00000000
1.11461505,0.00000000,0.00000000
1.11502305,0.00000000,0.00000000
1.11543105,0.00000000,0.00000000
1.11583905,0.00000000,0.00000000
1.11624705,0.00000000,0.00000000
1.11665505,0.00000000,-0.07874016
1.11706305,-0.39370080,0.00000000
1.11747105,0.00000000,0.00000000
1.11787905,0.00000000,0.00000000
1.11828705,0.39370080,0.00000000
1.11869505,0.00000000,0.00000000
1.11910305,0.00000000,0.00000000
1.11951105,0.39370080,0.00000000
1.11991905,0.00000000,0.00000000
1.12032705,0.39370080,0.00000000
1.12073505,0.39370080,0.00000000
1.12114305,0.39370080,0.00000000
1.12155105,0.39370080,0.00000000
1.12195905,0.78740160,0.00000000
1.12236705,0.39370080,0.00000000
1.12277505,0.78740160,0.00000000
1.12318305,0.78740160,-0.07874016
1.12359105,0.78740160,0.00000000
1.12399905,1.18110200,0.00000000
1.12440705,0.78740160,0.00000000
1.12481505,0.78740160,0.00000000
1.12522305,1.18110200,0.00000000
1.12563105,1.18110200,-0.07874016
1.12603905,1.18110200,-0.07874016
1.12644705,0.78740160,-0.07874016
1.12685505,0.78740160,0.00000000
1.12726305,1.57480300,-0.07874016
1.12767105,0.78740160,0.00000000
1.12807905,0.78740160,-0.07874016
1.12848705,0.78740160,0.00000000
1.12889505,0.78740160,-0.07874016
1.12930305,0.78740160,0.00000000
1.12971105,0.78740160,-0.07874016
1.13011905,0.39370080,-0.07874016
1.13052705,0.78740160,-0.07874016
1.13093505,0.39370080,0.00000000
1.13134305,0.39370080,-0.07874016
1.13175105,0.39370080,-0.07874016
1.13215905,0.78740160,-0.07874016
1.13256705,0.39370080,-0.07874016
1.13297505,0.39370080,0.00000000
1.13338305,0.00000000,-0.07874016
1.13379105,0.00000000,-0.07874016
1.13419905,0.39370080,-0.07874016
1.13460705,0.00000000,-0.07874016
1.13501505,0.00000000,0.00000000
1.13542305,0.00000000,-0.07874016
1.13583105,-0.39370080,-0.07874016
1.13623905,0.00000000,-0.07874016
1.13664705,0.00000000,0.00000000
1.13705505,-0.39370080,-0.07874016
1.13746305,0.00000000,-0.07874016
1.13787105,-0.39370080,0.00000000
1.13827905,0.00000000,0.00000000
1.13868705,0.00000000,-0.07874016
1.13909505,-0.39370080,0.00000000
1.13950305,0.00000000,0.00000000
1.13991105,-0.39370080,-0.07874016
1.14031905,0.00000000,0.00000000
1.14072705,0.00000000,0.00000000
1.14113505,0.00000000,0.00000000
1.14154305,-0.39370080,0.00000000
1.14195105,0.00000000,0.00000000
1.14235905,-0.39370080,0.00000000
1.14276705,0.00000000,0.00000000
1.14317505,0.39370080,0.00000000
1.14358305,0.00000000,0.00000000
1.14399105,0.39370080,0.00000000
1.14439905,0.39370080,0.00000000
1.14480705,0.00000000,0.00000000
1.14521505,0.78740160,0.00000000
1.14562305,0.00000000,0.00000000
1.14603105,0.39370080,0.00000000
1.14643905,0.78740160,0.00000000
1.14684705,0.39370080,0.00000000
1.14725505,0.78740160,0.00000000
1.14766305,0.78740160,0.00000000
1.14807105,0.39370080,0.00000000
1.14847905,0.78740160,0.00000000
1.14888705,1.18110200,0.00000000
1.14929505,0.78740160,0.00000000
1.14970305,1.18110200,0.00000000
1.15011105,1.18110200,0.00000000
1.15051905,1.18110200,0.00000000
1.15092705,0.78740160,0.00000000
1.15133505,0.78740160,0.00000000
1.15174305,1.18110200,0.00000000
1.15215105,1.18110200,0.00000000
1.15255905,1.18110200,0.00000000
1.15296705,1.18110200,0.00000000
1.15337505,0.78740160,-0.07874016
1.15378305,0.39370080,0.00000000
1.15419105,0.78740160,0.00000000
1.15459905,0.78740160,0.00000000
1.15500705,0.78740160,0.00000000
1.15541505,0.78740160,0.00000000
1.15582305,0.78740160,-0.07874016
1.15623105,0.39370080,0.00000000
1.15663905,0.78740160,0.00000000
1.15704705,0.39370080,-0.07874016
1.15745505,0.39370080,-0.07874016
1.15786305,0.39370080,0.00000000
1.15827105,0.39370080,-0.07874016
1.15867905,0.39370080,0.00000000
1.15908705,0.00000000,0.00000000
1.15949505,0.00000000,0.00000000
1.15990305,0.00000000,0.00000000
1.16031105,-0.39370080,0.00000000
1.16071905,0.00000000,-0.07874016
1.16112705,-0.39370080,0.00000000
1.16153505,0.00000000,-0.07874016
1.16194305,0.00000000,0.00000000
1.16235105,-0.39370080,0.00000000
1.16275905,-0.39370080,-0.07874016
1.16316705,0.00000000,-0.07874016
1.16357505,-0.39370080,0.00000000
1.16398305,-0.39370080,0.00000000
1.16439105,0.00000000,0.00000000
1.16479905,0.00000000,0.00000000
1.16520705,-0.39370080,0.00000000
1.16561505,0.00000000,0.00000000
1.16602305,-0.39370080,0.00000000
1.16643105,0.00000000,0.00000000
1.16683905,-0.39370080,0.00000000
1.16724705,0.00000000,0.00000000
1.16765505,0.00000000,0.00000000
1.16806305,0.00000000,-0.07874016
1.16847105,0.00000000,0.00000000
1.16887905,0.39370080,0.00000000
1.16928705,0.39370080,0.00000000
1.16969505,0.39370080,0.00000000
1.17010305,0.39370080,0.00000000
1.17051105,0.39370080,0.00000000
1.17091905,0.78740160,0.00000000
1.17132705,0.39370080,0.00000000
1.17173505,0.39370080,0.00000000
1.17214305,0.78740160,0.00000000
1.17255105,1.18110200,0.00000000
1.17295905,0.78740160,0.00000000
1.17336705,1.18110200,0.00000000
1.17377505,0.39370080,0.00000000
1.17418305,0.78740160,0.00000000
1.17459105,0.78740160,-0.07874016
1.17499905,1.18110200,0.00000000
1.17540705,0.78740160,-0.07874016
1.17581505,1.18110200,0.00000000
1.17622305,1.18110200,0.00000000
1.17663105,1.18110200,0.00000000
1.17703905,1.18110200,-0.07874016
1.17744705,1.18110200,0.00000000
1.17785505,0.78740160,-0.07874016
1.17826305,0.78740160,0.00000000
1.17867105,0.78740160,0.00000000
1.17907905,0.78740160,0.00000000
1.17948705,0.78740160,-0.07874016
1.17989505,0.39370080,0.00000000
1.18030305,0.78740160,-0.07874016
1.18071105,0.78740160,-0.07874016
1.18111905,0.39370080,-0.07874016
1.18152705,0.39370080,0.00000000
1.18193505,0.39370080,0.00000000
1.18234305,0.39370080,-0.07874016
1.18275105,0.39370080,-0.07874016
1.18315905,0.39370080,0.00000000
1.18356705,0.00000000,-0.07874016
1.18397505,0.39370080,-0.07874016
1.18438305,0.00000000,-0.07874016
1.18479105,0.00000000,0.00000000
1.18519905,0.00000000,-0.07874016
1.18560705,0.00000000,0.00000000
1.18601505,0.00000000,-0.07874016
1.18642305,0.00000000,0.00000000
1.18683105,-0.39370080,0.00000000
1.18723905,0.00000000,0.00000000
1.18764705,0.00000000,0.00000000
1.18805505,-0.39370080,0.00000000
1.18846305,0.00000000,-0.07874016
1.18887105,-0.39370080,0.00000000
1.18927905,0.00000000,0.00000000
1.18968705,-0.39370080,0.00000000
1.19009505,0.00000000,-0.07874016
1.19050305,-0.39370080,0.00000000
1.19091105,0.00000000,0.00000000
1.19131905,0.00000000,0.00000000
1.19172705,0.00000000,0.00000000
1.19213505,0.39370080,0.00000000
1.19254305,0.00000000,0.00000000
1.19295105,0.00000000,0.00000000
1.19335905,0.39370080,0.00000000
1.19376705,0.00000000,0.00000000
1.19417505,0.39370080,0.00000000
1.19458305,0.00000000,0.00000000
1.19499105,0.39370080,0.00000000
1.19539905,0.00000000,0.00000000
1.19580705,0.78740160,0.00000000
1.19621505,0.39370080,0.00000000
1.19662305,0.39370080,0.00000000
1.19703105,0.78740160,0.00000000
1.19743905,0.78740160,0.00000000
1.19784705,0.78740160,0.00000000
1.19825505,0.78740160,0.00000000
1.19866305,0.78740160,0.00000000
1.19907105,1.18110200,0.00000000
1.19947905,1.18110200,0.00000000
1.19988705,0.78740160,-0.07874016
1.20029505,0.78740160,0.00000000
1.20070305,0.78740160,0.00000000
1.20111105,1.18110200,0.00000000
1.20151905,0.78740160,-0.07874016
1.20192705,0.78740160,0.00000000
1.20233505,1.18110200,0.00000000
1.20274305,1.18110200,0.00000000
1.20315105,1.18110200,0.00000000
1.20355905,1.18110200,0.00000000
1.20396705,0.78740160,-0.07874016
1.20437505,1.18110200,0.00000000
1.20478305,0.78740160,0.00000000
1.20519105,0.78740160,0.00000000
1.20559905,0.78740160,-0.07874016
1.20600705,0.39370080,0.00000000
1.20641505,0.78740160,0.00000000
1.20682305,0.39370080,0.00000000
1.20723105,0.39370080,-0.07874016
1.20763905,0.39370080,0.00000000
1.20804705,0.39370080,-0.07874016
1.20845505,0.39370080,-0.07874016
1.20886305,0.00000000,0.00000000
1.20927105,0.00000000,0.00000000
1.20967905,0.00000000,-0.07874016
1.21008705,0.00000000,-0.07874016
1.21049505,0.00000000,0.00000000
1.21090305,0.00000000,0.00000000
1.21131105,0.00000000,0.00000000
1.21171905,0.00000000,0.00000000
1.21212705,-0.39370080,-0.07874016
1.21253505,0.00000000,0.00000000
1.21294305,-0.39370080,0.00000000
1.21335105,-0.39370080,0.00000000
1.21375905,-0.39370080,-0.07874016
1.21416705,0.00000000,0.00000000
1.21457505,0.00000000,-0.07874016
1.21498305,0.00000000,0.00000000
1.21539105,0.00000000,0.00000000
1.21579905,0.00000000,0.00000000
1.21620705,0.00000000,0.00000000
1.21661505,0.00000000,0.00000000
1.21702305,0.00000000,-0.07874016
1.21743105,0.00000000,-0.07874016
1.21783905,0.00000000,0.00000000
1.21824705,0.00000000,0.00000000
1.21865505,0.00000000,0.00000000
1.21906305,0.39370080,0.00000000
1.21947105,0.39370080,0.00000000
1.21987905,0.00000000,0.00000000
1.22028705,0.39370080,0.00000000
1.22069505,0.39370080,0.00000000
1.22110305,0.78740160,0.00000000
1.22151105,1.18110200,0.00000000
1.22191905,0.78740160,-0.07874016
1.22232705,0.39370080,0.00000000
1.22273505,0.78740160,0.00000000
1.22314305,0.78740160,0.00000000
1.22355105,1.18110200,0.00000000
1.22395905,0.78740160,0.00000000
1.22436705,0.78740160,0.00000000
1.22477505,1.18110200,0.00000000
1.22518305,0.78740160,0.00000000
1.22559105,0.78740160,0.00000000
1.22599905,0.78740160,-0.07874016
1.22640705,1.18110200,0.00000000
1.22681505,1.18110200,0.00000000
1.22722305,1.18110200,0.00000000
1.22763105,0.78740160,0.00000000
1.22803905,0.78740160,0.00000000
1.22844705,0.78740160,0.00000000
1.22885505,0.78740160,0.00000000
1.22926305,0.78740160,0.00000000
1.22967105,0.78740160,0.00000000
1.23007905,0.39370080,-0.07874016
1.23048705,0.78740160,0.00000000
1.23089505,0.39370080,0.00000000
1.23130305,0.39370080,0.00000000
1.23171105,0.39370080,-0.07874016
1.23211905,0.39370080,0.00000000
1.23252705,0.39370080,-0.07874016
1.23293505,0.39370080,-0.07874016
1.23334305,0.39370080,0.00000000
1.23375105,0.39370080,-0.07874016
1.23415905,0.00000000,-0.07874016
1.23456705,0.00000000,0.00000000
1.23497505,0.39370080,-0.07874016
1.23538305,0.00000000,0.00000000
1.23579105,-0.39370080,-0.07874016
1.23619905,0.00000000,0.00000000
1.23660705,-0.39370080,0.00000000
1.23701505,0.00000000,-0.07874016
1.23742305,0.00000000,-0.07874016
1.23783105,-0.39370080,0.00000000
1.23823905,0.00000000,0.00000000
1.23864705,-0.39370080,0.00000000
1.23905505,0.00000000,-0.07874016
1.23946305,0.00000000,0.00000000
1.23987105,0.00000000,0.00000000
1.24027905,-0.39370080,-0.07874016
1.24068705,-0.39370080,0.00000000
1.24109505,0.00000000,0.00000000
1.24150305,0.00000000,0.00000000
1.24191105,0.00000000,0.00000000
1.24231905,0.00000000,0.00000000
1.24272705,0.39370080,0.00000000
1.24313505,0.39370080,0.00000000
1.24354305,0.00000000,0.00000000
1.24395105,0.39370080,0.00000000
1.24435905,0.00000000,0.00000000
1.24476705,0.39370080,0.00000000
1.24517505,0.78740160,0.00000000
1.24558305,0.39370080,0.00000000
1.24599105,0.39370080,0.00000000
1.24639905,0.78740160,0.00000000
1.24680705,0.78740160,0.00000000
1.24721505,0.78740160,0.00000000
1.24762305,0.78740160,0.00000000
1.24803105,1.18110200,-0.07874016
1.24843905,1.18110200,0.00000000
1.24884705,0.78740160,0.00000000
1.24925505,1.18110200,0.00000000
1.24966305,1.57480300,0.00000000
1.25007105,0.39370080,0.00000000
1.25047905,1.18110200,0.00000000
1.25088705,0.78740160,0.00000000
1.25129505,0.78740160,-0.07874016
1.25170305,0.78740160,0.00000000
1.25211105,0.78740160,-0.07874016
1.25251905,1.18110200,0.00000000
1.25292705,1.18110200,-0.07874016
1.25333505,0.78740160,0.00000000
1.25374305,0.78740160,0.00000000
1.25415105,0.78740160,0.00000000
1.25455905,0.39370080,-0.07874016
1.25496705,0.78740160,0.00000000
1.25537505,1.18110200,0.00000000
1.25578305,0.39370080,-0.07874016
1.25619105,0.78740160,-0.07874016
1.25659905,0.39370080,-0.07874016
1.25700705,0.39370080,-0.07874016
1.25741505,0.39370080,0.00000000
1.25782305,0.00000000,0.00000000
1.25823105,0.39370080,0.00000000
1.25863905,0.39370080,-0.07874016
1.25904705,0.00000000,0.00000000
1.25945505,0.00000000,0.00000000
1.25986305,0.00000000,0.00000000
1.26027105,0.00000000,-0.07874016
1.26067905,0.00000000,0.00000000
1.26108705,0.00000000,-0.07874016
1.26149505,0.00000000,0.00000000
1.26190305,0.00000000,-0.07874016
1.26231105,-0.39370080,0.00000000
1.26271905,0.00000000,0.00000000
1.26312705,-0.39370080,0.00000000
1.26353505,0.00000000,0.00000000
1.26394305,0.00000000,0.00000000
1.26435105,0.00000000,0.00000000
1.26475905,0.00000000,-0.07874016
1.26516705,0.00000000,0.00000000
1.26557505,-0.39370080,0.00000000
1.26598305,-0.39370080,0.00000000
1.26639105,0.00000000,0.00000000
1.26679905,0.00000000,0.00000000
1.26720705,0.00000000,0.00000000
1.26761505,0.00000000,-0.07874016
1.26802305,0.39370080,0.00000000
1.26843105,0.39370080,0.00000000
1.26883905,0.39370080,0.00000000
1.26924705,0.00000000,0.00000000
1.26965505,0.39370080,0.00000000
1.27006305,0.39370080,-0.07874016
1.27047105,0.39370080,0.00000000
1.27087905,0.39370080,0.00000000
1.27128705,0.39370080,0.00000000
1.27169505,0.78740160,0.00000000
1.27210305,0.78740160,0.00000000
1.27251105,0.39370080,-0.07874016
1.27291905,0.78740160,0.00000000
1.27332705,0.78740160,0.00000000
1.27373505,0.78740160,0.00000000
1.27414305,0.78740160,0.00000000
1.27455105,0.78740160,0.00000000
1.27495905,0.78740160,0.00000000
1.27536705,1.18110200,0.00000000
1.27577505,0.78740160,-0.07874016
1.27618305,1.18110200,0.00000000
1.27659105,1.18110200,0.00000000
1.27699905,0.78740160,0.00000000
1.27740705,0.78740160,0.00000000
1.27781505,0.78740160,0.00000000
1.27822305,0.78740160,0.00000000
1.27863105,0.78740160,0.00000000
1.27903905,0.78740160,-0.07874016
1.27944705,0.39370080,0.00000000
1.27985505,0.78740160,-0.07874016
1.28026305,0.39370080,0.00000000
1.28067105,0.39370080,0.00000000
1.28107905,0.39370080,-0.07874016
1.28148705,0.39370080,0.00000000
1.28189505,0.39370080,0.00000000
1.28230305,0.39370080,-0.07874016
1.28271105,0.00000000,0.00000000
1.28311905,0.39370080,-0.07874016
1.28352705,0.00000000,0.00000000
1.28393505,0.00000000,-0.07874016
1.28434305,0.39370080,0.00000000
1.28475105,0.00000000,0.00000000
1.28515905,0.00000000,-0.07874016
1.28556705,0.00000000,-0.07874016
1.28597505,0.00000000,0.00000000
1.28638305,0.00000000,0.00000000
1.28679105,0.00000000,0.00000000
1.28719905,0.00000000,-0.07874016
1.28760705,0.00000000,0.00000000
1.28801505,0.00000000,0.00000000
1.28842305,-0.39370080,0.00000000
1.28883105,0.00000000,-0.07874016
1.28923905,0.00000000,0.00000000
1.28964705,0.00000000,-0.07874016
1.29005505,0.00000000,0.00000000
1.29046305,0.00000000,-0.07874016
1.29087105,0.39370080,0.00000000
1.29127904,-0.39370080,0.00000000
1.29168704,0.00000000,0.00000000
1.29209504,0.00000000,-0.07874016
1.29250304,0.00000000,0.00000000
1.29291104,0.39370080,0.00000000
1.29331904,0.00000000,0.00000000
1.29372704,0.00000000,-0.07874016
1.29413504,0.00000000,0.00000000
1.29454304,0.39370080,0.00000000
1.29495104,0.00000000,0.00000000
1.29535904,0.39370080,0.00000000
1.29576704,0.39370080,0.00000000
1.29617504,0.39370080,0.00000000
1.29658304,1.18110200,0.00000000
1.29699104,0.39370080,0.00000000
1.29739904,0.39370080,0.00000000
1.29780704,0.78740160,0.00000000
1.29821504,0.78740160,0.00000000
1.29862304,0.78740160,-0.07874016
1.29903104,0.78740160,0.00000000
1.29943904,0.78740160,-0.07874016
1.29984704,1.18110200,-0.07874016
1.30025504,1.18110200,0.00000000
1.30066304,0.78740160,0.00000000
1.30107104,0.78740160,0.00000000
1.30147904,0.78740160,0.00000000
1.30188704,0.78740160,0.00000000
1.30229504,1.18110200,-0.07874016
1.30270304,0.78740160,-0.07874016
1.30311104,0.78740160,0.00000000
1.30351904,1.18110200,0.00000000
1.30392704,0.78740160,0.00000000
1.30433504,1.18110200,0.00000000
1.30474304,0.78740160,0.00000000
1.30515104,0.78740160,-0.07874016
1.30555904,0.78740160,0.00000000
1.30596704,0.39370080,0.00000000
1.30637504,0.78740160,0.00000000
1.30678304,0.39370080,-0.07874016
1.30719104,0.39370080,-0.07874016
1.30759904,0.39370080,-0.07874016
1.30800704,0.39370080,0.00000000
1.30841504,0.78740160,0.00000000
1.30882304,0.00000000,0.00000000
1.30923104,0.00000000,-0.07874016
1.30963904,0.00000000,0.00000000
1.31004704,0.00000000,0.00000000
1.31045504,0.00000000,0.00000000
1.31086304,0.00000000,0.00000000
1.31127104,0.00000000,0.00000000
1.31167904,0.00000000,-0.07874016
1.31208704,-0.39370080,0.00000000
1.31249504,0.00000000,0.00000000
1.31290304,0.00000000,0.00000000
1.31331104,0.00000000,0.00000000
1.31371904,0.00000000,0.00000000
1.31412704,0.00000000,-0.07874016
1.31453504,0.00000000,-0.07874016
1.31494304,-0.39370080,0.00000000
1.31535104,0.00000000,0.00000000
1.31575904,0.00000000,0.00000000
1.31616704,0.00000000,0.00000000
1.31657504,0.00000000,0.00000000
1.31698304,0.00000000,0.00000000
1.31739104,0.00000000,0.00000000
1.31779904,0.39370080,0.00000000
1.31820704,0.00000000,-0.07874016
1.31861504,0.00000000,0.00000000
1.31902304,0.39370080,0.00000000
1.31943104,0.39370080,0.00000000
1.31983904,0.00000000,0.00000000
1.32024704,0.78740160,0.00000000
1.32065504,0.39370080,0.00000000
1.32106304,0.78740160,0.00000000
1.32147104,0.78740160,0.00000000
1.32187904,0.39370080,0.00000000
1.32228704,0.78740160,0.00000000
1.32269504,0.78740160,0.00000000
1.32310304,0.78740160,0.00000000
1.32351104,0.78740160,0.00000000
1.32391904,0.78740160,0.00000000
1.32432704,0.78740160,0.00000000
1.32473504,1.18110200,0.00000000
1.32514304,0.78740160,0.00000000
1.32555104,1.18110200,0.00000000
1.32595904,1.18110200,0.00000000
1.32636704,0.78740160,-0.07874016
1.32677504,1.18110200,0.00000000
1.32718304,1.18110200,-0.07874016
1.32759104,0.78740160,0.00000000
1.32799904,0.78740160,0.00000000
1.32840704,0.78740160,-0.07874016
1.32881504,0.78740160,-0.07874016
1.32922304,0.78740160,0.00000000
1.32963104,0.78740160,0.00000000
1.33003904,0.78740160,0.00000000
1.33044704,0.39370080,-0.07874016
1.33085504,0.78740160,0.00000000
1.33126304,0.39370080,-0.07874016
1.33167104,0.00000000,0.00000000
1.33207904,0.39370080,0.00000000
1.33248704,0.39370080,0.00000000
1.33289504,0.39370080,-0.07874016
1.33330304,0.39370080,0.00000000
1.33371104,0.00000000,-0.07874016
1.33411904,0.00000000,0.00000000
1.33452704,0.39370080,0.00000000
1.33493504,0.00000000,0.00000000
1.33534304,0.00000000,-0.07874016
1.33575104,0.00000000,0.00000000
1.33615904,0.00000000,-0.07874016
1.33656704,0.00000000,0.00000000
1.33697504,0.00000000,0.00000000
1.33738304,0.00000000,0.00000000
1.33779104,0.00000000,0.00000000
1.33819904,0.00000000,0.00000000
1.33860704,0.00000000,0.00000000
1.33901504,0.00000000,0.00000000
1.33942304,0.00000000,-0.07874016
1.33983104,0.00000000,0.00000000
1.34023904,0.00000000,0.00000000
1.34064704,0.00000000,0.00000000
1.34105504,0.00000000,-0.07874016
1.34146304,0.00000000,0.00000000
1.34187104,0.00000000,0.00000000
1.34227904,0.00000000,0.00000000
1.34268704,0.00000000,0.00000000
1.34309504,0.00000000,0.00000000
1.34350304,0.39370080,0.00000000
1.34391104,0.39370080,0.00000000
1.34431904,0.39370080,0.00000000
1.34472704,0.39370080,0.00000000
1.34513504,0.39370080,0.00000000
1.34554304,0.39370080,0.00000000
1.34595104,0.39370080,0.00000000
1.34635904,0.39370080,0.00000000
1.34676704,0.78740160,-0.07874016
1.34717504,0.78740160,0.00000000
1.34758304,0.78740160,-0.07874016
1.34799104,0.39370080,0.00000000
1.34839904,0.39370080,-0.07874016
1.34880704,0.78740160,0.00000000
1.34921504,1.18110200,-0.07874016
1.34962304,0.78740160,0.00000000
1.35003104,0.39370080,0.00000000
1.35043904,0.78740160,0.00000000
1.35084704,0.78740160,0.00000000
1.35125504,0.78740160,0.00000000
1.35166304,0.78740160,0.00000000
1.35207104,0.78740160,0.00000000
1.35247904,0.78740160,-0.07874016
1.35288704,0.78740160,0.00000000
1.35329504,0.78740160,0.00000000
1.35370304,0.78740160,0.00000000
1.35411104,1.18110200,-0.07874016
1.35451904,0.39370080,0.00000000
1.35492704,0.78740160,0.00000000
1.35533504,0.78740160,0.00000000
1.35574304,0.78740160,-0.07874016
1.35615104,0.78740160,0.00000000
1.35655904,0.39370080,-0.07874016
1.35696704,0.39370080,0.00000000
1.35737504,0.39370080,-0.07874016
1.35778304,0.39370080,-0.07874016
1.35819104,0.39370080,0.00000000
1.35859904,0.39370080,-0.07874016
1.35900704,0.00000000,0.00000000
1.35941504,0.00000000,0.00000000
1.35982304,0.00000000,-0.07874016
1.36023104,0.00000000,-0.07874016
1.36063904,0.39370080,0.00000000
1.36104704,0.00000000,0.00000000
1.36145504,0.00000000,0.00000000
1.36186304,0.00000000,0.00000000
1.36227104,0.00000000,0.00000000
1.36267904,0.00000000,0.00000000
1.36308704,0.00000000,-0.07874016
1.36349504,0.00000000,0.00000000
1.36390304,0.00000000,0.00000000
1.36431104,0.00000000,0.00000000
1.36471904,0.00000000,-0.07874016
1.36512704,0.00000000,-0.07874016
1.36553504,0.00000000,0.00000000
1.36594304,0.00000000,0.00000000
1.36635104,0.00000000,0.00000000
1.36675904,0.00000000,0.00000000
1.36716704,0.39370080,0.00000000
1.36757504,0.39370080,0.00000000
1.36798304,0.00000000,0.00000000
1.36839104,0.00000000,0.00000000
1.36879904,0.00000000,0.00000000
1.36920704,0.00000000,0.00000000
1.36961504,0.39370080,0.00000000
1.37002304,0.39370080,0.00000000
1.37043104,0.39370080,0.00000000
1.37083904,0.39370080,0.00000000
1.37124704,0.00000000,0.00000000
1.37165504,0.39370080,0.00000000
1.37206304,0.78740160,0.00000000
1.37247104,0.39370080,0.00000000
1.37287904,0.39370080,0.00000000
1.37328704,0.78740160,0.00000000
1.37369504,0.78740160,0.00000000
1.37410304,1.18110200,0.00000000
1.37451104,0.78740160,0.00000000
1.37491904,0.78740160,0.00000000
1.37532704,0.78740160,-0.07874016
1.37573504,0.78740160,0.00000000
1.37614304,0.78740160,-0.07874016
1.37655104,0.78740160,0.00000000
1.37695904,0.78740160,-0.07874016
1.37736704,1.18110200,0.00000000
1.37777504,0.78740160,-0.07874016
1.37818304,0.78740160,0.00000000
1.37859104,1.18110200,0.00000000
1.37899904,0.78740160,0.00000000
1.37940704,0.78740160,0.00000000
1.37981504,0.78740160,0.00000000
1.38022304,0.78740160,-0.07874016
1.38063104,0.78740160,0.00000000
1.38103904,0.39370080,-0.07874016
1.38144704,0.39370080,0.00000000
1.38185504,0.78740160,0.00000000
1.38226304,0.39370080,0.00000000
1.38267104,0.39370080,-0.07874016
1.38307904,0.00000000,0.00000000
1.38348704,0.39370080,0.00000000
1.38389504,0.00000000,0.00000000
1.38430304,0.00000000,0.00000000
1.38471104,0.00000000,0.00000000
1.38511904,0.00000000,0.00000000
1.38552704,0.00000000,0.00000000
1.38593504,0.00000000,0.00000000
1.38634304,0.39370080,0.00000000
1.38675104,-0.39370080,-0.07874016
1.38715904,0.00000000,0.00000000
1.38756704,0.39370080,0.00000000
1.38797504,0.00000000,0.00000000
1.38838304,0.00000000,0.00000000
1.38879104,0.00000000,0.00000000
1.38919904,-0.39370080,-0.07874016
1.38960704,-0.39370080,0.00000000
1.39001504,0.00000000,0.00000000
1.39042304,0.00000000,0.00000000
1.39083104,0.00000000,0.00000000
1.39123904,0.00000000,0.00000000
1.39164704,0.00000000,-0.07874016
1.39205504,0.00000000,0.00000000
1.39246304,0.39370080,0.00000000
1.39287104,0.39370080,0.00000000
1.39327904,0.39370080,-0.07874016
1.39368704,0.39370080,0.00000000
1.39409504,0.00000000,-0.07874016
1.39450304,0.39370080,0.00000000
1.39491104,0.39370080,0.00000000
1.39531904,0.39370080,0.00000000
1.39572704,0.39370080,0.00000000
1.39613504,0.39370080,0.00000000
1.39654304,0.78740160,-0.07874016
1.39695104,0.39370080,0.00000000
1.39735904,0.78740160,0.00000000
1.39776704,0.39370080,0.00000000
1.39817504,0.78740160,0.00000000
1.39858304,0.78740160,0.00000000
1.39899104,0.78740160,-0.07874016
1.39939904,0.39370080,0.00000000
1.39980704,0.78740160,0.00000000
1.40021504,0.78740160,0.00000000
1.40062304,0.78740160,-0.07874016
1.40103104,1.18110200,0.00000000
1.40143904,0.78740160,0.00000000
1.40184704,0.78740160,0.00000000
1.40225504,0.78740160,0.00000000
1.40266304,0.78740160,0.00000000
1.40307104,1.18110200,0.00000000
1.40347904,0.78740160,0.00000000
1.40388704,0.39370080,-0.07874016
1.40429504,0.39370080,0.00000000
1.40470304,0.78740160,0.00000000
1.40511104,0.39370080,0.00000000
1.40551904,0.39370080,-0.07874016
1.40592704,0.39370080,0.00000000
1.40633504,0.39370080,-0.07874016
1.40674304,0.39370080,0.00000000
1.40715104,0.39370080,0.00000000
1.40755904,0.78740160,0.00000000
1.40796704,0.39370080,-0.07874016
1.40837504,0.39370080,0.00000000
1.40878304,0.00000000,-0.07874016
1.40919104,0.00000000,0.00000000
1.40959904,0.00000000,0.00000000
1.41000704,0.00000000,0.00000000
1.41041504,0.39370080,-0.07874016
1.41082304,0.00000000,0.00000000
1.41123104,0.00000000,0.00000000
1.41163904,0.00000000,0.00000000
1.41204704,0.00000000,0.00000000
1.41245504,0.00000000,0.00000000
1.41286304,0.00000000,0.00000000
1.41327104,0.00000000,-0.07874016
1.41367904,0.39370080,0.00000000
1.41408704,0.00000000,0.00000000
1.41449504,0.00000000,0.00000000
1.41490304,0.00000000,0.00000000
1.41531104,0.00000000,-0.07874016
1.41571904,0.00000000,0.00000000
1.41612704,0.00000000,0.00000000
1.41653504,0.00000000,0.00000000
1.41694304,0.39370080,-0.07874016
1.41735104,0.00000000,0.00000000
1.41775904,0.00000000,0.00000000
1.41816704,0.39370080,0.00000000
1.41857504,0.00000000,0.00000000
1.41898304,0.00000000,0.00000000
1.41939104,0.39370080,0.00000000
1.41979904,0.39370080,0.00000000
1.42020704,0.78740160,-0.07874016
1.42061504,0.39370080,0.00000000
1.42102304,0.78740160,0.00000000
1.42143104,0.78740160,0.00000000
1.42183904,0.78740160,0.00000000
1.42224704,0.78740160,0.00000000
1.42265504,0.39370080,0.00000000
1.42306304,0.78740160,0.00000000
1.42347104,0.78740160,0.00000000
1.42387904,0.39370080,0.00000000
1.42428704,0.78740160,-0.07874016
1.42469504,0.39370080,0.00000000
1.42510304,1.18110200,0.00000000
1.42551104,0.78740160,0.00000000
1.42591904,1.18110200,0.00000000
1.42632704,1.18110200,0.00000000
1.42673504,0.39370080,0.00000000
1.42714304,0.78740160,0.00000000
1.42755104,0.78740160,0.00000000
1.42795904,0.78740160,0.00000000
1.42836704,1.18110200,0.00000000
1.42877504,0.39370080,0.00000000
1.42918304,0.78740160,-0.07874016
1.42959104,0.39370080,0.00000000
1.42999904,0.39370080,0.00000000
1.43040704,0.78740160,0.00000000
1.43081504,0.39370080,0.00000000
1.43122304,0.39370080,0.00000000
1.43163104,0.39370080,0.00000000
1.43203904,0.39370080,0.00000000
1.43244704,0.78740160,0.00000000
1.43285504,0.39370080,0.00000000
1.43326304,0.00000000,0.00000000
1.43367104,0.00000000,0.00000000
1.43407904,0.00000000,0.00000000
1.43448704,0.00000000,0.00000000
1.43489504,0.39370080,-0.07874016
1.43530304,0.00000000,0.00000000
1.43571104,0.39370080,-0.07874016
1.43611904,0.00000000,0.00000000
1.43652704,0.39370080,0.00000000
1.43693504,0.39370080,0.00000000
1.43734304,0.39370080,-0.07874016
1.43775104,0.00000000,0.00000000
1.43815904,0.00000000,0.00000000
1.43856704,0.39370080,0.00000000
1.43897504,0.00000000,0.00000000
1.43938304,0.00000000,0.00000000
1.43979104,0.00000000,-0.07874016
1.44019904,0.00000000,0.00000000
1.44060704,0.39370080,-0.07874016
1.44101504,0.00000000,0.00000000
1.44142304,0.00000000,0.00000000
1.44183104,0.39370080,-0.07874016
1.44223904,0.00000000,0.00000000
1.44264704,0.00000000,-0.07874016
1.44305504,0.00000000,0.00000000
1.44346304,0.39370080,0.00000000
1.44387104,0.39370080,0.00000000
1.44427904,0.39370080,0.00000000
1.44468704,0.00000000,0.00000000
1.44509504,0.78740160,0.00000000
1.44550304,0.39370080,0.00000000
1.44591104,0.00000000,0.00000000
1.44631904,0.78740160,-0.07874016
1.44672704,0.39370080,0.00000000
1.44713504,0.78740160,0.00000000
1.44754304,0.78740160,0.00000000
1.44795104,0.39370080,0.00000000
1.44835904,0.78740160,0.00000000
1.44876704,0.78740160,0.00000000
1.44917504,0.78740160,0.00000000
1.44958304,0.39370080,0.00000000
1.44999104,0.39370080,0.00000000
1.45039904,0.39370080,0.00000000
1.45080704,0.78740160,0.00000000
1.45121504,0.39370080,-0.07874016
1.45162304,0.39370080,0.00000000
1.45203104,0.78740160,0.00000000
1.45243904,0.78740160,0.00000000
1.45284704,0.78740160,0.00000000
1.45325504,0.39370080,0.00000000
1.45366304,0.78740160,0.00000000
1.45407104,0.39370080,0.00000000
1.45447904,0.39370080,0.00000000
1.45488704,0.39370080,0.00000000
1.45529504,0.78740160,0.00000000
1.45570304,0.78740160,0.00000000
1.45611104,0.39370080,-0.07874016
1.45651904,0.78740160,0.00000000
1.45692704,0.39370080,0.00000000
1.45733504,0.39370080,0.00000000
1.45774304,0.39370080,-0.07874016
1.45815104,0.39370080,0.00000000
1.45855904,0.39370080,0.00000000
1.45896704,0.39370080,0.00000000
1.45937504,0.39370080,0.00000000
1.45978304,0.39370080,-0.07874016
1.46019104,0.00000000,-0.07874016
1.46059904,0.39370080,0.00000000
1.46100704,0.00000000,0.00000000
1.46141504,0.00000000,0.00000000
1.46182304,0.39370080,-0.07874016
1.46223104,0.00000000,-0.07874016
1.46263904,0.00000000,0.00000000
1.46304704,0.00000000,0.00000000
1.46345504,0.00000000,0.00000000
1.46386304,0.00000000,0.00000000
1.46427104,0.39370080,0.00000000
1.46467904,0.00000000,0.00000000
1.46508704,0.00000000,0.00000000
1.46549504,0.00000000,0.00000000
1.46590304,0.00000000,0.00000000
1.46631104,0.00000000,0.00000000
1.46671904,0.00000000,0.00000000
1.46712704,0.00000000,0.00000000
1.46753504,0.00000000,0.00000000
1.46794303,0.00000000,0.00000000
1.46835103,0.00000000,0.00000000
1.46875903,0.39370080,0.00000000
1.46916703,0.39370080,-0.07874016
1.46957503,0.39370080,0.00000000
1.46998303,0.39370080,-0.07874016
1.47039103,0.39370080,0.00000000
1.47079903,0.78740160,0.00000000
1.47120703,0.39370080,0.00000000
1.47161503,0.39370080,0.00000000
1.47202303,0.39370080,0.00000000
1.47243103,0.39370080,-0.07874016
1.47283903,0.78740160,0.00000000
1.47324703,0.78740160,-0.07874016
1.47365503,0.39370080,0.00000000
1.47406303,1.18110200,0.00000000
1.47447103,0.39370080,0.00000000
1.47487903,0.39370080,-0.07874016
1.47528703,0.78740160,0.00000000
1.47569503,1.18110200,-0.07874016
1.47610303,0.78740160,0.00000000
1.47651103,0.39370080,0.00000000
1.47691903,0.78740160,0.00000000
1.47732703,0.39370080,0.00000000
1.47773503,0.78740160,0.00000000
1.47814303,0.39370080,-0.07874016
1.47855103,0.39370080,0.00000000
1.47895903,0.39370080,0.00000000
1.47936703,0.39370080,-0.07874016
1.47977503,0.39370080,-0.07874016
1.48018303,0.39370080,0.00000000
1.48059103,0.39370080,0.00000000
1.48099903,0.39370080,0.00000000
1.48140703,0.39370080,0.00000000
1.48181503,0.39370080,0.00000000
1.48222303,0.39370080,0.00000000
1.48263103,0.39370080,-0.07874016
1.48303903,0.39370080,0.00000000
1.48344703,0.39370080,-0.07874016
1.48385503,0.39370080,-0.07874016
1.48426303,0.00000000,0.00000000
1.48467103,0.00000000,0.00000000
1.48507903,0.00000000,0.00000000
1.48548703,0.00000000,-0.07874016
1.48589503,0.00000000,0.00000000
1.48630303,0.00000000,0.00000000
1.48671103,0.00000000,0.00000000
1.48711903,0.00000000,0.00000000
1.48752703,0.00000000,0.00000000
1.48793503,0.00000000,0.00000000
1.48834303,0.00000000,0.00000000
1.48875103,0.39370080,0.00000000
1.48915903,0.00000000,0.00000000
1.48956703,0.39370080,0.00000000
1.48997503,0.39370080,0.00000000
1.49038303,0.00000000,-0.07874016
1.49079103,0.00000000,0.00000000
1.49119903,0.39370080,0.00000000
1.49160703,0.00000000,0.00000000
1.49201503,0.00000000,0.00000000
1.49242303,0.39370080,0.00000000
1.49283103,0.78740160,0.00000000
1.49323903,0.00000000,0.00000000
1.49364703,0.00000000,0.00000000
1.49405503,0.39370080,0.00000000
1.49446303,0.39370080,0.00000000
1.49487103,0.39370080,-0.07874016
1.49527903,0.00000000,0.00000000
1.49568703,0.39370080,0.00000000
1.49609503,0.39370080,0.00000000
1.49650303,0.00000000,0.00000000
1.49691103,0.78740160,0.00000000
1.49731903,0.00000000,0.00000000
1.49772703,0.78740160,0.00000000
1.49813503,0.78740160,0.00000000
1.49854303,0.39370080,0.00000000
1.49895103,0.78740160,0.00000000
1.49935903,0.78740160,0.00000000
1.49976703,0.78740160,-0.07874016
1.50017503,0.78740160,0.00000000
1.50058303,0.39370080,0.00000000
1.50099103,0.39370080,-0.07874016
1.50139903,0.78740160,-0.07874016
1.50180703,0.78740160,0.00000000
1.50221503,0.78740160,0.00000000
1.50262303,0.39370080,0.00000000
1.50303103,0.39370080,0.00000000
1.50343903,0.78740160,-0.07874016
1.50384703,0.39370080,0.00000000
1.50425503,0.39370080,0.00000000
1.50466303,0.39370080,0.00000000
1.50507103,0.39370080,0.00000000
1.50547903,0.39370080,0.00000000
1.50588703,0.39370080,-0.07874016
1.50629503,0.00000000,0.00000000
1.50670303,0.39370080,0.00000000
1.50711103,0.39370080,0.00000000
1.50751903,0.39370080,-0.07874016
1.50792703,0.00000000,0.00000000
1.50833503,0.39370080,0.00000000
1.50874303,0.39370080,0.00000000
1.50915103,0.00000000,-0.07874016
1.50955903,0.00000000,0.00000000
1.50996703,0.39370080,0.00000000
1.51037503,0.39370080,-0.07874016
1.51078303,0.39370080,0.00000000
1.51119103,0.00000000,0.00000000
1.51159903,0.00000000,0.00000000
1.51200703,0.39370080,0.00000000
1.51241503,0.00000000,0.00000000
1.51282303,0.00000000,0.00000000
1.51323103,0.00000000,0.00000000
1.51363903,0.00000000,0.00000000
1.51404703,0.00000000,0.00000000
1.51445503,0.00000000,0.00000000
1.51486303,0.39370080,0.00000000
1.51527103,0.00000000,0.00000000
1.51567903,0.39370080,0.00000000
1.51608703,0.39370080,0.00000000
1.51649503,0.39370080,0.00000000
1.51690303,0.39370080,0.00000000
1.51731103,0.39370080,-0.07874016
1.51771903,0.39370080,0.00000000
1.51812703,0.39370080,-0.07874016
1.51853503,0.39370080,0.00000000
1.51894303,0.39370080,-0.07874016
1.51935103,0.39370080,0.00000000
1.51975903,0.39370080,-0.07874016
1.52016703,0.39370080,0.00000000
1.52057503,0.39370080,-0.07874016
1.52098303,0.39370080,0.00000000
1.52139103,0.39370080,0.00000000
1.52179903,0.39370080,-0.07874016
1.52220703,0.78740160,0.00000000
1.52261503,0.78740160,0.00000000
1.52302303,0.78740160,0.00000000
1.52343103,0.39370080,0.00000000
1.52383903,0.39370080,-0.07874016
1.52424703,0.39370080,0.00000000
1.52465503,0.39370080,-0.07874016
1.52506303,0.39370080,0.00000000
1.52547103,0.78740160,0.00000000
1.52587903,0.78740160,0.00000000
1.52628703,0.39370080,-0.07874016
1.52669503,0.39370080,0.00000000
1.52710303,0.39370080,0.00000000
1.52751103,0.78740160,0.00000000
1.52791903,0.39370080,0.00000000
1.52832703,0.39370080,0.00000000
1.52873503,0.78740160,-0.07874016
1.52914303,0.39370080,0.00000000
1.52955103,0.39370080,0.00000000
1.52995903,0.78740160,-0.07874016
1.53036703,0.39370080,0.00000000
1.53077503,0.39370080,0.00000000
1.53118303,0.39370080,0.00000000
1.53159103,0.39370080,0.00000000
1.53199903,0.39370080,-0.07874016
1.53240703,0.39370080,0.00000000
1.53281503,0.39370080,-0.07874016
1.53322303,0.39370080,0.00000000
1.53363103,0.39370080,-0.07874016
1.53403903,0.39370080,0.00000000
1.53444703,0.39370080,-0.07874016
1.53485503,0.00000000,0.00000000
1.53526303,0.39370080,0.00000000
1.53567103,0.39370080,0.00000000
1.53607903,0.00000000,0.00000000
1.53648703,0.00000000,0.00000000
1.53689503,0.00000000,0.00000000
1.53730303,0.39370080,-0.07874016
1.53771103,0.00000000,-0.07874016
1.53811903,0.00000000,0.00000000
1.53852703,0.00000000,0.00000000
1.53893503,0.00000000,0.00000000
1.53934303,0.00000000,-0.07874016
1.53975103,0.39370080,0.00000000
1.54015903,0.39370080,0.00000000
1.54056703,0.39370080,0.00000000
1.54097503,0.39370080,0.00000000
1.54138303,0.39370080,0.00000000
1.54179103,0.39370080,-0.07874016
1.54219903,0.78740160,0.00000000
1.54260703,0.00000000,0.00000000
1.54301503,0.39370080,0.00000000
1.54342303,0.78740160,-0.07874016
1.54383103,0.39370080,0.00000000
1.54423903,0.39370080,0.00000000
1.54464703,0.39370080,0.00000000
1.54505503,0.78740160,0.00000000
1.54546303,0.39370080,0.00000000
1.54587103,0.78740160,0.00000000
1.54627903,0.39370080,0.00000000
1.54668703,0.78740160,0.00000000
1.54709503,0.39370080,-0.07874016
1.54750303,0.39370080,-0.07874016
1.54791103,0.78740160,0.00000000
1.54831903,0.78740160,-0.07874016
1.54872703,0.78740160,0.00000000
1.54913503,0.78740160,0.00000000
1.54954303,1.18110200,0.00000000
1.54995103,0.78740160,-0.07874016
1.55035903,0.78740160,0.00000000
1.55076703,0.78740160,-0.07874016
1.55117503,0.78740160,0.00000000
1.55158303,0.39370080,0.00000000
1.55199103,0.39370080,-0.07874016
1.55239903,0.78740160,0.00000000
1.55280703,0.39370080,0.00000000
1.55321503,0.78740160,0.00000000
1.55362303,0.39370080,0.00000000
1.55403103,0.39370080,0.00000000
1.55443903,0.39370080,0.00000000
1.55484703,0.00000000,-0.07874016
1.55525503,0.39370080,0.00000000
1.55566303,0.39370080,0.00000000
1.55607103,0.39370080,0.00000000
1.55647903,0.00000000,0.00000000
1.55688703,0.39370080,0.00000000
1.55729503,0.39370080,0.00000000
1.55770303,0.78740160,0.00000000
1.55811103,0.39370080,0.00000000
1.55851903,0.39370080,0.00000000
1.55892703,0.39370080,0.00000000
1.55933503,0.39370080,0.00000000
1.55974303,0.39370080,0.00000000
1.56015103,0.39370080,0.00000000
1.56055903,0.39370080,0.00000000
1.56096703,0.39370080,0.00000000
1.56137503,0.00000000,0.00000000
1.56178303,0.00000000,0.00000000
1.56219103,0.00000000,0.00000000
1.56259903,0.39370080,0.00000000
1.56300703,0.00000000,0.00000000
1.56341503,0.39370080,0.00000000
1.56382303,0.00000000,-0.07874016
1.56423103,0.39370080,0.00000000
1.56463903,0.00000000,0.00000000
1.56504703,0.39370080,0.00000000
1.56545503,0.39370080,-0.07874016
1.56586303,0.00000000,0.00000000
1.56627103,0.39370080,0.00000000
1.56667903,0.39370080,0.00000000
1.56708703,0.39370080,-0.07874016
1.56749503,0.39370080,0.00000000
1.56790303,0.39370080,-0.07874016
1.56831103,0.39370080,0.00000000
1.56871903,0.39370080,0.00000000
1.56912703,0.78740160,0.00000000
1.56953503,0.39370080,0.00000000
1.56994303,0.00000000,0.00000000
1.57035103,0.39370080,-0.07874016
1.57075903,0.39370080,0.00000000
1.57116703,0.39370080,0.00000000
1.57157503,0.39370080,0.00000000
1.57198303,0.39370080,0.00000000
1.57239103,0.78740160,0.00000000
1.57279903,0.00000000,0.00000000
1.57320703,0.00000000,0.00000000
1.57361503,0.78740160,0.00000000
1.57402303,0.39370080,-0.07874016
1.57443103,0.39370080,0.00000000
1.57483903,0.39370080,0.00000000
1.57524703,0.78740160,0.00000000
1.57565503,0.39370080,0.00000000
1.57606303,0.78740160,-0.07874016
1.57647103,0.39370080,0.00000000
1.57687903,0.78740160,0.00000000
1.57728703,0.39370080,0.00000000
1.57769503,0.39370080,0.00000000
1.57810303,0.39370080,0.00000000
1.57851103,0.78740160,0.00000000
1.57891903,0.00000000,0.00000000
1.57932703,0.39370080,0.00000000
1.57973503,0.39370080,0.00000000
1.58014303,0.39370080,0.00000000
1.58055103,0.39370080,0.00000000
1.58095903,0.39370080,0.00000000
1.58136703,0.39370080,-0.07874016
1.58177503,0.39370080,0.00000000
1.58218303,0.39370080,0.00000000
1.58259103,0.78740160,-0.07874016
1.58299903,0.39370080,0.00000000
1.58340703,0.39370080,0.00000000
1.58381503,0.39370080,0.00000000
1.58422303,0.39370080,0.00000000
1.58463103,0.39370080,0.00000000
1.58503903,0.00000000,0.00000000
1.58544703,0.39370080,0.00000000
1.58585503,0.39370080,-0.07874016
1.58626303,0.39370080,0.00000000
1.58667103,0.39370080,0.00000000
1.58707903,0.00000000,0.00000000
1.58748703,0.39370080,0.00000000
1.58789503,0.00000000,0.00000000
1.58830303,0.00000000,0.00000000
1.58871103,0.00000000,0.00000000
1.58911903,0.39370080,-0.07874016
1.58952703,0.39370080,0.00000000
1.58993503,0.00000000,0.00000000
1.59034303,0.39370080,0.00000000
1.59075103,0.39370080,0.00000000
1.59115903,0.00000000,0.00000000
1.59156703,0.78740160,-0.07874016
1.59197503,0.39370080,0.00000000
1.59238303,0.39370080,0.00000000
1.59279103,0.78740160,0.00000000
1.59319903,0.00000000,0.00000000
1.59360703,0.00000000,0.00000000
1.59401503,0.78740160,0.00000000
1.59442303,0.00000000,0.00000000
1.59483103,0.39370080,0.00000000
1.59523903,0.39370080,0.00000000
1.59564703,0.78740160,0.00000000
1.59605503,0.39370080,0.00000000
1.59646303,0.78740160,0.00000000
1.59687103,0.39370080,0.00000000
1.59727903,0.39370080,0.00000000
1.59768703,0.39370080,0.00000000
1.59809503,0.00000000,-0.07874016
1.59850303,0.78740160,0.00000000
1.59891103,0.39370080,0.00000000
1.59931903,0.39370080,0.00000000
1.59972703,0.78740160,0.00000000
1.60013503,0.39370080,0.00000000
1.60054303,0.39370080,0.00000000
1.60095103,0.39370080,0.00000000
1.60135903,0.78740160,0.00000000
1.60176703,0.39370080,0.00000000
1.60217503,0.39370080,0.00000000
1.60258303,0.39370080,0.00000000
1.60299103,0.39370080,0.00000000
1.60339903,0.00000000,0.00000000
1.60380703,0.39370080,0.00000000
1.60421503,0.39370080,0.00000000
1.60462303,0.39370080,-0.07874016
1.60503103,0.39370080,0.00000000
1.60543903,0.39370080,0.00000000
1.60584703,0.39370080,0.00000000
1.60625503,0.00000000,-0.07874016
1.60666303,0.00000000,0.00000000
1.60707103,0.00000000,0.00000000
1.60747903,0.39370080,0.00000000
1.60788703,0.39370080,0.00000000
1.60829503,0.00000000,0.00000000
1.60870303,0.39370080,0.00000000
1.60911103,0.00000000,0.00000000
1.60951903,0.39370080,-0.07874016
1.60992703,0.00000000,0.00000000
1.61033503,0.39370080,0.00000000
1.61074303,0.39370080,-0.07874016
1.61115103,0.39370080,-0.07874016
1.61155903,0.39370080,0.00000000
1.61196703,0.78740160,0.00000000
1.61237503,0.39370080,0.00000000
1.61278303,0.39370080,-0.07874016
1.61319103,0.78740160,0.00000000
1.61359903,0.39370080,-0.07874016
1.61400703,0.39370080,0.00000000
1.61441503,0.39370080,0.00000000
1.61482303,0.00000000,0.00000000
1.61523103,0.39370080,0.00000000
1.61563903,0.00000000,-0.07874016
1.61604703,0.39370080,-0.07874016
1.61645503,0.78740160,0.00000000
1.61686303,0.39370080,-0.07874016
1.61727103,0.39370080,0.00000000
1.61767903,0.78740160,0.00000000
1.61808703,0.39370080,0.00000000
1.61849503,0.39370080,0.00000000
1.61890303,0.39370080,0.00000000
1.61931103,0.39370080,0.00000000
1.61971903,0.00000000,-0.07874016
1.62012703,0.39370080,0.00000000
1.62053503,0.39370080,0.00000000
1.62094303,0.78740160,-0.07874016
1.62135103,0.39370080,0.00000000
1.62175903,0.39370080,-0.07874016
1.62216703,0.39370080,0.00000000
1.62257503,0.39370080,-0.07874016
1.62298303,0.39370080,0.00000000
1.62339103,0.39370080,0.00000000
1.62379903,0.39370080,0.00000000
1.62420703,0.39370080,0.00000000
1.62461503,0.39370080,0.00000000
1.62502303,0.00000000,-0.07874016
1.62543103,0.39370080,0.00000000
1.62583903,0.39370080,-0.07874016
1.62624703,0.39370080,0.00000000
1.62665503,0.39370080,-0.07874016
1.62706303,0.39370080,0.00000000
1.62747103,0.39370080,0.00000000
1.62787903,0.39370080,0.00000000
1.62828703,0.39370080,0.00000000
1.62869503,0.39370080,0.00000000
1.62910303,0.39370080,-0.07874016
1.62951103,0.39370080,0.00000000
1.62991903,0.39370080,-0.07874016
1.63032703,0.39370080,0.00000000
1.63073503,0.39370080,0.00000000
1.63114303,0.00000000,0.00000000
1.63155103,0.39370080,0.00000000
1.63195903,0.39370080,0.00000000
1.63236703,0.39370080,-0.07874016
1.63277503,0.00000000,0.00000000
1.63318303,0.39370080,-0.07874016
1.63359103,0.39370080,0.00000000
1.63399903,0.00000000,0.00000000
1.63440703,0.00000000,0.00000000
1.63481503,0.39370080,0.00000000
1.63522303,0.39370080,0.00000000
1.63563103,0.39370080,0.00000000
1.63603903,0.39370080,0.00000000
1.63644703,0.39370080,0.00000000
1.63685503,0.39370080,0.00000000
1.63726303,0.39370080,-0.07874016
1.63767103,0.39370080,-0.07874016
1.63807903,0.39370080,0.00000000
1.63848703,0.00000000,0.00000000
1.63889503,0.39370080,0.00000000
1.63930303,0.39370080,-0.07874016
1.63971103,0.39370080,0.00000000
1.64011903,0.39370080,0.00000000
1.64052703,0.39370080,-0.07874016
1.64093503,0.39370080,0.00000000
1.64134303,0.78740160,0.00000000
1.64175103,0.39370080,0.00000000
1.64215903,0.39370080,0.00000000
1.64256703,0.39370080,0.00000000
1.64297503,0.39370080,0.00000000
1.64338303,0.39370080,0.00000000
1.64379103,0.00000000,-0.07874016
1.64419903,0.39370080,0.00000000
1.64460702,0.39370080,0.00000000
1.64501502,0.39370080,0.00000000
1.64542302,0.39370080,0.00000000
1.64583102,0.39370080,0.00000000
1.64623902,0.39370080,-0.07874016
1.64664702,0.39370080,0.00000000
1.64705502,0.78740160,0.00000000
1.64746302,0.00000000,0.00000000
1.64787102,0.39370080,0.00000000
1.64827902,0.39370080,-0.07874016
1.64868702,0.78740160,-0.07874016
1.64909502,0.00000000,0.00000000
1.64950302,0.39370080,0.00000000
1.64991102,0.39370080,0.00000000
1.65031902,0.39370080,0.00000000
1.65072702,0.39370080,-0.07874016
1.65113502,0.39370080,-0.07874016
1.65154302,0.39370080,0.00000000
1.65195102,0.39370080,0.00000000
1.65235902,0.39370080,0.00000000
1.65276702,0.00000000,0.00000000
1.65317502,0.39370080,-0.07874016
1.65358302,0.00000000,-0.07874016
1.65399102,0.39370080,0.00000000
1.65439902,0.39370080,0.00000000
1.65480702,0.00000000,-0.07874016
1.65521502,0.39370080,0.00000000
1.65562302,0.39370080,0.00000000
1.65603102,0.00000000,0.00000000
1.65643902,0.39370080,0.00000000
1.65684702,0.39370080,0.00000000
1.65725502,0.00000000,0.00000000
1.65766302,0.78740160,-0.07874016
1.65807102,0.00000000,0.00000000
1.65847902,0.00000000,0.00000000
1.65888702,0.39370080,0.00000000
1.65929502,0.00000000,-0.07874016
1.65970302,0.39370080,0.00000000
1.66011102,0.00000000,0.00000000
1.66051902,0.78740160,0.00000000
1.66092702,0.39370080,-0.07874016
1.66133502,0.00000000,0.00000000
1.66174302,0.39370080,0.00000000
1.66215102,0.39370080,0.00000000
1.66255902,0.00000000,-0.07874016
1.66296702,0.00000000,0.00000000
1.66337502,0.39370080,-0.07874016
1.66378302,0.39370080,0.00000000
1.66419102,0.39370080,0.00000000
1.66459902,0.39370080,0.00000000
1.66500702,0.78740160,0.00000000
1.66541502,0.39370080,0.00000000
1.66582302,0.78740160,-0.07874016
1.66623102,0.39370080,0.00000000
1.66663902,0.39370080,0.00000000
1.66704702,0.39370080,0.00000000
1.66745502,0.39370080,-0.07874016
1.66786302,0.39370080,0.00000000
1.66827102,0.39370080,0.00000000
1.66867902,0.39370080,0.00000000
1.66908702,0.39370080,-0.07874016
1.66949502,0.39370080,0.00000000
1.66990302,0.39370080,0.00000000
1.67031102,0.39370080,0.00000000
1.67071902,0.39370080,-0.07874016
1.67112702,0.00000000,0.00000000
1.67153502,0.39370080,0.00000000
1.67194302,0.39370080,0.00000000
1.67235102,0.00000000,-0.07874016
1.67275902,0.39370080,0.00000000
1.67316702,0.39370080,-0.07874016
1.67357502,0.39370080,-0.07874016
1.67398302,0.39370080,-0.07874016
1.67439102,0.39370080,0.00000000
1.67479902,0.00000000,0.00000000
1.67520702,0.39370080,-0.07874016
1.67561502,0.39370080,0.00000000
1.67602302,0.00000000,-0.07874016
1.67643102,0.39370080,0.00000000
1.67683902,0.39370080,0.00000000
1.67724702,0.39370080,-0.07874016
1.67765502,0.39370080,0.00000000
1.67806302,0.39370080,0.00000000
1.67847102,0.39370080,0.00000000
1.67887902,0.78740160,-0.07874016
1.67928702,0.39370080,0.00000000
1.67969502,0.39370080,-0.07874016
1.68010302,0.78740160,0.00000000
1.68051102,0.39370080,-0.07874016
1.68091902,0.00000000,0.00000000
1.68132702,0.39370080,0.00000000
1.68173502,0.39370080,0.00000000
1.68214302,0.39370080,0.00000000
1.68255102,0.39370080,0.00000000
1.68295902,0.00000000,0.00000000
1.68336702,0.00000000,0.00000000
1.68377502,0.39370080,0.00000000
1.68418302,0.00000000,0.00000000
1.68459102,0.39370080,0.00000000
1.68499902,0.00000000,0.00000000
1.68540702,0.39370080,-0.07874016
1.68581502,0.39370080,0.00000000
1.68622302,0.00000000,0.00000000
1.68663102,0.39370080,0.00000000
1.68703902,0.39370080,0.00000000
1.68744702,0.39370080,0.00000000
1.68785502,0.39370080,-0.07874016
1.68826302,0.39370080,0.00000000
1.68867102,0.39370080,0.00000000
1.68907902,0.00000000,0.00000000
1.68948702,0.39370080,0.00000000
1.68989502,0.39370080,0.00000000
1.69030302,0.39370080,-0.07874016
1.69071102,0.39370080,0.00000000
1.69111902,0.39370080,-0.07874016
1.69152702,0.00000000,0.00000000
1.69193502,0.39370080,0.00000000
1.69234302,0.39370080,0.00000000
1.69275102,0.39370080,0.00000000
1.69315902,0.78740160,0.00000000
1.69356702,0.39370080,-0.07874016
1.69397502,0.39370080,0.00000000
1.69438302,0.39370080,-0.07874016
1.69479102,0.39370080,0.00000000
1.69519902,0.39370080,0.00000000
1.69560702,0.39370080,0.00000000
1.69601502,0.39370080,-0.07874016
1.69642302,0.78740160,0.00000000
1.69683102,0.78740160,0.00000000
1.69723902,0.39370080,-0.07874016
1.69764702,0.39370080,0.00000000
1.69805502,0.00000000,0.00000000
1.69846302,0.78740160,0.00000000
1.69887102,0.00000000,0.00000000
1.69927902,0.39370080,0.00000000
1.69968702,0.39370080,0.00000000
1.70009502,0.39370080,0.00000000
1.70050302,0.39370080,0.00000000
1.70091102,0.39370080,0.00000000
1.70131902,0.39370080,0.00000000
1.70172702,0.39370080,0.00000000
1.70213502,0.39370080,0.00000000
1.70254302,0.00000000,0.00000000
1.70295102,0.39370080,0.00000000
1.70335902,0.39370080,0.00000000
1.70376702,0.39370080,0.00000000
1.70417502,0.78740160,-0.07874016
1.70458302,0.39370080,0.00000000
1.70499102,0.00000000,0.00000000
1.70539902,0.00000000,0.00000000
1.70580702,0.00000000,0.00000000
1.70621502,0.39370080,0.00000000
1.70662302,0.39370080,0.00000000
1.70703102,0.39370080,0.00000000
1.70743902,0.78740160,0.00000000
1.70784702,0.00000000,0.00000000
1.70825502,0.39370080,0.00000000
1.70866302,0.00000000,-0.07874016
1.70907102,0.39370080,-0.07874016
1.70947902,0.39370080,0.00000000
1.70988702,0.39370080,-0.07874016
1.71029502,0.39370080,0.00000000
1.71070302,0.39370080,-0.07874016
1.71111102,0.39370080,0.00000000
1.71151902,0.39370080,-0.07874016
1.71192702,0.39370080,0.00000000
1.71233502,0.39370080,0.00000000
1.71274302,0.39370080,0.00000000
1.71315102,0.78740160,0.00000000
1.71355902,0.39370080,0.00000000
1.71396702,0.39370080,0.00000000
1.71437502,0.39370080,0.00000000
1.71478302,0.39370080,0.00000000
1.71519102,0.39370080,0.00000000
1.71559902,0.39370080,-0.07874016
1.71600702,0.39370080,0.00000000
1.71641502,0.39370080,0.00000000
1.71682302,0.39370080,0.00000000
1.71723102,0.78740160,-0.07874016
1.71763902,0.78740160,0.00000000
1.71804702,0.39370080,0.00000000
1.71845502,0.00000000,0.00000000
1.71886302,0.39370080,-0.07874016
1.71927102,0.39370080,0.00000000
1.71967902,0.39370080,0.00000000
1.72008702,0.39370080,0.00000000
1.72049502,0.39370080,0.00000000
1.72090302,0.39370080,0.00000000
1.72131102,0.39370080,-0.07874016
1.72171902,0.39370080,0.00000000
1.72212702,0.39370080,0.00000000
1.72253502,0.00000000,0.00000000
1.72294302,0.39370080,0.00000000
1.72335102,0.39370080,0.00000000
1.72375902,0.39370080,-0.07874016
1.72416702,0.39370080,0.00000000
1.72457502,0.39370080,-0.07874016
1.72498302,0.00000000,0.00000000
1.72539102,0.39370080,-0.07874016
1.72579902,0.00000000,0.00000000
1.72620702,0.39370080,0.00000000
1.72661502,0.39370080,0.00000000
1.72702302,0.00000000,-0.07874016
1.72743102,0.39370080,-0.07874016
1.72783902,0.39370080,0.00000000
1.72824702,0.39370080,0.00000000
1.72865502,0.39370080,0.00000000
1.72906302,0.39370080,0.00000000
1.72947102,0.39370080,0.00000000
1.72987902,0.78740160,0.00000000
1.73028702,0.39370080,0.00000000
1.73069502,0.39370080,-0.07874016
1.73110302,0.39370080,0.00000000
1.73151102,0.39370080,0.00000000
1.73191902,0.39370080,0.00000000
1.73232702,0.39370080,0.00000000
1.73273502,0.39370080,-0.07874016
1.73314302,0.39370080,0.00000000
1.73355102,0.78740160,-0.07874016
1.73395902,0.78740160,0.00000000
1.73436702,0.78740160,-0.07874016
1.73477502,0.00000000,-0.07874016
1.73518302,0.39370080,0.00000000
1.73559102,0.39370080,0.00000000
1.73599902,0.39370080,-0.07874016
1.73640702,0.39370080,0.00000000
1.73681502,0.39370080,0.00000000
1.73722302,0.39370080,0.00000000
1.73763102,0.39370080,0.00000000
1.73803902,0.78740160,0.00000000
1.73844702,0.39370080,0.00000000
1.73885502,0.39370080,0.00000000
1.73926302,0.39370080,0.00000000
1.73967102,0.39370080,0.00000000
1.74007902,0.39370080,-0.07874016
1.74048702,0.39370080,0.00000000
1.74089502,0.39370080,-0.07874016
1.74130302,0.39370080,0.00000000
1.74171102,0.78740160,0.00000000
1.74211902,0.39370080,-0.07874016
1.74252702,0.39370080,0.00000000
1.74293502,0.39370080,0.00000000
1.74334302,0.39370080,0.00000000
1.74375102,0.39370080,0.00000000
1.74415902,0.00000000,-0.07874016
1.74456702,0.39370080,0.00000000
1.74497502,0.39370080,0.00000000
1.74538302,0.39370080,-0.07874016
1.74579102,0.39370080,0.00000000
1.74619902,0.00000000,0.00000000
1.74660702,0.39370080,0.00000000
1.74701502,0.39370080,0.00000000
1.74742302,0.39370080,0.00000000
1.74783102,0.39370080,0.00000000
1.74823902,0.00000000,-0.07874016
1.74864702,0.00000000,0.00000000
1.74905502,0.00000000,0.00000000
1.74946302,0.00000000,0.00000000
1.74987102,0.39370080,0.00000000
1.75027902,0.00000000,0.00000000
1.75068702,0.00000000,-0.07874016
1.75109502,0.00000000,0.00000000
1.75150302,0.39370080,0.00000000
1.75191102,0.39370080,0.00000000
1.75231902,0.39370080,0.00000000
1.75272702,0.00000000,0.00000000
1.75313502,0.39370080,0.00000000
1.75354302,0.39370080,0.00000000
1.75395102,0.00000000,0.00000000
1.75435902,0.39370080,0.00000000
1.75476702,0.39370080,0.00000000
1.75517502,0.39370080,0.00000000
1.75558302,0.39370080,0.00000000
1.75599102,0.00000000,0.00000000
1.75639902,0.39370080,0.00000000
1.75680702,0.39370080,0.00000000
1.75721502,0.39370080,0.00000000
1.75762302,0.39370080,0.00000000
1.75803102,0.00000000,-0.07874016
1.75843902,0.78740160,0.00000000
1.75884702,0.78740160,0.00000000
1.75925502,0.39370080,0.00000000
1.75966302,0.39370080,-0.07874016
1.76007102,0.39370080,0.00000000
1.76047902,0.78740160,0.00000000
1.76088702,0.39370080,0.00000000
1.76129502,0.78740160,0.00000000
1.76170302,0.39370080,0.00000000
1.76211102,0.78740160,0.00000000
1.76251902,0.39370080,0.00000000
1.76292702,0.78740160,0.00000000
1.76333502,0.39370080,0.00000000
1.76374302,0.39370080,0.00000000
1.76415102,0.39370080,0.00000000
1.76455902,0.78740160,0.00000000
1.76496702,0.39370080,0.00000000
1.76537502,0.39370080,-0.07874016
1.76578302,0.39370080,0.00000000
1.76619102,0.39370080,0.00000000
1.76659902,0.39370080,0.00000000
1.76700702,0.00000000,0.00000000
1.76741502,0.39370080,0.00000000
1.76782302,0.39370080,0.00000000
1.76823102,0.39370080,-0.07874016
1.76863902,0.39370080,-0.07874016
1.76904702,0.39370080,0.00000000
1.76945502,0.39370080,0.00000000
1.76986302,0.00000000,0.00000000
1.77027102,0.39370080,0.00000000
1.77067902,0.39370080,0.00000000
1.77108702,0.78740160,-0.07874016
1.77149502,0.00000000,0.00000000
1.77190302,0.39370080,0.00000000
1.77231102,0.39370080,0.00000000
1.77271902,0.00000000,0.00000000
1.77312702,0.39370080,0.00000000
1.77353502,0.39370080,-0.07874016
1.77394302,0.00000000,0.00000000
1.77435102,0.39370080,-0.07874016
1.77475902,0.00000000,0.00000000
1.77516702,0.00000000,0.00000000
1.77557502,0.39370080,0.00000000
1.77598302,0.00000000,0.00000000
1.77639102,0.39370080,0.00000000
1.77679902,0.00000000,0.00000000
1.77720702,0.39370080,0.00000000
1.77761502,0.39370080,0.00000000
1.77802302,0.00000000,0.00000000
1.77843102,0.39370080,-0.07874016
1.77883902,0.00000000,0.00000000
1.77924702,0.39370080,0.00000000
1.77965502,0.39370080,0.00000000
1.78006302,0.39370080,0.00000000
1.78047102,0.39370080,0.00000000
1.78087902,0.39370080,-0.07874016
1.78128702,0.39370080,0.00000000
1.78169502,0.39370080,0.00000000
1.78210302,0.39370080,0.00000000
1.78251102,0.39370080,0.00000000
1.78291902,0.78740160,0.00000000
1.78332702,0.78740160,0.00000000
1.78373502,0.78740160,0.00000000
1.78414302,0.78740160,-0.07874016
1.78455102,0.39370080,0.00000000
1.78495902,0.39370080,-0.07874016
1.78536702,0.39370080,0.00000000
1.78577502,0.39370080,0.00000000
1.78618302,0.39370080,0.00000000
1.78659102,0.39370080,-0.07874016
1.78699902,0.39370080,-0.07874016
1.78740702,0.78740160,0.00000000
1.78781502,0.39370080,0.00000000
1.78822302,0.39370080,-0.07874016
1.78863102,0.39370080,0.00000000
1.78903902,0.39370080,-0.07874016
1.78944702,0.39370080,0.00000000
1.78985502,0.39370080,0.00000000
1.79026302,0.39370080,0.00000000
1.79067102,0.39370080,-0.07874016
1.79107902,0.78740160,0.00000000
1.79148702,0.00000000,0.00000000
1.79189502,0.78740160,0.00000000
1.79230302,0.39370080,0.00000000
1.79271102,0.39370080,0.00000000
1.79311902,0.39370080,0.00000000
1.79352702,0.00000000,-0.07874016
1.79393502,0.00000000,-0.07874016
1.79434302,0.39370080,0.00000000
1.79475102,0.39370080,0.00000000
1.79515902,0.39370080,-0.07874016
1.79556702,0.00000000,0.00000000
1.79597502,0.00000000,0.00000000
1.79638302,0.39370080,-0.07874016
1.79679102,0.39370080,0.00000000
1.79719902,0.39370080,0.00000000
1.79760702,0.39370080,0.00000000
1.79801502,0.39370080,0.00000000
1.79842302,0.39370080,0.00000000
1.79883102,0.39370080,0.00000000
1.79923902,0.39370080,0.00000000
1.79964702,0.39370080,0.00000000
1.80005502,0.39370080,0.00000000
1.80046302,0.39370080,0.00000000
1.80087102,0.00000000,0.00000000
1.80127902,0.39370080,0.00000000
1.80168702,0.00000000,0.00000000
1.80209502,0.39370080,-0.07874016
1.80250302,0.00000000,0.00000000
1.80291102,0.39370080,-0.07874016
1.80331902,0.39370080,0.00000000
1.80372702,0.00000000,0.00000000
1.80413502,0.39370080,0.00000000
1.80454302,0.39370080,0.00000000
1.80495102,0.39370080,0.00000000
1.80535902,0.39370080,0.00000000
1.80576702,0.39370080,0.00000000
1.80617502,0.39370080,0.00000000
1.80658302,0.78740160,0.00000000
1.80699102,0.39370080,0.00000000
1.80739902,0.39370080,0.00000000
1.80780702,0.78740160,-0.07874016
1.80821502,0.78740160,0.00000000
1.80862302,0.78740160,-0.07874016
1.80903102,0.39370080,0.00000000
1.80943902,0.39370080,-0.07874016
1.80984702,0.78740160,0.00000000
1.81025502,0.39370080,0.00000000
1.81066302,0.39370080,0.00000000
1.81107102,0.39370080,-0.07874016
1.81147902,0.39370080,0.00000000
1.81188702,0.39370080,0.00000000
1.81229502,0.78740160,-0.07874016
1.81270302,0.78740160,0.00000000
1.81311102,0.78740160,0.00000000
1.81351902,0.00000000,0.00000000
1.81392702,0.00000000,-0.07874016
1.81433502,0.39370080,-0.07874016
1.81474302,0.39370080,0.00000000
1.81515102,0.78740160,0.00000000
1.81555902,0.39370080,0.00000000
1.81596702,0.00000000,0.00000000
1.81637502,0.39370080,-0.07874016
1.81678302,0.39370080,0.00000000
1.81719102,0.00000000,0.00000000
1.81759902,0.39370080,-0.07874016
1.81800702,0.39370080,0.00000000
1.81841502,0.00000000,0.00000000
1.81882302,0.39370080,0.00000000
1.81923102,0.39370080,-0.07874016
1.81963902,0.00000000,0.00000000
1.82004702,0.39370080,0.00000000
1.82045502,0.00000000,0.00000000
1.82086302,0.78740160,-0.07874016
1.82127101,0.39370080,0.00000000
1.82167901,0.39370080,-0.07874016
1.82208701,0.39370080,0.00000000
1.82249501,0.39370080,0.00000000
1.82290301,0.00000000,-0.07874016
1.82331101,0.78740160,0.00000000
1.82371901,0.00000000,0.00000000
1.82412701,0.39370080,0.00000000
1.82453501,0.39370080,0.00000000
1.82494301,0.00000000,-0.07874016
1.82535101,0.00000000,0.00000000
1.82575901,0.39370080,0.00000000
1.82616701,0.00000000,0.00000000
1.82657501,0.39370080,-0.07874016
1.82698301,0.39370080,0.00000000
1.82739101,0.39370080,0.00000000
1.82779901,0.39370080,0.00000000
1.82820701,0.00000000,0.00000000
1.82861501,0.39370080,0.00000000
1.82902301,0.39370080,0.00000000
1.82943101,0.39370080,0.00000000
1.82983901,0.39370080,0.00000000
1.83024701,0.39370080,0.00000000
1.83065501,0.39370080,0.00000000
1.83106301,0.39370080,0.00000000
1.83147101,0.39370080,-0.07874016
1.83187901,0.78740160,0.00000000
1.83228701,0.78740160,-0.07874016
1.83269501,0.39370080,0.00000000
1.83310301,0.78740160,0.00000000
1.83351101,0.39370080,0.00000000
1.83391901,0.39370080,0.00000000
1.83432701,0.39370080,0.00000000
1.83473501,0.78740160,0.00000000
1.83514301,0.39370080,0.00000000
1.83555101,0.78740160,-0.07874016
1.83595901,0.39370080,0.00000000
1.83636701,0.39370080,0.00000000
1.83677501,0.39370080,0.00000000
1.83718301,0.00000000,-0.07874016
1.83759101,0.39370080,0.00000000
1.83799901,0.39370080,0.00000000
1.83840701,0.39370080,0.00000000
1.83881501,0.78740160,0.00000000
1.83922301,0.00000000,0.00000000
1.83963101,0.00000000,0.00000000
1.84003901,0.39370080,0.00000000
1.84044701,0.39370080,-0.07874016
1.84085501,0.00000000,0.00000000
1.84126301,0.39370080,-0.07874016
1.84167101,0.39370080,0.00000000
1.84207901,0.78740160,0.00000000
1.84248701,0.39370080,0.00000000
1.84289501,0.00000000,0.00000000
1.84330301,0.78740160,0.00000000
1.84371101,0.39370080,-0.07874016
1.84411901,0.00000000,0.00000000
1.84452701,0.39370080,0.00000000
1.84493501,0.00000000,0.00000000
1.84534301,0.00000000,0.00000000
1.84575101,0.39370080,0.00000000
1.84615901,0.39370080,-0.07874016
1.84656701,0.39370080,0.00000000
1.84697501,0.39370080,0.00000000
1.84738301,0.00000000,0.00000000
1.84779101,0.39370080,0.00000000
1.84819901,0.39370080,0.00000000
1.84860701,0.00000000,0.00000000
1.84901501,0.39370080,0.00000000
1.84942301,0.39370080,0.00000000
1.84983101,0.00000000,0.00000000
1.85023901,0.39370080,-0.07874016
1.85064701,0.39370080,0.00000000
1.85105501,0.39370080,-0.07874016
1.85146301,0.39370080,0.00000000
1.85187101,0.00000000,0.00000000
1.85227901,0.39370080,0.00000000
1.85268701,0.39370080,-0.07874016
1.85309501,0.39370080,0.00000000
1.85350301,0.39370080,0.00000000
1.85391101,0.39370080,0.00000000
1.85431901,0.39370080,0.00000000
1.85472701,0.39370080,0.00000000
1.85513501,0.39370080,-0.07874016
1.85554301,0.39370080,0.00000000
1.85595101,0.78740160,0.00000000
1.85635901,0.39370080,0.00000000
1.85676701,0.78740160,0.00000000
1.85717501,0.39370080,0.00000000
1.85758301,0.39370080,0.00000000
1.85799101,0.39370080,0.00000000
1.85839901,0.00000000,-0.07874016
1.85880701,0.39370080,0.00000000
1.85921501,0.78740160,-0.07874016
1.85962301,0.39370080,0.00000000
1.86003101,0.39370080,-0.07874016
1.86043901,0.39370080,0.00000000
1.86084701,0.39370080,0.00000000
1.86125501,0.39370080,0.00000000
1.86166301,0.39370080,0.00000000
1.86207101,0.39370080,0.00000000
1.86247901,0.78740160,0.00000000
1.86288701,0.39370080,-0.07874016
1.86329501,0.39370080,0.00000000
1.86370301,0.39370080,0.00000000
1.86411101,0.00000000,-0.07874016
1.86451901,0.39370080,0.00000000
1.86492701,0.39370080,0.00000000
1.86533501,0.39370080,0.00000000
1.86574301,0.39370080,0.00000000
1.86615101,0.39370080,0.00000000
1.86655901,0.39370080,0.00000000
1.86696701,0.00000000,-0.07874016
1.86737501,0.00000000,0.00000000
1.86778301,0.39370080,0.00000000
1.86819101,0.39370080,0.00000000
1.86859901,0.39370080,0.00000000
1.86900701,0.39370080,-0.07874016
1.86941501,0.39370080,0.00000000
1.86982301,0.39370080,-0.07874016
1.87023101,0.39370080,0.00000000
1.87063901,0.39370080,0.00000000
1.87104701,0.39370080,0.00000000
1.87145501,0.39370080,-0.07874016
1.87186301,0.39370080,0.00000000
1.87227101,0.39370080,0.00000000
1.87267901,0.00000000,0.00000000
1.87308701,0.39370080,-0.07874016
1.87349501,0.39370080,0.00000000
1.87390301,0.39370080,0.00000000
1.87431101,0.39370080,0.00000000
1.87471901,0.39370080,0.00000000
1.87512701,0.39370080,0.00000000
1.87553501,0.00000000,0.00000000
1.87594301,0.39370080,0.00000000
1.87635101,0.39370080,0.00000000
1.87675901,0.00000000,0.00000000
1.87716701,0.39370080,0.00000000
1.87757501,0.00000000,0.00000000
1.87798301,0.00000000,0.00000000
1.87839101,0.39370080,0.00000000
1.87879901,0.39370080,0.00000000
1.87920701,0.39370080,0.00000000
1.87961501,0.39370080,0.00000000
1.88002301,0.78740160,0.00000000
1.88043101,0.39370080,0.00000000
1.88083901,0.78740160,0.00000000
1.88124701,0.39370080,-0.07874016
1.88165501,0.39370080,0.00000000
1.88206301,0.39370080,-0.07874016
1.88247101,0.39370080,0.00000000
1.88287901,0.39370080,0.00000000
1.88328701,0.39370080,0.00000000
1.88369501,0.78740160,-0.07874016
1.88410301,0.39370080,0.00000000
1.88451101,0.39370080,0.00000000
1.88491901,0.78740160,0.00000000
1.88532701,0.39370080,0.00000000
1.88573501,0.39370080,0.00000000
1.88614301,0.39370080,-0.07874016
1.88655101,0.39370080,0.00000000
1.88695901,0.39370080,0.00000000
1.88736701,0.39370080,0.00000000
1.88777501,0.39370080,0.00000000
1.88818301,0.00000000,-0.07874016
1.88859101,0.39370080,-0.07874016
1.88899901,0.39370080,0.00000000
1.88940701,0.39370080,0.00000000
1.88981501,0.39370080,0.00000000
1.89022301,0.78740160,0.00000000
1.89063101,0.39370080,0.00000000
1.89103901,0.39370080,-0.07874016
1.89144701,0.00000000,0.00000000
1.89185501,0.39370080,0.00000000
1.89226301,0.39370080,0.00000000
1.89267101,0.39370080,0.00000000
1.89307901,0.39370080,0.00000000
1.89348701,0.39370080,-0.07874016
1.89389501,0.00000000,0.00000000
1.89430301,0.39370080,0.00000000
1.89471101,0.39370080,0.00000000
1.89511901,0.39370080,0.00000000
1.89552701,0.39370080,0.00000000
1.89593501,0.00000000,0.00000000
1.89634301,0.78740160,0.00000000
1.89675101,0.39370080,0.00000000
1.89715901,0.39370080,0.00000000
1.89756701,0.00000000,0.00000000
1.89797501,0.39370080,0.00000000
1.89838301,0.39370080,0.00000000
1.89879101,0.00000000,0.00000000
1.89919901,0.00000000,-0.07874016
1.89960701,0.39370080,-0.07874016
1.90001501,0.39370080,0.00000000
1.90042301,0.39370080,0.00000000
1.90083101,0.39370080,0.00000000
1.90123901,0.00000000,0.00000000
1.90164701,0.39370080,0.00000000
1.90205501,0.39370080,0.00000000
1.90246301,0.39370080,0.00000000
1.90287101,0.39370080,-0.07874016
1.90327901,0.39370080,0.00000000
1.90368701,0.39370080,0.00000000
1.90409501,0.39370080,-0.07874016
1.90450301,0.00000000,0.00000000
1.90491101,0.39370080,0.00000000
1.90531901,0.78740160,0.00000000
1.90572701,0.78740160,0.00000000
1.90613501,0.39370080,0.00000000
1.90654301,0.39370080,0.00000000
1.90695101,0.39370080,0.00000000
1.90735901,0.39370080,0.00000000
1.90776701,0.39370080,0.00000000
1.90817501,0.39370080,0.00000000
1.90858301,0.39370080,0.00000000
1.90899101,0.78740160,0.00000000
1.90939901,0.39370080,0.00000000
1.90980701,0.78740160,-0.07874016
1.91021501,0.78740160,0.00000000
1.91062301,0.78740160,0.00000000
1.91103101,0.39370080,0.00000000
1.91143901,0.78740160,0.00000000
1.91184701,0.78740160,-0.07874016
1.91225501,0.39370080,0.00000000
1.91266301,0.39370080,0.00000000
1.91307101,1.18110200,-0.07874016
1.91347901,0.39370080,0.00000000
1.91388701,0.78740160,-0.07874016
1.91429501,0.39370080,0.00000000
1.91470301,0.39370080,0.00000000
1.91511101,0.39370080,0.00000000
1.91551901,0.39370080,0.00000000
1.91592701,0.39370080,0.00000000
1.91633501,0.39370080,0.00000000
1.91674301,0.39370080,0.00000000
1.91715101,0.39370080,0.00000000
1.91755901,0.39370080,0.00000000
1.91796701,0.78740160,0.00000000
1.91837501,0.39370080,0.00000000
1.91878301,0.78740160,0.00000000
1.91919101,0.00000000,0.00000000
1.91959901,0.39370080,-0.07874016
1.92000701,0.00000000,0.00000000
1.92041501,0.39370080,-0.07874016
1.92082301,0.39370080,0.00000000
1.92123101,0.39370080,0.00000000
1.92163901,0.00000000,0.00000000
1.92204701,0.39370080,-0.07874016
1.92245501,0.00000000,0.00000000
1.92286301,0.39370080,0.00000000
1.92327101,0.39370080,0.00000000
1.92367901,0.39370080,-0.07874016
1.92408701,0.39370080,0.00000000
1.92449501,0.39370080,0.00000000
1.92490301,0.39370080,0.00000000
1.92531101,0.39370080,-0.07874016
1.92571901,0.00000000,0.00000000
1.92612701,0.39370080,0.00000000
1.92653501,0.78740160,0.00000000
1.92694301,0.39370080,-0.07874016
1.92735101,0.39370080,0.00000000
1.92775901,0.39370080,0.00000000
1.92816701,0.00000000,-0.07874016
1.92857501,0.39370080,0.00000000
1.92898301,0.39370080,0.00000000
1.92939101,0.78740160,-0.07874016
1.92979901,0.39370080,0.00000000
1.93020701,0.39370080,-0.07874016
1.93061501,0.39370080,0.00000000
1.93102301,0.78740160,0.00000000
1.93143101,0.39370080,-0.07874016
1.93183901,0.39370080,0.00000000
1.93224701,0.78740160,-0.07874016
1.93265501,0.78740160,0.00000000
1.93306301,0.39370080,0.00000000
1.93347101,0.78740160,-0.07874016
1.93387901,0.39370080,0.00000000
1.93428701,0.78740160,-0.07874016
1.93469501,0.39370080,0.00000000
1.93510301,0.78740160,0.00000000
1.93551101,0.39370080,0.00000000
1.93591901,0.39370080,0.00000000
1.93632701,0.39370080,0.00000000
1.93673501,0.78740160,-0.07874016
1.93714301,0.39370080,0.00000000
1.93755101,0.39370080,0.00000000
1.93795901,0.39370080,0.00000000
1.93836701,0.39370080,0.00000000
1.93877501,0.39370080,0.00000000
1.93918301,0.78740160,0.00000000
1.93959101,0.39370080,0.00000000
1.93999901,0.39370080,0.00000000
1.94040701,0.39370080,-0.07874016
1.94081501,0.78740160,-0.07874016
1.94122301,0.00000000,0.00000000
1.94163101,0.39370080,-0.07874016
1.94203901,0.39370080,0.00000000
1.94244701,0.39370080,0.00000000
1.94285501,0.39370080,0.00000000
1.94326301,0.39370080,0.00000000
1.94367101,0.00000000,0.00000000
1.94407901,0.39370080,0.00000000
1.94448701,0.00000000,0.00000000
1.94489501,0.39370080,-0.07874016
1.94530301,0.00000000,0.00000000
1.94571101,0.39370080,-0.07874016
1.94611901,0.39370080,0.00000000
1.94652701,0.39370080,0.00000000
1.94693501,0.39370080,0.00000000
1.94734301,0.39370080,0.00000000
1.94775101,0.00000000,0.00000000
1.94815901,0.39370080,0.00000000
1.94856701,0.00000000,0.00000000
1.94897501,0.00000000,-0.07874016
1.94938301,0.39370080,0.00000000
1.94979101,0.39370080,-0.07874016
1.95019901,0.39370080,0.00000000
1.95060701,0.00000000,-0.07874016
1.95101501,0.39370080,0.00000000
1.95142301,0.39370080,0.00000000
1.95183101,0.00000000,0.00000000
1.95223901,0.39370080,0.00000000
1.95264701,0.39370080,0.00000000
1.95305501,0.39370080,0.00000000
1.95346301,0.39370080,-0.07874016
1.95387101,0.00000000,0.00000000
1.95427901,0.39370080,0.00000000
1.95468701,0.78740160,-0.07874016
1.95509501,0.00000000,0.00000000
1.95550301,0.78740160,-0.07874016
1.95591101,0.39370080,0.00000000
1.95631901,0.39370080,0.00000000
1.95672701,0.78740160,0.00000000
1.95713501,0.78740160,0.00000000
1.95754301,0.39370080,0.00000000
1.95795101,0.78740160,0.00000000
1.95835901,0.39370080,0.00000000
1.95876701,0.39370080,0.00000000
1.95917501,0.39370080,0.00000000
1.95958301,0.39370080,0.00000000
1.95999101,0.39370080,0.00000000
1.96039901,0.39370080,-0.07874016
1.96080701,0.39370080,0.00000000
1.96121501,0.78740160,-0.07874016
1.96162301,0.78740160,0.00000000
1.96203101,0.39370080,0.00000000
1.96243901,0.78740160,0.00000000
1.96284701,0.39370080,0.00000000
1.96325501,0.39370080,0.00000000
1.96366301,0.39370080,0.00000000
1.96407101,0.39370080,0.00000000
1.96447901,0.39370080,-0.07874016
1.96488701,0.39370080,0.00000000
1.96529501,0.39370080,0.00000000
1.96570301,0.39370080,0.00000000
1.96611101,0.00000000,0.00000000
1.96651901,0.00000000,0.00000000
1.96692701,0.39370080,0.00000000
1.96733501,0.39370080,0.00000000
1.96774301,0.39370080,0.00000000
1.96815101,0.39370080,0.00000000
1.96855901,0.39370080,0.00000000
1.96896701,0.00000000,0.00000000
1.96937501,0.78740160,0.00000000
1.96978301,0.39370080,-0.07874016
1.97019101,0.39370080,-0.07874016
1.97059901,0.39370080,0.00000000
1.97100701,0.39370080,0.00000000
1.97141501,0.00000000,0.00000000
1.97182301,0.39370080,0.00000000
1.97223101,0.00000000,0.00000000
1.97263901,0.39370080,0.00000000
1.97304701,0.39370080,0.00000000
1.97345501,0.00000000,-0.07874016
1.97386301,0.00000000,-0.07874016
1.97427101,0.00000000,-0.07874016
1.97467901,0.00000000,0.00000000
1.97508701,0.39370080,0.00000000
1.97549501,0.00000000,0.00000000
1.97590301,0.39370080,-0.07874016
1.97631101,0.39370080,0.00000000
1.97671901,0.39370080,-0.07874016
1.97712701,0.39370080,0.00000000
1.97753501,0.39370080,0.00000000
1.97794301,0.00000000,0.00000000
1.97835101,0.39370080,0.00000000
1.97875901,0.78740160,0.00000000
1.97916701,0.78740160,0.00000000
1.97957501,0.39370080,0.00000000
1.97998301,0.39370080,-0.07874016
1.98039101,0.78740160,0.00000000
1.98079901,0.78740160,-0.07874016
1.98120701,0.39370080,0.00000000
1.98161501,0.39370080,0.00000000
1.98202301,0.78740160,-0.07874016
1.98243101,0.39370080,-0.07874016
1.98283901,0.78740160,0.00000000
1.98324701,1.18110200,-0.07874016
1.98365501,0.39370080,0.00000000
1.98406301,0.39370080,0.00000000
1.98447101,0.39370080,0.00000000
1.98487901,0.39370080,-0.07874016
1.98528701,0.78740160,-0.07874016
1.98569501,0.39370080,0.00000000
1.98610301,0.78740160,0.00000000
1.98651101,0.78740160,0.00000000
1.98691901,0.39370080,0.00000000
1.98732701,0.78740160,-0.07874016
1.98773501,0.78740160,0.00000000
1.98814301,0.78740160,0.00000000
1.98855101,0.78740160,0.00000000
1.98895901,0.39370080,-0.07874016
1.98936701,0.00000000,0.00000000
1.98977501,0.78740160,0.00000000
1.99018301,0.39370080,0.00000000
1.99059101,0.39370080,0.00000000
1.99099901,0.00000000,0.00000000
1.99140701,0.00000000,0.00000000
1.99181501,0.00000000,0.00000000
1.99222301,0.00000000,0.00000000
1.99263101,0.39370080,0.00000000
1.99303901,0.39370080,-0.07874016
1.99344701,0.39370080,0.00000000
1.99385501,0.00000000,0.00000000
1.99426301,0.39370080,0.00000000
1.99467101,0.39370080,0.00000000
1.99507901,0.00000000,0.00000000
1.99548701,0.39370080,-0.07874016
1.99589501,0.00000000,0.00000000
1.99630301,0.00000000,0.00000000
1.99671101,0.00000000,0.00000000
1.99711901,0.00000000,-0.07874016
1.99752701,0.39370080,0.00000000
1.99793500,0.39370080,0.00000000
1.99834300,0.00000000,-0.07874016
1.99875100,0.39370080,-0.07874016
1.99915900,0.39370080,0.00000000
1.99956700,0.00000000,0.00000000
1.99997500,0.00000000,0.00000000
2.00038300,0.00000000,-0.07874016
2.00079100,0.00000000,0.00000000
2.00119900,0.39370080,0.00000000
2.00160700,0.00000000,-0.07874016
2.00201500,0.39370080,0.00000000
2.00242300,0.78740160,0.00000000
2.00283100,0.39370080,0.00000000
2.00323900,0.39370080,0.00000000
2.00364700,0.39370080,0.00000000
2.00405500,0.39370080,0.00000000
2.00446300,0.78740160,0.00000000
2.00487100,0.39370080,0.00000000
2.00527900,0.39370080,0.00000000
2.00568700,0.39370080,0.00000000
2.00609500,0.39370080,-0.07874016
2.00650300,0.39370080,0.00000000
2.00691100,0.39370080,0.00000000
2.00731900,0.39370080,0.00000000
2.00772700,0.78740160,0.00000000
2.00813500,0.39370080,0.00000000
2.00854300,0.39370080,0.00000000
2.00895100,0.78740160,-0.07874016
2.00935900,0.78740160,-0.07874016
2.00976700,0.39370080,0.00000000
2.01017500,0.39370080,-0.07874016
2.01058300,0.78740160,0.00000000
2.01099100,0.39370080,-0.07874016
2.01139900,0.39370080,0.00000000
2.01180700,0.39370080,0.00000000
2.01221500,0.78740160,0.00000000
2.01262300,0.39370080,-0.07874016
2.01303100,0.39370080,0.00000000
2.01343900,0.39370080,0.00000000
2.01384700,0.39370080,0.00000000
2.01425500,0.78740160,0.00000000
2.01466300,0.39370080,0.00000000
2.01507100,0.39370080,0.00000000
2.01547900,0.39370080,0.00000000
2.01588700,0.39370080,-0.07874016
2.01629500,0.39370080,0.00000000
2.01670300,0.00000000,0.00000000
2.01711100,0.78740160,0.00000000
2.01751900,0.39370080,0.00000000
2.01792700,0.39370080,0.00000000
2.01833500,0.39370080,0.00000000
2.01874300,0.39370080,0.00000000
2.01915100,0.39370080,-0.07874016
2.01955900,0.39370080,0.00000000
2.01996700,0.39370080,0.00000000
2.02037500,0.39370080,0.00000000
2.02078300,0.39370080,-0.07874016
2.02119100,0.00000000,0.00000000
2.02159900,0.00000000,0.00000000
2.02200700,0.00000000,0.00000000
2.02241500,0.00000000,0.00000000
2.02282300,0.00000000,0.00000000
2.02323100,0.00000000,0.00000000
2.02363900,0.00000000,0.00000000
2.02404700,0.00000000,0.00000000
2.02445500,0.00000000,0.00000000
2.02486300,0.39370080,-0.07874016
2.02527100,0.00000000,-0.07874016
2.02567900,0.39370080,-0.07874016
2.02608700,0.39370080,0.00000000
2.02649500,0.78740160,0.00000000
2.02690300,0.78740160,0.00000000
2.02731100,0.39370080,-0.07874016
2.02771900,0.78740160,0.00000000
2.02812700,0.39370080,0.00000000
2.02853500,0.39370080,0.00000000
2.02894300,0.39370080,0.00000000
2.02935100,0.39370080,0.00000000
2.02975900,0.39370080,-0.07874016
2.03016700,0.39370080,0.00000000
2.03057500,0.39370080,0.00000000
2.03098300,0.39370080,0.00000000
2.03139100,0.78740160,0.00000000
2.03179900,0.78740160,0.00000000
2.03220700,0.39370080,0.00000000
2.03261500,0.78740160,0.00000000
2.03302300,0.39370080,0.00000000
2.03343100,0.78740160,0.00000000
2.03383900,0.78740160,0.00000000
2.03424700,0.39370080,0.00000000
2.03465500,0.39370080,-0.07874016
2.03506300,0.78740160,0.00000000
2.03547100,0.78740160,0.00000000
2.03587900,0.39370080,0.00000000
2.03628700,0.39370080,0.00000000
2.03669500,0.39370080,0.00000000
2.03710300,0.39370080,0.00000000
2.03751100,0.78740160,0.00000000
2.03791900,0.39370080,-0.07874016
2.03832700,0.39370080,0.00000000
2.03873500,0.78740160,0.00000000
2.03914300,0.39370080,0.00000000
2.03955100,0.39370080,0.00000000
2.03995900,0.39370080,0.00000000
2.04036700,0.39370080,0.00000000
2.04077500,0.78740160,0.00000000
2.04118300,0.00000000,0.00000000
2.04159100,0.39370080,0.00000000
2.04199900,0.39370080,0.00000000
2.04240700,0.00000000,0.00000000
2.04281500,0.00000000,0.00000000
2.04322300,0.00000000,0.00000000
2.04363100,0.39370080,-0.07874016
2.04403900,0.39370080,0.00000000
2.04444700,0.39370080,0.00000000
2.04485500,0.00000000,0.00000000
2.04526300,0.39370080,-0.07874016
2.04567100,0.00000000,0.00000000
2.04607900,0.00000000,0.00000000
2.04648700,0.00000000,0.00000000
2.04689500,0.39370080,0.00000000
2.04730300,0.39370080,0.00000000
2.04771100,0.39370080,-0.07874016
2.04811900,0.00000000,0.00000000
2.04852700,0.00000000,0.00000000
2.04893500,0.00000000,0.00000000
2.04934300,0.00000000,0.00000000
2.04975100,0.39370080,-0.07874016
2.05015900,0.39370080,0.00000000
2.05056700,0.39370080,0.00000000
2.05097500,0.39370080,0.00000000
2.05138300,0.39370080,0.00000000
2.05179100,0.39370080,0.00000000
2.05219900,0.39370080,0.00000000
2.05260700,0.39370080,0.00000000
2.05301500,0.39370080,0.00000000
2.05342300,0.39370080,-0.07874016
2.05383100,0.78740160,0.00000000
2.05423900,0.39370080,0.00000000
2.05464700,0.39370080,0.00000000
2.05505500,0.39370080,0.00000000
2.05546300,0.39370080,0.00000000
2.05587100,0.78740160,-0.07874016
2.05627900,0.39370080,0.00000000
2.05668700,0.78740160,-0.07874016
2.05709500,0.39370080,0.00000000
2.05750300,0.78740160,0.00000000
2.05791100,0.39370080,0.00000000
2.05831900,0.78740160,0.00000000
2.05872700,0.78740160,0.00000000
2.05913500,0.78740160,-0.07874016
2.05954300,0.39370080,0.00000000
2.05995100,0.39370080,-0.07874016
2.06035900,0.39370080,0.00000000
2.06076700,0.39370080,0.00000000
2.06117500,0.39370080,0.00000000
2.06158300,0.78740160,0.00000000
2.06199100,0.39370080,0.00000000
2.06239900,0.78740160,0.00000000
2.06280700,0.39370080,0.00000000
2.06321500,0.39370080,0.00000000
2.06362300,0.78740160,0.00000000
2.06403100,0.39370080,0.00000000
2.06443900,0.39370080,0.00000000
2.06484700,0.78740160,0.00000000
2.06525500,0.39370080,0.00000000
2.06566300,0.39370080,-0.07874016
2.06607100,0.39370080,0.00000000
2.06647900,0.39370080,-0.07874016
2.06688700,0.00000000,0.00000000
2.06729500,0.39370080,-0.07874016
2.06770300,0.39370080,0.00000000
2.06811100,0.39370080,-0.07874016
2.06851900,0.00000000,-0.07874016
2.06892700,0.39370080,0.00000000
2.06933500,0.39370080,0.00000000
2.06974300,0.00000000,-0.07874016
2.07015100,0.39370080,0.00000000
2.07055900,0.00000000,0.00000000
2.07096700,0.00000000,0.00000000
2.07137500,0.39370080,-0.07874016
2.07178300,0.00000000,0.00000000
2.07219100,0.39370080,0.00000000
2.07259900,0.39370080,0.00000000
2.07300700,0.00000000,0.00000000
2.07341500,0.00000000,0.00000000
2.07382300,0.39370080,0.00000000
2.07423100,0.00000000,0.00000000
2.07463900,0.39370080,0.00000000
2.07504700,0.39370080,0.00000000
2.07545500,0.39370080,0.00000000
2.07586300,0.39370080,-0.07874016
2.07627100,0.39370080,0.00000000
2.07667900,0.39370080,-0.07874016
2.07708700,0.39370080,0.00000000
2.07749500,0.39370080,0.00000000
2.07790300,0.39370080,-0.07874016
2.07831100,0.00000000,0.00000000
2.07871900,0.39370080,-0.07874016
2.07912700,0.39370080,0.00000000
2.07953500,0.00000000,0.00000000
2.07994300,0.39370080,0.00000000
2.08035100,0.39370080,0.00000000
2.08075900,0.78740160,0.00000000
2.08116700,0.78740160,-0.07874016
2.08157500,0.78740160,0.00000000
2.08198300,0.78740160,0.00000000
2.08239100,0.39370080,0.00000000
2.08279900,0.78740160,-0.07874016
2.08320700,0.39370080,0.00000000
2.08361500,0.39370080,0.00000000
2.08402300,0.39370080,0.00000000
2.08443100,0.39370080,0.00000000
2.08483900,0.39370080,0.00000000
2.08524700,0.78740160,0.00000000
2.08565500,0.78740160,0.00000000
2.08606300,0.39370080,-0.07874016
2.08647100,0.39370080,0.00000000
2.08687900,0.39370080,0.00000000
2.08728700,0.78740160,0.00000000
2.08769500,0.78740160,-0.07874016
2.08810300,0.39370080,0.00000000
2.08851100,0.78740160,0.00000000
2.08891900,0.39370080,0.00000000
2.08932700,0.39370080,0.00000000
2.08973500,0.78740160,0.00000000
2.09014300,0.39370080,0.00000000
2.09055100,0.39370080,0.00000000
2.09095900,0.78740160,0.00000000
2.09136700,0.39370080,0.00000000
2.09177500,0.39370080,-0.07874016
2.09218300,0.00000000,0.00000000
2.09259100,0.00000000,-0.07874016
2.09299900,0.39370080,0.00000000
2.09340700,0.39370080,0.00000000
2.09381500,0.00000000,0.00000000
2.09422300,0.39370080,-0.07874016
2.09463100,0.00000000,0.00000000
2.09503900,0.00000000,-0.07874016
2.09544700,0.39370080,0.00000000
2.09585500,0.39370080,0.00000000
2.09626300,0.39370080,0.00000000
2.09667100,0.39370080,0.00000000
2.09707900,0.00000000,-0.07874016
2.09748700,0.39370080,0.00000000
2.09789500,0.00000000,0.00000000
2.09830300,0.39370080,0.00000000
2.09871100,0.39370080,0.00000000
2.09911900,0.00000000,0.00000000
2.09952700,0.39370080,0.00000000
2.09993500,0.39370080,0.00000000
2.10034300,0.39370080,0.00000000
2.10075100,0.78740160,0.00000000
2.10115900,0.78740160,0.00000000
2.10156700,0.39370080,0.00000000
2.10197500,0.39370080,0.00000000
2.10238300,0.39370080,0.00000000
2.10279100,0.39370080,0.00000000
2.10319900,0.39370080,0.00000000
2.10360700,0.00000000,0.00000000
2.10401500,0.39370080,-0.07874016
2.10442300,0.39370080,-0.07874016
2.10483100,0.39370080,0.00000000
2.10523900,0.39370080,0.00000000
2.10564700,0.00000000,-0.07874016
2.10605500,0.39370080,0.00000000
2.10646300,0.78740160,0.00000000
2.10687100,0.39370080,0.00000000
2.10727900,0.78740160,0.00000000
2.10768700,0.78740160,0.00000000
2.10809500,0.39370080,0.00000000
2.10850300,0.39370080,0.00000000
2.10891100,0.78740160,-0.07874016
2.10931900,0.39370080,0.00000000
2.10972700,0.78740160,0.00000000
2.11013500,0.78740160,0.00000000
2.11054300,0.39370080,-0.07874016
2.11095100,0.78740160,0.00000000
2.11135900,0.78740160,0.00000000
2.11176700,0.00000000,0.00000000
2.11217500,0.39370080,0.00000000
2.11258300,0.00000000,0.00000000
2.11299100,0.39370080,0.00000000
2.11339900,0.78740160,0.00000000
2.11380700,0.39370080,0.00000000
2.11421500,0.39370080,0.00000000
2.11462300,0.78740160,0.00000000
2.11503100,0.39370080,0.00000000
2.11543900,0.39370080,0.00000000
2.11584700,0.00000000,0.00000000
2.11625500,0.00000000,0.00000000
2.11666300,0.39370080,0.00000000
2.11707100,0.00000000,0.00000000
2.11747900,0.00000000,0.00000000
2.11788700,0.39370080,-0.07874016
2.11829500,0.00000000,0.00000000
2.11870300,0.00000000,0.00000000
2.11911100,0.39370080,0.00000000
2.11951900,0.00000000,0.00000000
2.11992700,0.39370080,0.00000000
2.12033500,0.39370080,0.00000000
2.12074300,0.39370080,0.00000000
2.12115100,0.00000000,-0.07874016
2.12155900,0.00000000,0.00000000
2.12196700,0.00000000,0.00000000
2.12237500,0.00000000,0.00000000
2.12278300,0.00000000,0.00000000
2.12319100,0.00000000,0.00000000
2.12359900,0.39370080,0.00000000
2.12400700,0.39370080,0.00000000
2.12441500,0.00000000,0.00000000
2.12482300,0.39370080,-0.07874016
2.12523100,0.00000000,0.00000000
2.12563900,0.39370080,0.00000000
2.12604700,0.39370080,0.00000000
2.12645500,0.00000000,-0.07874016
2.12686300,0.39370080,0.00000000
2.12727100,0.39370080,-0.07874016
2.12767900,0.39370080,0.00000000
2.12808700,0.78740160,0.00000000
2.12849500,0.00000000,0.00000000
2.12890300,0.39370080,0.00000000
2.12931100,0.39370080,0.00000000
2.12971900,0.39370080,-0.07874016
2.13012700,0.00000000,0.00000000
2.13053500,0.39370080,0.00000000
2.13094300,0.39370080,-0.07874016
2.13135100,0.39370080,0.00000000
2.13175900,0.39370080,0.00000000
2.13216700,0.39370080,0.00000000
2.13257500,0.78740160,0.00000000
2.13298300,0.39370080,0.00000000
2.13339100,0.78740160,0.00000000
2.13379900,0.39370080,0.00000000
2.13420700,0.39370080,0.00000000
2.13461500,0.78740160,0.00000000
2.13502300,0.39370080,-0.07874016
2.13543100,0.39370080,0.00000000
2.13583900,0.78740160,0.00000000
2.13624700,0.39370080,0.00000000
2.13665500,0.39370080,-0.07874016
2.13706300,0.78740160,0.00000000
2.13747100,0.39370080,0.00000000
2.13787900,0.00000000,0.00000000
2.13828700,0.39370080,0.00000000
2.13869500,0.39370080,0.00000000
2.13910300,0.39370080,0.00000000
2.13951100,0.39370080,0.00000000
2.13991900,0.39370080,0.00000000
2.14032700,0.39370080,0.00000000
2.14073500,0.39370080,0.00000000
2.14114300,0.39370080,0.00000000
2.14155100,0.39370080,-0.07874016
2.14195900,0.39370080,0.00000000
2.14236700,0.39370080,-0.07874016
2.14277500,0.39370080,-0.07874016
2.14318300,0.39370080,0.00000000
2.14359100,0.00000000,0.00000000
2.14399900,0.39370080,0.00000000
2.14440700,0.39370080,0.00000000
2.14481500,0.00000000,-0.07874016
2.14522300,0.39370080,0.00000000
2.14563100,0.39370080,0.00000000
2.14603900,0.39370080,0.00000000
2.14644700,0.39370080,0.00000000
2.14685500,0.00000000,0.00000000
2.14726300,0.39370080,-0.07874016
2.14767100,0.00000000,0.00000000
2.14807900,0.39370080,0.00000000
2.14848700,0.39370080,0.00000000
2.14889500,0.39370080,-0.07874016
2.14930300,0.39370080,-0.07874016
2.14971100,0.39370080,-0.07874016
2.15011900,0.00000000,0.00000000
2.15052700,0.39370080,0.00000000
2.15093500,0.39370080,0.00000000
2.15134300,0.39370080,-0.07874016
2.15175100,0.39370080,0.00000000
2.15215900,0.39370080,0.00000000
2.15256700,0.39370080,0.00000000
2.15297500,0.39370080,-0.07874016
2.15338300,0.00000000,0.00000000
2.15379100,0.78740160,-0.07874016
2.15419900,0.39370080,0.00000000
2.15460700,0.78740160,0.00000000
2.15501500,0.78740160,0.00000000
2.15542300,0.78740160,-0.07874016
2.15583100,0.39370080,0.00000000
2.15623900,0.78740160,-0.07874016
2.15664700,0.39370080,0.00000000
2.15705500,0.39370080,0.00000000
2.15746300,0.78740160,-0.07874016
2.15787100,0.39370080,0.00000000
2.15827900,0.39370080,-0.07874016
2.15868700,0.78740160,0.00000000
2.15909500,0.39370080,0.00000000
2.15950300,0.39370080,-0.07874016
2.15991100,0.39370080,0.00000000
2.16031900,0.39370080,0.00000000
2.16072700,0.39370080,0.00000000
2.16113500,0.39370080,-0.07874016
2.16154300,0.78740160,0.00000000
2.16195100,0.78740160,0.00000000
2.16235900,0.39370080,0.00000000
2.16276700,0.39370080,0.00000000
2.16317500,0.39370080,-0.07874016
2.16358300,0.39370080,-0.07874016
2.16399100,0.39370080,0.00000000
2.16439900,0.39370080,0.00000000
2.16480700,0.78740160,0.00000000
2.16521500,0.78740160,0.00000000
2.16562300,0.00000000,0.00000000
2.16603100,0.39370080,0.00000000
2.16643900,0.39370080,0.00000000
2.16684700,0.39370080,-0.07874016
2.16725500,0.39370080,0.00000000
2.16766300,0.39370080,-0.07874016
2.16807100,0.00000000,0.00000000
2.16847900,0.39370080,-0.07874016
2.16888700,0.00000000,0.00000000
2.16929500,0.39370080,0.00000000
2.16970300,0.00000000,0.00000000
2.17011100,0.78740160,-0.07874016
2.17051900,0.00000000,0.00000000
2.17092700,0.00000000,0.00000000
2.17133500,0.00000000,0.00000000
2.17174300,0.39370080,0.00000000
2.17215100,0.39370080,0.00000000
2.17255900,0.39370080,0.00000000
2.17296700,0.39370080,0.00000000
2.17337500,0.39370080,-0.07874016
2.17378300,0.00000000,0.00000000
2.17419100,0.39370080,-0.07874016
2.17459899,0.39370080,0.00000000
2.17500699,0.00000000,0.00000000
2.17541499,0.39370080,0.00000000
2.17582299,0.39370080,-0.07874016
2.17623099,0.39370080,0.00000000
2.17663899,0.39370080,0.00000000
2.17704699,0.39370080,0.00000000
2.17745499,0.39370080,0.00000000
2.17786299,0.39370080,0.00000000
2.17827099,0.78740160,0.00000000
2.17867899,0.78740160,0.00000000
2.17908699,0.39370080,0.00000000
2.17949499,0.39370080,0.00000000
2.17990299,0.78740160,-0.07874016
2.18031099,0.39370080,0.00000000
2.18071899,0.39370080,0.00000000
2.18112699,0.39370080,-0.07874016
2.18153499,0.78740160,-0.07874016
2.18194299,0.78740160,0.00000000
2.18235099,0.39370080,0.00000000
2.18275899,0.39370080,0.00000000
2.18316699,0.78740160,-0.07874016
2.18357499,0.39370080,0.00000000
2.18398299,0.39370080,0.00000000
2.18439099,0.78740160,0.00000000
2.18479899,0.78740160,0.00000000
2.18520699,0.39370080,0.00000000
2.18561499,0.78740160,0.00000000
2.18602299,0.39370080,0.00000000
2.18643099,0.78740160,-0.07874016
2.18683899,0.39370080,0.00000000
2.18724699,0.39370080,-0.07874016
2.18765499,0.78740160,0.00000000
2.18806299,0.39370080,0.00000000
2.18847099,0.00000000,0.00000000
2.18887899,0.39370080,0.00000000
2.18928699,0.39370080,0.00000000
2.18969499,0.78740160,0.00000000
2.19010299,0.39370080,-0.07874016
2.19051099,0.39370080,0.00000000
2.19091899,0.39370080,-0.07874016
2.19132699,0.39370080,0.00000000
2.19173499,0.00000000,0.00000000
2.19214299,0.78740160,0.00000000
2.19255099,0.39370080,0.00000000
2.19295899,0.00000000,0.00000000
2.19336699,0.39370080,0.00000000
2.19377499,0.39370080,0.00000000
2.19418299,0.39370080,0.00000000
2.19459099,0.39370080,-0.07874016
2.19499899,0.00000000,0.00000000
2.19540699,0.00000000,-0.07874016
2.19581499,0.39370080,0.00000000
2.19622299,0.39370080,-0.07874016
2.19663099,0.39370080,0.00000000
2.19703899,0.00000000,0.00000000
2.19744699,0.00000000,-0.07874016
2.19785499,0.39370080,0.00000000
2.19826299,0.00000000,0.00000000
2.19867099,0.39370080,0.00000000
2.19907899,0.39370080,0.00000000
2.19948699,0.39370080,0.00000000
2.19989499,0.39370080,0.00000000
2.20030299,0.39370080,0.00000000
2.20071099,0.39370080,0.00000000
2.20111899,0.39370080,0.00000000
2.20152699,0.39370080,0.00000000
2.20193499,0.39370080,-0.07874016
2.20234299,0.78740160,0.00000000
2.20275099,0.00000000,-0.07874016
2.20315899,0.00000000,0.00000000
2.20356699,0.39370080,-0.07874016
2.20397499,0.00000000,0.00000000
2.20438299,0.78740160,0.00000000
2.20479099,0.78740160,0.00000000
2.20519899,0.39370080,0.00000000
2.20560699,0.39370080,0.00000000
2.20601499,0.78740160,-0.07874016
2.20642299,0.39370080,0.00000000
2.20683099,0.39370080,-0.07874016
2.20723899,0.39370080,0.00000000
2.20764699,0.39370080,0.00000000
2.20805499,0.39370080,0.00000000
2.20846299,0.39370080,-0.07874016
2.20887099,0.39370080,0.00000000
2.20927899,0.39370080,0.00000000
2.20968699,0.39370080,0.00000000
2.21009499,0.39370080,0.00000000
2.21050299,0.39370080,0.00000000
2.21091099,0.39370080,0.00000000
2.21131899,0.78740160,0.00000000
2.21172699,0.78740160,-0.07874016
2.21213499,0.39370080,0.00000000
2.21254299,0.78740160,-0.07874016
2.21295099,0.39370080,0.00000000
2.21335899,0.39370080,0.00000000
2.21376699,0.78740160,0.00000000
2.21417499,0.39370080,0.00000000
2.21458299,0.00000000,0.00000000
2.21499099,0.78740160,-0.07874016
2.21539899,0.00000000,0.00000000
2.21580699,0.39370080,-0.07874016
2.21621499,0.39370080,0.00000000
2.21662299,0.39370080,-0.07874016
2.21703099,0.39370080,0.00000000
2.21743899,0.39370080,0.00000000
2.21784699,0.00000000,-0.07874016
2.21825499,0.78740160,-0.07874016
2.21866299,0.39370080,0.00000000
2.21907099,0.39370080,0.00000000
2.21947899,0.39370080,0.00000000
2.21988699,0.39370080,0.00000000
2.22029499,0.39370080,0.00000000
2.22070299,0.39370080,0.00000000
2.22111099,0.39370080,0.00000000
2.22151899,0.39370080,0.00000000
2.22192699,0.39370080,0.00000000
2.22233499,0.39370080,-0.07874016
2.22274299,0.39370080,0.00000000
2.22315099,0.39370080,-0.07874016
2.22355899,0.39370080,0.00000000
2.22396699,0.39370080,-0.07874016
2.22437499,0.00000000,0.00000000
2.22478299,0.39370080,0.00000000
2.22519099,0.39370080,0.00000000
2.22559899,0.39370080,0.00000000
2.22600699,0.39370080,0.00000000
2.22641499,0.39370080,0.00000000
2.22682299,0.39370080,0.00000000
2.22723099,0.39370080,0.00000000
2.22763899,0.39370080,0.00000000
2.22804699,0.39370080,0.00000000
2.22845499,0.39370080,0.00000000
2.22886299,0.39370080,0.00000000
2.22927099,0.39370080,0.00000000
2.22967899,0.78740160,0.00000000
2.23008699,0.39370080,0.00000000
2.23049499,0.00000000,-0.07874016
2.23090299,0.39370080,0.00000000
2.23131099,0.39370080,-0.07874016
2.23171899,0.39370080,0.00000000
2.23212699,0.00000000,0.00000000
2.23253499,0.39370080,0.00000000
2.23294299,0.39370080,-0.07874016
2.23335099,0.00000000,-0.07874016
2.23375899,0.78740160,0.00000000
2.23416699,0.39370080,0.00000000
2.23457499,0.39370080,0.00000000
2.23498299,0.78740160,0.00000000
2.23539099,0.39370080,0.00000000
2.23579899,0.78740160,0.00000000
2.23620699,0.39370080,0.00000000
2.23661499,0.39370080,0.00000000
2.23702299,0.39370080,-0.07874016
2.23743099,0.39370080,0.00000000
2.23783899,0.39370080,0.00000000
2.23824699,0.78740160,0.00000000
2.23865499,0.39370080,0.00000000
2.23906299,0.39370080,0.00000000
2.23947099,0.39370080,-0.07874016
2.23987899,0.39370080,0.00000000
2.24028699,0.39370080,-0.07874016
2.24069499,0.78740160,0.00000000
2.24110299,0.39370080,0.00000000
2.24151099,0.00000000,0.00000000
2.24191899,0.39370080,0.00000000
2.24232699,0.00000000,0.00000000
2.24273499,0.39370080,0.00000000
2.24314299,0.39370080,0.00000000
2.24355099,0.39370080,-0.07874016
2.24395899,0.39370080,0.00000000
2.24436699,0.39370080,0.00000000
2.24477499,0.00000000,0.00000000
2.24518299,0.39370080,-0.07874016
2.24559099,0.39370080,0.00000000
2.24599899,0.39370080,0.00000000
2.24640699,0.39370080,0.00000000
2.24681499,0.00000000,0.00000000
2.24722299,0.39370080,0.00000000
2.24763099,0.39370080,0.00000000
2.24803899,0.39370080,0.00000000
2.24844699,0.39370080,0.00000000
2.24885499,0.39370080,0.00000000
2.24926299,0.39370080,-0.07874016
2.24967099,0.39370080,-0.07874016
2.25007899,0.00000000,0.00000000
2.25048699,0.00000000,0.00000000
2.25089499,0.39370080,-0.07874016
2.25130299,0.00000000,0.00000000
2.25171099,0.39370080,0.00000000
2.25211899,0.39370080,0.00000000
2.25252699,0.78740160,0.00000000
2.25293499,0.39370080,0.00000000
2.25334299,0.39370080,0.00000000
2.25375099,0.39370080,0.00000000
2.25415899,0.78740160,0.00000000
2.25456699,0.39370080,0.00000000
2.25497499,0.39370080,-0.07874016
2.25538299,0.39370080,0.00000000
2.25579099,0.39370080,0.00000000
2.25619899,0.39370080,0.00000000
2.25660699,0.39370080,0.00000000
2.25701499,0.39370080,0.00000000
2.25742299,0.78740160,-0.07874016
2.25783099,0.39370080,0.00000000
2.25823899,0.39370080,0.00000000
2.25864699,0.39370080,-0.07874016
2.25905499,0.78740160,0.00000000
2.25946299,0.00000000,0.00000000
2.25987099,0.78740160,0.00000000
2.26027899,0.39370080,0.00000000
2.26068699,0.39370080,0.00000000
2.26109499,0.39370080,0.00000000
2.26150299,0.78740160,-0.07874016
2.26191099,0.39370080,0.00000000
2.26231899,0.78740160,0.00000000
2.26272699,0.39370080,0.00000000
2.26313499,0.78740160,0.00000000
2.26354299,0.39370080,0.00000000
2.26395099,0.39370080,0.00000000
2.26435899,0.39370080,0.00000000
2.26476699,0.39370080,0.00000000
2.26517499,0.00000000,0.00000000
2.26558299,0.39370080,0.00000000
2.26599099,0.39370080,0.00000000
2.26639899,0.39370080,0.00000000
2.26680699,0.39370080,0.00000000
2.26721499,0.39370080,0.00000000
2.26762299,0.39370080,0.00000000
2.26803099,0.39370080,0.00000000
2.26843899,0.00000000,0.00000000
2.26884699,0.78740160,0.00000000
2.26925499,0.00000000,0.00000000
2.26966299,0.39370080,0.00000000
2.27007099,0.00000000,0.00000000
2.27047899,0.00000000,-0.07874016
2.27088699,0.00000000,0.00000000
2.27129499,0.78740160,0.00000000
2.27170299,0.39370080,0.00000000
2.27211099,0.39370080,-0.07874016
2.27251899,0.39370080,0.00000000
2.27292699,0.00000000,0.00000000
2.27333499,0.00000000,0.00000000
2.27374299,0.39370080,0.00000000
2.27415099,0.39370080,0.00000000
2.27455899,0.39370080,0.00000000
2.27496699,0.39370080,0.00000000
2.27537499,0.39370080,0.00000000
2.27578299,0.39370080,0.00000000
2.27619099,0.00000000,-0.07874016
2.27659899,0.00000000,0.00000000
2.27700699,0.39370080,0.00000000
2.27741499,0.00000000,0.00000000
2.27782299,0.39370080,-0.07874016
2.27823099,0.39370080,0.00000000
2.27863899,0.39370080,0.00000000
2.27904699,0.39370080,0.00000000
2.27945499,0.00000000,0.00000000
2.27986299,0.39370080,0.00000000
2.28027099,0.78740160,0.00000000
2.28067899,0.39370080,-0.07874016
2.28108699,0.39370080,0.00000000
2.28149499,0.39370080,0.00000000
2.28190299,0.39370080,-0.07874016
2.28231099,0.39370080,0.00000000
2.28271899,0.39370080,-0.07874016
2.28312699,0.78740160,0.00000000
2.28353499,0.39370080,-0.07874016
2.28394299,0.78740160,0.00000000
2.28435099,0.39370080,-0.07874016
2.28475899,0.39370080,-0.07874016
2.28516699,0.39370080,0.00000000
2.28557499,0.39370080,0.00000000
2.28598299,0.39370080,0.00000000
2.28639099,0.39370080,0.00000000
2.28679899,0.39370080,0.00000000
2.28720699,0.39370080,0.00000000
2.28761499,0.39370080,0.00000000
2.28802299,0.39370080,0.00000000
2.28843099,0.39370080,0.00000000
2.28883899,0.39370080,-0.07874016
2.28924699,0.39370080,-0.07874016
2.28965499,0.00000000,0.00000000
2.29006299,0.39370080,0.00000000
2.29047099,0.78740160,0.00000000
2.29087899,0.39370080,0.00000000
2.29128699,0.39370080,0.00000000
2.29169499,0.39370080,0.00000000
2.29210299,0.39370080,0.00000000
2.29251099,0.39370080,-0.07874016
2.29291899,0.78740160,0.00000000
2.29332699,0.00000000,-0.07874016
2.29373499,0.39370080,0.00000000
2.29414299,0.39370080,0.00000000
2.29455099,0.39370080,0.00000000
2.29495899,0.78740160,0.00000000
2.29536699,0.39370080,0.00000000
2.29577499,0.39370080,0.00000000
2.29618299,0.39370080,0.00000000
2.29659099,0.39370080,0.00000000
2.29699899,0.39370080,0.00000000
2.29740699,0.00000000,0.00000000
2.29781499,0.00000000,0.00000000
2.29822299,0.39370080,0.00000000
2.29863099,0.39370080,0.00000000
2.29903899,0.39370080,0.00000000
2.29944699,0.39370080,0.00000000
2.29985499,0.00000000,-0.07874016
2.30026299,0.39370080,0.00000000
2.30067099,0.39370080,0.00000000
2.30107899,0.39370080,0.00000000
2.30148699,0.39370080,-0.07874016
2.30189499,0.78740160,-0.07874016
2.30230299,0.39370080,0.00000000
2.30271099,0.39370080,-0.07874016
2.30311899,0.00000000,0.00000000
2.30352699,0.39370080,0.00000000
2.30393499,0.39370080,0.00000000
2.30434299,0.39370080,0.00000000
2.30475099,0.39370080,0.00000000
2.30515899,0.39370080,0.00000000
2.30556699,0.39370080,0.00000000
2.30597499,0.00000000,0.00000000
2.30638299,0.39370080,0.00000000
2.30679099,0.39370080,0.00000000
2.30719899,0.78740160,0.00000000
2.30760699,0.39370080,0.00000000
2.30801499,0.39370080,0.00000000
2.30842299,0.00000000,0.00000000
2.30883099,0.39370080,0.00000000
2.30923899,0.39370080,0.00000000
2.30964699,0.39370080,0.00000000
2.31005499,0.39370080,0.00000000
2.31046299,0.78740160,-0.07874016
2.31087099,0.00000000,0.00000000
2.31127899,0.39370080,0.00000000
2.31168699,0.39370080,0.00000000
2.31209499,0.39370080,0.00000000
2.31250299,0.39370080,0.00000000
2.31291099,0.39370080,0.00000000
2.31331899,0.78740160,0.00000000
2.31372699,0.39370080,0.00000000
2.31413499,0.78740160,0.00000000
2.31454299,0.39370080,-0.07874016
2.31495099,0.39370080,0.00000000
2.31535899,0.39370080,-0.07874016
2.31576699,0.78740160,0.00000000
2.31617499,0.39370080,0.00000000
2.31658299,0.39370080,0.00000000
2.31699099,0.39370080,0.00000000
2.31739899,0.00000000,0.00000000
2.31780699,0.39370080,0.00000000
2.31821499,0.39370080,0.00000000
2.31862299,0.39370080,0.00000000
2.31903099,0.39370080,-0.07874016
2.31943899,0.39370080,-0.07874016
2.31984699,0.39370080,0.00000000
2.32025499,0.78740160,0.00000000
2.32066299,0.39370080,0.00000000
2.32107099,0.39370080,0.00000000
2.32147899,0.00000000,0.00000000
2.32188699,0.39370080,0.00000000
2.32229499,0.39370080,0.00000000
2.32270299,0.39370080,0.00000000
2.32311099,0.39370080,0.00000000
2.32351899,0.39370080,-0.07874016
2.32392699,0.39370080,0.00000000
2.32433499,0.39370080,0.00000000
2.32474299,0.00000000,0.00000000
2.32515099,0.39370080,0.00000000
2.32555899,0.39370080,0.00000000
2.32596699,0.00000000,0.00000000
2.32637499,0.00000000,0.00000000
2.32678299,0.00000000,-0.07874016
2.32719099,0.39370080,0.00000000
2.32759899,0.39370080,0.00000000
2.32800699,0.39370080,0.00000000
2.32841499,0.00000000,-0.07874016
2.32882299,0.39370080,0.00000000
2.32923099,0.39370080,0.00000000
2.32963899,0.39370080,0.00000000
2.33004699,0.39370080,0.00000000
2.33045499,0.39370080,0.00000000
2.33086299,0.39370080,0.00000000
2.33127099,0.39370080,-0.07874016
2.33167899,0.39370080,0.00000000
2.33208699,0.39370080,0.00000000
2.33249499,0.39370080,-0.07874016
2.33290299,0.78740160,0.00000000
2.33331099,0.39370080,0.00000000
2.33371899,0.39370080,0.00000000
2.33412699,0.39370080,0.00000000
2.33453499,0.00000000,0.00000000
2.33494299,0.00000000,0.00000000
2.33535099,0.39370080,0.00000000
2.33575899,0.78740160,0.00000000
2.33616699,0.39370080,0.00000000
2.33657499,0.39370080,-0.07874016
2.33698299,0.78740160,0.00000000
2.33739099,0.39370080,0.00000000
2.33779899,0.39370080,0.00000000
2.33820699,0.39370080,-0.07874016
2.33861499,0.39370080,0.00000000
2.33902299,0.39370080,-0.07874016
2.33943099,0.39370080,0.00000000
2.33983899,0.39370080,0.00000000
2.34024699,0.78740160,0.00000000
2.34065499,0.39370080,0.00000000
2.34106299,0.39370080,-0.07874016
2.34147099,0.39370080,0.00000000
2.34187899,0.39370080,-0.07874016
2.34228699,0.39370080,-0.07874016
2.34269499,0.39370080,0.00000000
2.34310299,0.39370080,-0.07874016
2.34351099,0.78740160,0.00000000
2.34391899,0.39370080,0.00000000
2.34432699,0.39370080,0.00000000
2.34473499,0.78740160,0.00000000
2.34514299,0.39370080,0.00000000
2.34555099,0.39370080,-0.07874016
2.34595899,0.39370080,0.00000000
2.34636699,0.00000000,0.00000000
2.34677499,0.39370080,0.00000000
2.34718299,0.78740160,0.00000000
2.34759099,0.39370080,0.00000000
2.34799899,0.39370080,-0.07874016
2.34840699,0.78740160,0.00000000
2.34881499,0.39370080,0.00000000
2.34922299,0.78740160,-0.07874016
2.34963099,0.78740160,0.00000000
2.35003899,0.39370080,0.00000000
2.35044699,0.39370080,0.00000000
2.35085499,0.00000000,-0.07874016
2.35126299,0.39370080,0.00000000
2.35167098,0.00000000,0.00000000
2.35207898,0.39370080,0.00000000
2.35248698,0.39370080,0.00000000
2.35289498,0.78740160,-0.07874016
2.35330298,0.00000000,0.00000000
2.35371098,0.39370080,0.00000000
2.35411898,0.00000000,0.00000000
2.35452698,0.39370080,0.00000000
2.35493498,0.39370080,0.00000000
2.35534298,0.78740160,0.00000000
2.35575098,0.39370080,0.00000000
2.35615898,0.39370080,0.00000000
2.35656698,0.39370080,0.00000000
2.35697498,0.39370080,0.00000000
2.35738298,0.39370080,0.00000000
2.35779098,0.39370080,-0.07874016
2.35819898,0.39370080,0.00000000
2.35860698,0.39370080,-0.07874016
2.35901498,0.39370080,0.00000000
2.35942298,0.39370080,-0.07874016
2.35983098,0.39370080,0.00000000
2.36023898,0.78740160,-0.07874016
2.36064698,0.39370080,0.00000000
2.36105498,0.39370080,0.00000000
2.36146298,0.39370080,0.00000000
2.36187098,0.39370080,0.00000000
2.36227898,0.39370080,0.00000000
2.36268698,0.39370080,0.00000000
2.36309498,0.78740160,0.00000000
2.36350298,0.39370080,0.00000000
2.36391098,0.39370080,0.00000000
2.36431898,0.39370080,0.00000000
2.36472698,0.39370080,0.00000000
2.36513498,0.39370080,0.00000000
2.36554298,0.00000000,0.00000000
2.36595098,0.78740160,0.00000000
2.36635898,0.39370080,0.00000000
2.36676698,0.39370080,0.00000000
2.36717498,0.39370080,0.00000000
2.36758298,0.39370080,0.00000000
2.36799098,0.39370080,0.00000000
2.36839898,0.39370080,-0.07874016
2.36880698,0.39370080,0.00000000
2.36921498,0.39370080,0.00000000
2.36962298,0.39370080,0.00000000
2.37003098,0.39370080,0.00000000
2.37043898,0.39370080,0.00000000
2.37084698,0.78740160,0.00000000
2.37125498,0.39370080,-0.07874016
2.37166298,0.78740160,0.00000000
2.37207098,0.78740160,0.00000000
2.37247898,0.00000000,0.00000000
2.37288698,0.00000000,0.00000000
2.37329498,0.39370080,0.00000000
2.37370298,0.39370080,0.00000000
2.37411098,0.39370080,-0.07874016
2.37451898,0.39370080,0.00000000
2.37492698,0.00000000,-0.07874016
2.37533498,0.39370080,0.00000000
2.37574298,0.39370080,0.00000000
2.37615098,0.39370080,0.00000000
2.37655898,0.39370080,0.00000000
2.37696698,0.39370080,0.00000000
2.37737498,0.78740160,0.00000000
2.37778298,0.39370080,0.00000000
2.37819098,0.39370080,0.00000000
2.37859898,0.78740160,0.00000000
2.37900698,0.39370080,0.00000000
2.37941498,0.39370080,0.00000000
2.37982298,0.39370080,0.00000000
2.38023098,0.39370080,0.00000000
2.38063898,0.78740160,0.00000000
2.38104698,0.78740160,0.00000000
2.38145498,0.78740160,-0.07874016
2.38186298,0.39370080,0.00000000
2.38227098,0.39370080,-0.07874016
2.38267898,0.39370080,0.00000000
2.38308698,0.78740160,-0.07874016
2.38349498,0.39370080,0.00000000
2.38390298,0.00000000,0.00000000
2.38431098,0.39370080,0.00000000
2.38471898,0.39370080,0.00000000
2.38512698,0.39370080,0.00000000
2.38553498,0.78740160,0.00000000
2.38594298,0.00000000,0.00000000
2.38635098,0.39370080,-0.07874016
2.38675898,0.39370080,-0.07874016
2.38716698,0.39370080,-0.07874016
2.38757498,0.00000000,0.00000000
2.38798298,0.78740160,0.00000000
2.38839098,0.00000000,0.00000000
2.38879898,0.39370080,0.00000000
2.38920698,0.39370080,0.00000000
2.38961498,0.39370080,0.00000000
2.39002298,0.78740160,0.00000000
2.39043098,0.78740160,0.00000000
2.39083898,0.39370080,0.00000000
2.39124698,0.78740160,0.00000000
2.39165498,0.78740160,0.00000000
2.39206298,0.39370080,-0.07874016
2.39247098,0.39370080,0.00000000
2.39287898,0.39370080,0.00000000
2.39328698,0.39370080,0.00000000
2.39369498,0.39370080,0.00000000
2.39410298,0.00000000,0.00000000
2.39451098,0.39370080,0.00000000
2.39491898,0.39370080,0.00000000
2.39532698,0.39370080,0.00000000
2.39573498,0.78740160,-0.07874016
2.39614298,0.39370080,-0.07874016
2.39655098,0.39370080,0.00000000
2.39695898,0.00000000,0.00000000
2.39736698,0.39370080,0.00000000
2.39777498,0.39370080,0.00000000
2.39818298,0.39370080,-0.07874016
2.39859098,0.78740160,0.00000000
2.39899898,0.39370080,0.00000000
2.39940698,0.39370080,0.00000000
2.39981498,0.39370080,0.00000000
2.40022298,0.78740160,0.00000000
2.40063098,0.39370080,0.00000000
2.40103898,0.39370080,-0.07874016
2.40144698,0.39370080,0.00000000
2.40185498,0.39370080,0.00000000
2.40226298,0.39370080,0.00000000
2.40267098,0.39370080,0.00000000
2.40307898,0.39370080,0.00000000
2.40348698,0.39370080,-0.07874016
2.40389498,0.39370080,0.00000000
2.40430298,0.00000000,0.00000000
2.40471098,0.39370080,0.00000000
2.40511898,0.00000000,0.00000000
2.40552698,0.39370080,0.00000000
2.40593498,0.39370080,0.00000000
2.40634298,0.00000000,0.00000000
2.40675098,0.39370080,0.00000000
2.40715898,0.78740160,0.00000000
2.40756698,0.39370080,0.00000000
2.40797498,0.39370080,0.00000000
2.40838298,0.39370080,0.00000000
2.40879098,0.39370080,0.00000000
2.40919898,0.39370080,-0.07874016
2.40960698,0.00000000,-0.07874016
2.41001498,0.39370080,0.00000000
2.41042298,0.39370080,0.00000000
2.41083098,0.39370080,0.00000000
2.41123898,0.00000000,0.00000000
2.41164698,0.39370080,0.00000000
2.41205498,0.39370080,0.00000000
2.41246298,0.00000000,0.00000000
2.41287098,0.39370080,0.00000000
2.41327898,0.39370080,0.00000000
2.41368698,0.39370080,0.00000000
2.41409498,0.39370080,0.00000000
2.41450298,0.39370080,0.00000000
2.41491098,0.39370080,-0.07874016
2.41531898,0.39370080,0.00000000
2.41572698,0.78740160,-0.07874016
2.41613498,0.39370080,0.00000000
2.41654298,0.39370080,0.00000000
2.41695098,0.78740160,0.00000000
2.41735898,0.39370080,0.00000000
2.41776698,0.39370080,0.00000000
2.41817498,0.39370080,-0.07874016
2.41858298,0.39370080,0.00000000
2.41899098,0.39370080,-0.07874016
2.41939898,0.39370080,0.00000000
2.41980698,0.39370080,-0.07874016
2.42021498,0.39370080,0.00000000
2.42062298,0.39370080,-0.07874016
2.42103098,0.39370080,0.00000000
2.42143898,0.39370080,0.00000000
2.42184698,0.78740160,0.00000000
2.42225498,0.39370080,0.00000000
2.42266298,0.39370080,0.00000000
2.42307098,0.39370080,0.00000000
2.42347898,0.39370080,0.00000000
2.42388698,0.39370080,0.00000000
2.42429498,0.78740160,0.00000000
2.42470298,0.39370080,0.00000000
2.42511098,0.39370080,0.00000000
2.42551898,0.39370080,0.00000000
2.42592698,0.00000000,0.00000000
2.42633498,0.78740160,0.00000000
2.42674298,0.39370080,0.00000000
2.42715098,0.39370080,-0.07874016
2.42755898,0.39370080,0.00000000
2.42796698,0.39370080,0.00000000
2.42837498,0.39370080,0.00000000
2.42878298,0.39370080,0.00000000
2.42919098,0.39370080,-0.07874016
2.42959898,0.39370080,-0.07874016
2.43000698,0.39370080,0.00000000
2.43041498,0.39370080,-0.07874016
2.43082298,0.39370080,0.00000000
2.43123098,0.39370080,0.00000000
2.43163898,0.39370080,0.00000000
2.43204698,0.78740160,-0.07874016
2.43245498,0.39370080,0.00000000
2.43286298,0.39370080,0.00000000
2.43327098,0.39370080,0.00000000
2.43367898,0.39370080,0.00000000
2.43408698,0.39370080,0.00000000
2.43449498,0.39370080,0.00000000
2.43490298,0.39370080,0.00000000
2.43531098,0.39370080,-0.07874016
2.43571898,0.39370080,0.00000000
2.43612698,0.39370080,0.00000000
2.43653498,0.78740160,-0.07874016
2.43694298,0.39370080,-0.07874016
2.43735098,0.39370080,0.00000000
2.43775898,0.39370080,0.00000000
2.43816698,0.39370080,0.00000000
2.43857498,0.39370080,0.00000000
2.43898298,0.39370080,0.00000000
2.43939098,0.39370080,0.00000000
2.43979898,0.78740160,0.00000000
2.44020698,0.39370080,0.00000000
2.44061498,0.39370080,0.00000000
2.44102298,0.39370080,0.00000000
2.44143098,0.78740160,-0.07874016
2.44183898,0.39370080,-0.07874016
2.44224698,0.78740160,0.00000000
2.44265498,0.78740160,0.00000000
2.44306298,0.39370080,-0.07874016
2.44347098,0.39370080,0.00000000
2.44387898,0.39370080,0.00000000
2.44428698,0.39370080,0.00000000
2.44469498,0.39370080,0.00000000
2.44510298,0.39370080,0.00000000
2.44551098,0.78740160,-0.07874016
2.44591898,0.78740160,0.00000000
2.44632698,0.39370080,0.00000000
2.44673498,0.39370080,0.00000000
2.44714298,0.00000000,0.00000000
2.44755098,0.39370080,-0.07874016
2.44795898,0.39370080,0.00000000
2.44836698,0.39370080,0.00000000
2.44877498,0.78740160,0.00000000
2.44918298,0.39370080,0.00000000
2.44959098,0.39370080,0.00000000
2.44999898,0.78740160,0.00000000
2.45040698,0.39370080,0.00000000
2.45081498,0.39370080,0.00000000
2.45122298,0.78740160,0.00000000
2.45163098,0.39370080,0.00000000
2.45203898,0.39370080,0.00000000
2.45244698,0.39370080,0.00000000
2.45285498,0.39370080,-0.07874016
2.45326298,0.39370080,0.00000000
2.45367098,0.39370080,0.00000000
2.45407898,0.78740160,0.00000000
2.45448698,0.39370080,0.00000000
2.45489498,0.00000000,-0.07874016
2.45530298,0.78740160,0.00000000
2.45571098,0.39370080,0.00000000
2.45611898,0.00000000,0.00000000
2.45652698,0.39370080,0.00000000
2.45693498,0.78740160,0.00000000
2.45734298,0.00000000,-0.07874016
2.45775098,0.39370080,0.00000000
2.45815898,0.78740160,0.00000000
2.45856698,0.39370080,0.00000000
2.45897498,0.39370080,0.00000000
2.45938298,0.78740160,0.00000000
2.45979098,0.00000000,-0.07874016
2.46019898,0.39370080,0.00000000
2.46060698,0.39370080,0.00000000
2.46101498,0.39370080,0.00000000
2.46142298,0.39370080,0.00000000
2.46183098,0.78740160,0.00000000
2.46223898,0.39370080,0.00000000
2.46264698,0.78740160,0.00000000
2.46305498,0.78740160,0.00000000
2.46346298,0.39370080,-0.07874016
2.46387098,0.78740160,0.00000000
2.46427898,0.39370080,0.00000000
2.46468698,0.39370080,0.00000000
2.46509498,0.78740160,0.00000000
2.46550298,0.39370080,-0.07874016
2.46591098,0.78740160,0.00000000
2.46631898,0.39370080,0.00000000
2.46672698,0.39370080,-0.07874016
2.46713498,0.39370080,0.00000000
2.46754298,0.39370080,0.00000000
2.46795098,0.39370080,0.00000000
2.46835898,0.78740160,0.00000000
2.46876698,0.39370080,0.00000000
2.46917498,0.39370080,0.00000000
2.46958298,0.39370080,-0.07874016
2.46999098,0.00000000,-0.07874016
2.47039898,0.78740160,-0.07874016
2.47080698,0.39370080,0.00000000
2.47121498,0.39370080,0.00000000
2.47162298,0.78740160,-0.07874016
2.47203098,0.39370080,0.00000000
2.47243898,0.39370080,0.00000000
2.47284698,0.39370080,0.00000000
2.47325498,0.39370080,0.00000000
2.47366298,0.39370080,0.00000000
2.47407098,0.39370080,0.00000000
2.47447898,0.39370080,0.00000000
2.47488698,0.39370080,0.00000000
2.47529498,0.39370080,0.00000000
2.47570298,0.00000000,0.00000000
2.47611098,0.39370080,0.00000000
2.47651898,0.39370080,0.00000000
2.47692698,0.39370080,-0.07874016
2.47733498,0.39370080,-0.07874016
2.47774298,0.39370080,0.00000000
2.47815098,0.39370080,0.00000000
2.47855898,0.39370080,0.00000000
2.47896698,0.00000000,0.00000000
2.47937498,0.00000000,0.00000000
2.47978298,0.00000000,0.00000000
2.48019098,0.39370080,0.00000000
2.48059898,0.39370080,0.00000000
2.48100698,0.39370080,0.00000000
2.48141498,0.39370080,0.00000000
2.48182298,0.39370080,0.00000000
2.48223098,0.00000000,0.00000000
2.48263898,0.39370080,0.00000000
2.48304698,0.00000000,0.00000000
2.48345498,0.00000000,-0.07874016
2.48386298,0.39370080,0.00000000
2.48427098,0.39370080,0.00000000
2.48467898,0.39370080,0.00000000
2.48508698,0.39370080,-0.07874016
2.48549498,0.39370080,0.00000000
2.48590298,0.39370080,0.00000000
2.48631098,0.39370080,0.00000000
2.48671898,0.39370080,0.00000000
2.48712698,0.78740160,0.00000000
2.48753498,0.39370080,-0.07874016
2.48794298,0.39370080,0.00000000
2.48835098,0.39370080,0.00000000
2.48875898,0.78740160,0.00000000
2.48916698,0.39370080,0.00000000
2.48957498,0.39370080,0.00000000
2.48998298,0.78740160,0.00000000
2.49039098,0.39370080,-0.07874016
2.49079898,0.78740160,0.00000000
2.49120698,0.39370080,0.00000000
2.49161498,0.39370080,-0.07874016
2.49202298,0.39370080,0.00000000
2.49243098,0.39370080,-0.07874016
2.49283898,0.78740160,0.00000000
2.49324698,0.39370080,0.00000000
2.49365498,0.39370080,-0.07874016
2.49406298,0.39370080,0.00000000
2.49447098,0.39370080,0.00000000
2.49487898,0.39370080,-0.07874016
2.49528698,0.78740160,0.00000000
2.49569498,0.78740160,0.00000000
2.49610298,0.78740160,0.00000000
2.49651098,0.78740160,0.00000000
2.49691898,0.39370080,0.00000000
2.49732698,0.39370080,0.00000000
2.49773498,0.39370080,0.00000000
2.49814298,0.39370080,0.00000000
2.49855098,0.78740160,0.00000000
2.49895898,0.00000000,0.00000000
2.49936698,0.00000000,0.00000000
2.49977498,0.39370080,0.00000000
2.50018298,0.39370080,0.00000000
2.50059098,0.00000000,-0.07874016
2.50099898,0.39370080,0.00000000
2.50140698,0.00000000,0.00000000
2.50181498,0.39370080,0.00000000
2.50222298,0.00000000,0.00000000
2.50263098,0.39370080,0.00000000
2.50303898,0.00000000,0.00000000
2.50344698,0.39370080,0.00000000
2.50385498,0.39370080,0.00000000
2.50426298,0.39370080,0.00000000
2.50467098,0.39370080,0.00000000
2.50507898,0.39370080,0.00000000
2.50548698,0.39370080,0.00000000
2.50589498,0.39370080,0.00000000
2.50630298,0.00000000,0.00000000
2.50671098,0.39370080,0.00000000
2.50711898,0.39370080,-0.07874016
2.50752698,0.39370080,0.00000000
2.50793498,0.39370080,0.00000000
2.50834298,0.00000000,-0.07874016
2.50875098,0.39370080,0.00000000
2.50915898,0.00000000,0.00000000
2.50956698,0.39370080,0.00000000
2.50997498,0.39370080,0.00000000
2.51038298,0.78740160,-0.07874016
2.51079098,0.00000000,0.00000000
2.51119898,0.39370080,0.00000000
2.51160698,0.00000000,0.00000000
2.51201498,0.39370080,0.00000000
2.51242298,0.39370080,0.00000000
2.51283098,0.78740160,-0.07874016
2.51323898,0.39370080,-0.07874016
2.51364698,0.39370080,-0.07874016
2.51405498,0.39370080,0.00000000
2.51446298,0.78740160,0.00000000
2.51487098,0.39370080,0.00000000
2.51527898,0.39370080,-0.07874016
2.51568698,0.39370080,0.00000000
2.51609498,0.39370080,0.00000000
2.51650298,0.39370080,-0.07874016
2.51691098,0.78740160,0.00000000
2.51731898,0.39370080,-0.07874016
2.51772698,0.78740160,0.00000000
2.51813498,0.78740160,0.00000000
2.51854298,0.78740160,0.00000000
2.51895098,0.78740160,0.00000000
2.51935898,0.78740160,0.00000000
2.51976698,0.39370080,0.00000000
2.52017498,0.39370080,0.00000000
2.52058298,0.39370080,0.00000000
2.52099098,0.78740160,0.00000000
2.52139898,0.78740160,0.00000000
2.52180698,0.39370080,0.00000000
2.52221498,0.39370080,0.00000000
2.52262298,0.39370080,0.00000000
2.52303098,0.39370080,0.00000000
2.52343898,0.78740160,0.00000000
2.52384698,0.39370080,0.00000000
2.52425498,0.78740160,-0.07874016
2.52466298,0.78740160,0.00000000
2.52507098,0.39370080,0.00000000
2.52547898,0.78740160,0.00000000
2.52588698,0.78740160,0.00000000
2.52629498,0.00000000,0.00000000
2.52670298,0.39370080,0.00000000
2.52711098,0.39370080,0.00000000
2.52751898,0.39370080,-0.07874016
2.52792698,0.39370080,-0.07874016
2.52833497,0.39370080,0.00000000
2.52874297,0.39370080,0.00000000
2.52915097,0.39370080,-0.07874016
2.52955897,0.39370080,0.00000000
2.52996697,0.39370080,-0.07874016
2.53037497,0.39370080,0.00000000
2.53078297,0.39370080,0.00000000
2.53119097,0.39370080,0.00000000
2.53159897,0.39370080,-0.07874016
2.53200697,0.00000000,0.00000000
2.53241497,0.39370080,0.00000000
2.53282297,0.39370080,0.00000000
2.53323097,0.39370080,0.00000000
2.53363897,0.39370080,0.00000000
2.53404697,0.00000000,0.00000000
2.53445497,0.39370080,-0.07874016
2.53486297,0.39370080,-0.07874016
2.53527097,0.39370080,-0.07874016
2.53567897,0.39370080,0.00000000
2.53608697,0.00000000,-0.07874016
2.53649497,0.39370080,0.00000000
2.53690297,0.78740160,0.00000000
2.53731097,0.39370080,-0.07874016
2.53771897,0.39370080,-0.07874016
2.53812697,0.39370080,-0.07874016
2.53853497,0.00000000,0.00000000
2.53894297,0.78740160,-0.07874016
2.53935097,0.39370080,0.00000000
2.53975897,0.39370080,0.00000000
2.54016697,0.39370080,0.00000000
2.54057497,0.39370080,0.00000000
2.54098297,0.39370080,0.00000000
2.54139097,0.78740160,0.00000000
2.54179897,0.39370080,0.00000000
2.54220697,0.39370080,-0.07874016
2.54261497,0.39370080,0.00000000
2.54302297,0.39370080,0.00000000
2.54343097,0.39370080,0.00000000
2.54383897,0.39370080,0.00000000
2.54424697,0.39370080,0.00000000
2.54465497,0.39370080,0.00000000
2.54506297,0.78740160,-0.07874016
2.54547097,0.78740160,0.00000000
2.54587897,0.78740160,0.00000000
2.54628697,0.39370080,0.00000000
2.54669497,0.39370080,0.00000000
2.54710297,0.78740160,-0.07874016
2.54751097,0.39370080,-0.07874016
2.54791897,0.39370080,-0.07874016
2.54832697,0.39370080,0.00000000
2.54873497,0.39370080,0.00000000
2.54914297,0.39370080,0.00000000
2.54955097,0.39370080,-0.07874016
2.54995897,0.00000000,0.00000000
2.55036697,0.39370080,0.00000000
2.55077497,0.00000000,-0.07874016
2.55118297,0.78740160,0.00000000
2.55159097,0.39370080,-0.07874016
2.55199897,0.39370080,0.00000000
2.55240697,0.39370080,0.00000000
2.55281497,0.00000000,0.00000000
2.55322297,0.00000000,0.00000000
2.55363097,0.39370080,-0.07874016
2.55403897,0.39370080,0.00000000
2.55444697,0.39370080,0.00000000
2.55485497,0.39370080,0.00000000
2.55526297,0.39370080,0.00000000
2.55567097,0.39370080,0.00000000
2.55607897,0.39370080,0.00000000
2.55648697,0.00000000,0.00000000
2.55689497,0.39370080,0.00000000
2.55730297,0.39370080,0.00000000
2.55771097,0.78740160,0.00000000
2.55811897,0.39370080,-0.07874016
2.55852697,0.39370080,-0.07874016
2.55893497,0.39370080,0.00000000
2.55934297,0.39370080,-0.07874016
2.55975097,0.00000000,0.00000000
2.56015897,0.39370080,0.00000000
2.56056697,0.39370080,0.00000000
2.56097497,0.00000000,-0.07874016
2.56138297,0.39370080,0.00000000
2.56179097,0.39370080,0.00000000
2.56219897,0.39370080,0.00000000
2.56260697,0.78740160,0.00000000
2.56301497,0.39370080,0.00000000
2.56342297,0.39370080,0.00000000
2.56383097,0.39370080,-0.07874016
2.56423897,0.39370080,-0.07874016
2.56464697,0.78740160,0.00000000
2.56505497,0.78740160,-0.07874016
2.56546297,0.39370080,0.00000000
2.56587097,0.78740160,-0.07874016
2.56627897,0.39370080,-0.07874016
2.56668697,0.39370080,0.00000000
2.56709497,0.39370080,0.00000000
2.56750297,0.78740160,-0.07874016
2.56791097,0.78740160,0.00000000
2.56831897,0.39370080,0.00000000
2.56872697,0.39370080,-0.07874016
2.56913497,0.39370080,0.00000000
2.56954297,0.39370080,0.00000000
2.56995097,0.39370080,-0.07874016
2.57035897,0.00000000,0.00000000
2.57076697,0.78740160,0.00000000
2.57117497,0.39370080,0.00000000
2.57158297,0.78740160,-0.07874016
2.57199097,0.39370080,0.00000000
2.57239897,0.39370080,0.00000000
2.57280697,0.39370080,0.00000000
2.57321497,0.39370080,0.00000000
2.57362297,0.39370080,0.00000000
2.57403097,0.39370080,-0.07874016
2.57443897,0.39370080,-0.07874016
2.57484697,0.39370080,0.00000000
2.57525497,0.39370080,0.00000000
2.57566297,0.39370080,0.00000000
2.57607097,0.39370080,0.00000000
2.57647897,0.39370080,0.00000000
2.57688697,0.39370080,0.00000000
2.57729497,0.39370080,-0.07874016
2.57770297,0.00000000,0.00000000
2.57811097,0.39370080,-0.07874016
2.57851897,0.78740160,0.00000000
2.57892697,0.00000000,0.00000000
2.57933497,0.00000000,0.00000000
2.57974297,0.39370080,-0.07874016
2.58015097,0.39370080,0.00000000
2.58055897,0.39370080,0.00000000
2.58096697,0.00000000,0.00000000
2.58137497,0.39370080,-0.07874016
2.58178297,0.00000000,0.00000000
2.58219097,0.00000000,0.00000000
2.58259897,0.00000000,0.00000000
2.58300697,0.39370080,0.00000000
2.58341497,0.00000000,0.00000000
2.58382297,0.39370080,0.00000000
2.58423097,0.39370080,0.00000000
2.58463897,0.39370080,0.00000000
2.58504697,0.00000000,0.00000000
2.58545497,0.39370080,0.00000000
2.58586297,0.39370080,0.00000000
2.58627097,0.78740160,0.00000000
2.58667897,0.78740160,0.00000000
2.58708697,0.39370080,-0.07874016
2.58749497,0.39370080,-0.07874016
2.58790297,0.39370080,0.00000000
2.58831097,0.39370080,0.00000000
2.58871897,0.00000000,0.00000000
2.58912697,0.39370080,0.00000000
2.58953497,0.39370080,0.00000000
2.58994297,0.39370080,0.00000000
2.59035097,0.39370080,0.00000000
2.59075897,0.39370080,-0.07874016
2.59116697,0.00000000,0.00000000
2.59157497,0.39370080,0.00000000
2.59198297,0.39370080,0.00000000
2.59239097,0.39370080,0.00000000
2.59279897,0.00000000,0.00000000
2.59320697,0.39370080,0.00000000
2.59361497,0.39370080,-0.07874016
2.59402297,0.39370080,-0.07874016
2.59443097,0.39370080,-0.07874016
2.59483897,0.78740160,0.00000000
2.59524697,0.78740160,0.00000000
2.59565497,0.78740160,0.00000000
2.59606297,0.39370080,0.00000000
2.59647097,0.78740160,0.00000000
2.59687897,0.39370080,0.00000000
2.59728697,0.78740160,0.00000000
2.59769497,0.39370080,-0.07874016
2.59810297,0.39370080,0.00000000
2.59851097,0.78740160,-0.07874016
2.59891897,0.39370080,0.00000000
2.59932697,0.78740160,0.00000000
2.59973497,0.39370080,0.00000000
2.60014297,0.39370080,0.00000000
2.60055097,0.39370080,0.00000000
2.60095897,0.39370080,0.00000000
2.60136697,0.39370080,0.00000000
2.60177497,0.39370080,0.00000000
2.60218297,0.39370080,-0.07874016
2.60259097,0.39370080,0.00000000
2.60299897,0.39370080,-0.07874016
2.60340697,0.39370080,-0.07874016
2.60381497,0.39370080,0.00000000
2.60422297,0.00000000,0.00000000
2.60463097,0.00000000,0.00000000
2.60503897,0.39370080,-0.07874016
2.60544697,0.00000000,0.00000000
2.60585497,0.39370080,0.00000000
2.60626297,0.00000000,0.00000000
2.60667097,0.39370080,0.00000000
2.60707897,0.00000000,0.00000000
2.60748697,0.00000000,0.00000000
2.60789497,0.00000000,0.00000000
2.60830297,0.39370080,0.00000000
2.60871097,0.39370080,0.00000000
2.60911897,0.39370080,0.00000000
2.60952697,0.39370080,0.00000000
2.60993497,0.39370080,0.00000000
2.61034297,0.39370080,0.00000000
2.61075097,0.39370080,0.00000000
2.61115897,0.39370080,0.00000000
2.61156697,0.39370080,0.00000000
2.61197497,0.39370080,0.00000000
2.61238297,0.39370080,0.00000000
2.61279097,0.00000000,0.00000000
2.61319897,0.39370080,0.00000000
2.61360697,0.39370080,-0.07874016
2.61401497,0.39370080,0.00000000
2.61442297,0.39370080,0.00000000
2.61483097,0.39370080,0.00000000
2.61523897,0.39370080,0.00000000
2.61564697,0.78740160,-0.07874016
2.61605497,0.39370080,0.00000000
2.61646297,0.39370080,-0.07874016
2.61687097,0.39370080,0.00000000
2.61727897,0.39370080,-0.07874016
2.61768697,0.39370080,0.00000000
2.61809497,0.39370080,0.00000000
2.61850297,0.39370080,0.00000000
2.61891097,0.39370080,-0.07874016
2.61931897,0.39370080,0.00000000
2.61972697,0.39370080,0.00000000
2.62013497,0.39370080,0.00000000
2.62054297,0.39370080,0.00000000
2.62095097,0.39370080,0.00000000
2.62135897,0.39370080,0.00000000
2.62176697,0.39370080,0.00000000
2.62217497,0.78740160,0.00000000
2.62258297,0.39370080,0.00000000
2.62299097,0.39370080,0.00000000
2.62339897,0.39370080,0.00000000
2.62380697,0.39370080,0.00000000
2.62421497,0.00000000,0.00000000
2.62462297,0.39370080,0.00000000
2.62503097,0.39370080,0.00000000
2.62543897,0.39370080,0.00000000
2.62584697,0.39370080,0.00000000
2.62625497,0.39370080,0.00000000
2.62666297,0.39370080,-0.07874016
2.62707097,0.78740160,-0.07874016
2.62747897,0.39370080,0.00000000
2.62788697,0.39370080,0.00000000
2.62829497,0.39370080,0.00000000
2.62870297,0.00000000,0.00000000
2.62911097,0.00000000,0.00000000
2.62951897,0.39370080,0.00000000
2.62992697,0.39370080,0.00000000
2.63033497,0.00000000,0.00000000
2.63074297,0.39370080,0.00000000
2.63115097,0.39370080,0.00000000
2.63155897,0.39370080,0.00000000
2.63196697,0.00000000,0.00000000
2.63237497,0.00000000,0.00000000
2.63278297,0.78740160,0.00000000
2.63319097,0.39370080,-0.07874016
2.63359897,0.39370080,-0.07874016
2.63400697,0.39370080,0.00000000
2.63441497,0.00000000,0.00000000
2.63482297,0.39370080,0.00000000
2.63523097,0.39370080,-0.07874016
2.63563897,0.00000000,0.00000000
2.63604697,0.00000000,0.00000000
2.63645497,0.39370080,-0.07874016
2.63686297,0.78740160,0.00000000
2.63727097,0.39370080,0.00000000
2.63767897,0.00000000,0.00000000
2.63808697,0.00000000,0.00000000
2.63849497,0.39370080,0.00000000
2.63890297,0.39370080,0.00000000
2.63931097,0.78740160,0.00000000
2.63971897,0.39370080,0.00000000
2.64012697,0.39370080,0.00000000
2.64053497,0.78740160,0.00000000
2.64094297,0.39370080,-0.07874016
2.64135097,0.78740160,0.00000000
2.64175897,0.39370080,0.00000000
2.64216697,0.39370080,0.00000000
2.64257497,0.39370080,0.00000000
2.64298297,0.78740160,0.00000000
2.64339097,0.39370080,-0.07874016
2.64379897,0.78740160,0.00000000
2.64420697,0.78740160,-0.07874016
2.64461497,0.39370080,0.00000000
2.64502297,0.39370080,0.00000000
2.64543097,0.39370080,0.00000000
2.64583897,0.78740160,-0.07874016
2.64624697,0.39370080,-0.07874016
2.64665497,0.39370080,0.00000000
2.64706297,0.39370080,0.00000000
2.64747097,0.39370080,0.00000000
2.64787897,0.39370080,0.00000000
2.64828697,0.78740160,0.00000000
2.64869497,0.00000000,0.00000000
2.64910297,0.39370080,0.00000000
2.64951097,0.39370080,0.00000000
2.64991897,0.39370080,-0.07874016
2.65032697,0.00000000,0.00000000
2.65073497,0.39370080,0.00000000
2.65114297,0.00000000,0.00000000
2.65155097,0.39370080,-0.07874016
2.65195897,0.39370080,0.00000000
2.65236697,0.78740160,-0.07874016
2.65277497,0.39370080,0.00000000
2.65318297,0.39370080,0.00000000
2.65359097,0.00000000,0.00000000
2.65399897,0.00000000,0.00000000
2.65440697,0.39370080,-0.07874016
2.65481497,0.39370080,-0.07874016
2.65522297,0.00000000,0.00000000
2.65563097,0.39370080,0.00000000
2.65603897,0.39370080,-0.07874016
2.65644697,0.39370080,-0.07874016
2.65685497,0.00000000,-0.07874016
2.65726297,0.00000000,0.00000000
2.65767097,0.00000000,0.00000000
2.65807897,0.00000000,0.00000000
2.65848697,0.39370080,0.00000000
2.65889497,0.39370080,-0.07874016
2.65930297,0.78740160,0.00000000
2.65971097,0.39370080,0.00000000
2.66011897,0.00000000,0.00000000
2.66052697,0.39370080,0.00000000
2.66093497,0.39370080,-0.07874016
2.66134297,0.00000000,0.00000000
2.66175097,0.39370080,0.00000000
2.66215897,0.78740160,-0.07874016
2.66256697,0.39370080,0.00000000
2.66297497,0.39370080,0.00000000
2.66338297,0.39370080,0.00000000
2.66379097,0.39370080,0.00000000
2.66419897,0.78740160,0.00000000
2.66460697,0.39370080,0.00000000
2.66501497,0.39370080,0.00000000
2.66542297,0.39370080,-0.07874016
2.66583097,0.78740160,0.00000000
2.66623897,0.39370080,0.00000000
2.66664697,0.39370080,0.00000000
2.66705497,0.39370080,-0.07874016
2.66746297,0.78740160,0.00000000
2.66787097,0.78740160,0.00000000
2.66827897,0.39370080,0.00000000
2.66868697,0.78740160,-0.07874016
2.66909497,0.39370080,0.00000000
2.66950297,0.39370080,0.00000000
2.66991097,0.78740160,0.00000000
2.67031897,0.78740160,0.00000000
2.67072697,0.78740160,0.00000000
2.67113497,1.18110200,0.00000000
2.67154297,0.39370080,0.00000000
2.67195097,0.78740160,0.00000000
2.67235897,0.39370080,-0.07874016
2.67276697,0.39370080,0.00000000
2.67317497,0.78740160,0.00000000
2.67358297,0.39370080,0.00000000
2.67399097,0.39370080,0.00000000
2.67439897,0.39370080,0.00000000
2.67480697,0.39370080,0.00000000
2.67521497,0.78740160,0.00000000
2.67562297,0.39370080,0.00000000
2.67603097,0.39370080,0.00000000
2.67643897,0.78740160,0.00000000
2.67684697,0.78740160,0.00000000
2.67725497,0.00000000,0.00000000
2.67766297,0.39370080,0.00000000
2.67807097,0.39370080,0.00000000
2.67847897,0.39370080,-0.07874016
2.67888697,0.39370080,0.00000000
2.67929497,0.39370080,-0.07874016
2.67970297,0.00000000,0.00000000
2.68011097,0.39370080,0.00000000
2.68051897,0.39370080,0.00000000
2.68092697,0.39370080,0.00000000
2.68133497,0.39370080,0.00000000
2.68174297,0.39370080,0.00000000
2.68215097,0.00000000,0.00000000
2.68255897,0.39370080,0.00000000
2.68296697,0.00000000,0.00000000
2.68337497,0.39370080,0.00000000
2.68378297,0.00000000,0.00000000
2.68419097,0.00000000,0.00000000
2.68459897,0.00000000,0.00000000
2.68500697,0.00000000,0.00000000
2.68541497,0.39370080,0.00000000
2.68582297,0.39370080,0.00000000
2.68623097,0.39370080,0.00000000
2.68663897,0.39370080,0.00000000
2.68704697,0.39370080,0.00000000
2.68745497,0.39370080,0.00000000
2.68786297,0.39370080,0.00000000
2.68827097,0.78740160,0.00000000
2.68867897,0.39370080,0.00000000
2.68908697,0.78740160,0.00000000
2.68949497,0.39370080,0.00000000
2.68990297,0.78740160,0.00000000
2.69031097,0.39370080,0.00000000
2.69071897,0.39370080,0.00000000
2.69112697,0.39370080,0.00000000
2.69153497,0.39370080,-0.07874016
2.69194297,0.78740160,0.00000000
2.69235097,0.78740160,0.00000000
2.69275897,0.78740160,0.00000000
2.69316697,0.39370080,0.00000000
2.69357497,0.39370080,0.00000000
2.69398297,0.39370080,0.00000000
2.69439097,0.39370080,0.00000000
2.69479897,0.39370080,0.00000000
2.69520697,0.39370080,0.00000000
2.69561497,0.39370080,0.00000000
2.69602297,0.78740160,0.00000000
2.69643097,0.78740160,0.00000000
2.69683897,0.39370080,0.00000000
2.69724697,0.39370080,-0.07874016
2.69765497,0.78740160,0.00000000
2.69806297,0.39370080,-0.07874016
2.69847097,0.39370080,0.00000000
2.69887897,0.78740160,0.00000000
2.69928697,0.00000000,0.00000000
2.69969497,0.39370080,0.00000000
2.70010297,0.39370080,0.00000000
2.70051097,0.39370080,0.00000000
2.70091897,0.39370080,0.00000000
2.70132697,0.39370080,0.00000000
2.70173497,0.39370080,0.00000000
2.70214297,0.39370080,0.00000000
2.70255097,0.00000000,0.00000000
2.70295897,0.00000000,0.00000000
2.70336697,0.39370080,0.00000000
2.70377497,0.39370080,0.00000000
2.70418297,0.39370080,0.00000000
2.70459097,0.39370080,-0.07874016
2.70499896,0.00000000,-0.07874016
2.70540696,0.00000000,-0.07874016
2.70581496,0.39370080,0.00000000
2.70622296,0.00000000,0.00000000
2.70663096,0.00000000,0.00000000
2.70703896,0.39370080,-0.07874016
2.70744696,0.00000000,0.00000000
2.70785496,0.00000000,0.00000000
2.70826296,0.39370080,0.00000000
2.70867096,0.00000000,-0.07874016
2.70907896,0.00000000,0.00000000
2.70948696,0.39370080,0.00000000
2.70989496,0.39370080,0.00000000
2.71030296,0.39370080,0.00000000
2.71071096,0.39370080,-0.07874016
2.71111896,0.39370080,-0.07874016
2.71152696,0.00000000,0.00000000
2.71193496,0.39370080,0.00000000
2.71234296,0.39370080,0.00000000
2.71275096,0.00000000,0.00000000
2.71315896,0.39370080,-0.07874016
2.71356696,0.00000000,-0.07874016
2.71397496,0.00000000,0.00000000
2.71438296,0.78740160,0.00000000
2.71479096,0.39370080,0.00000000
2.71519896,0.78740160,0.00000000
2.71560696,0.39370080,0.00000000
2.71601496,0.39370080,0.00000000
2.71642296,0.78740160,0.00000000
2.71683096,0.39370080,0.00000000
2.71723896,0.39370080,-0.07874016
2.71764696,0.78740160,0.00000000
2.71805496,0.78740160,0.00000000
2.71846296,0.39370080,-0.07874016
2.71887096,0.78740160,0.00000000
2.71927896,0.39370080,0.00000000
2.71968696,0.39370080,-0.07874016
2.72009496,0.78740160,0.00000000
2.72050296,0.39370080,0.00000000
2.72091096,0.78740160,0.00000000
2.72131896,0.39370080,-0.07874016
2.72172696,0.78740160,-0.07874016
2.72213496,0.78740160,0.00000000
2.72254296,0.78740160,-0.07874016
2.72295096,0.78740160,0.00000000
2.72335896,0.39370080,0.00000000
2.72376696,0.39370080,0.00000000
2.72417496,0.78740160,-0.07874016
2.72458296,0.78740160,0.00000000
2.72499096,0.39370080,0.00000000
2.72539896,0.39370080,0.00000000
2.72580696,0.78740160,0.00000000
2.72621496,0.00000000,0.00000000
2.72662296,0.39370080,-0.07874016
2.72703096,0.39370080,0.00000000
2.72743896,0.39370080,0.00000000
2.72784696,0.39370080,0.00000000
2.72825496,0.39370080,0.00000000
2.72866296,0.39370080,-0.07874016
2.72907096,0.39370080,-0.07874016
2.72947896,0.39370080,0.00000000
2.72988696,0.39370080,0.00000000
2.73029496,0.00000000,0.00000000
2.73070296,0.00000000,0.00000000
2.73111096,0.39370080,0.00000000
2.73151896,0.00000000,0.00000000
2.73192696,0.00000000,0.00000000
2.73233496,0.39370080,-0.07874016
2.73274296,0.00000000,0.00000000
2.73315096,0.39370080,0.00000000
2.73355896,0.39370080,0.00000000
2.73396696,0.39370080,-0.07874016
2.73437496,0.39370080,0.00000000
2.73478296,0.39370080,-0.07874016
2.73519096,0.00000000,0.00000000
2.73559896,0.39370080,-0.07874016
2.73600696,0.39370080,0.00000000
2.73641496,0.39370080,0.00000000
2.73682296,0.39370080,0.00000000
2.73723096,0.00000000,0.00000000
2.73763896,0.39370080,0.00000000
2.73804696,0.39370080,-0.07874016
2.73845496,0.00000000,0.00000000
2.73886296,0.78740160,0.00000000
2.73927096,0.39370080,0.00000000
2.73967896,0.00000000,-0.07874016
2.74008696,0.78740160,0.00000000
2.74049496,0.00000000,-0.07874016
2.74090296,0.78740160,0.00000000
2.74131096,0.78740160,0.00000000
2.74171896,0.39370080,0.00000000
2.74212696,0.78740160,0.00000000
2.74253496,0.78740160,0.00000000
2.74294296,0.39370080,-0.07874016
2.74335096,0.39370080,0.00000000
2.74375896,0.78740160,-0.07874016
2.74416696,0.39370080,0.00000000
2.74457496,0.78740160,-0.07874016
2.74498296,0.39370080,0.00000000
2.74539096,0.39370080,-0.07874016
2.74579896,0.39370080,0.00000000
2.74620696,0.39370080,-0.07874016
2.74661496,0.39370080,0.00000000
2.74702296,0.78740160,-0.07874016
2.74743096,0.39370080,0.00000000
2.74783896,0.78740160,0.00000000
2.74824696,0.39370080,-0.07874016
2.74865496,0.39370080,0.00000000
2.74906296,0.78740160,0.00000000
2.74947096,0.39370080,0.00000000
2.74987896,0.39370080,0.00000000
2.75028696,0.78740160,-0.07874016
2.75069496,0.00000000,0.00000000
2.75110296,0.39370080,0.00000000
2.75151096,0.39370080,0.00000000
2.75191896,0.39370080,0.00000000
2.75232696,0.39370080,0.00000000
2.75273496,0.00000000,0.00000000
2.75314296,0.39370080,0.00000000
2.75355096,0.00000000,0.00000000
2.75395896,0.39370080,0.00000000
2.75436696,0.00000000,0.00000000
2.75477496,0.39370080,0.00000000
2.75518296,0.00000000,-0.07874016
2.75559096,0.00000000,0.00000000
2.75599896,0.00000000,-0.07874016
2.75640696,0.00000000,0.00000000
2.75681496,0.39370080,-0.07874016
2.75722296,0.00000000,0.00000000
2.75763096,0.39370080,0.00000000
2.75803896,0.00000000,0.00000000
2.75844696,0.39370080,0.00000000
2.75885496,0.39370080,-0.07874016
2.75926296,0.78740160,0.00000000
2.75967096,0.39370080,0.00000000
2.76007896,0.00000000,0.00000000
2.76048696,0.00000000,0.00000000
2.76089496,0.39370080,0.00000000
2.76130296,0.39370080,-0.07874016
2.76171096,0.39370080,0.00000000
2.76211896,0.39370080,0.00000000
2.76252696,0.78740160,-0.07874016
2.76293496,0.39370080,0.00000000
2.76334296,0.39370080,0.00000000
2.76375096,0.39370080,0.00000000
2.76415896,0.39370080,-0.07874016
2.76456696,0.78740160,0.00000000
2.76497496,0.39370080,-0.07874016
2.76538296,0.39370080,0.00000000
2.76579096,0.39370080,0.00000000
2.76619896,0.39370080,0.00000000
2.76660696,0.39370080,0.00000000
2.76701496,0.78740160,0.00000000
2.76742296,0.39370080,0.00000000
2.76783096,0.39370080,0.00000000
2.76823896,0.78740160,-0.07874016
2.76864696,0.39370080,0.00000000
2.76905496,0.78740160,-0.07874016
2.76946296,0.78740160,0.00000000
2.76987096,0.78740160,-0.07874016
2.77027896,0.78740160,0.00000000
2.77068696,0.39370080,0.00000000
2.77109496,0.78740160,0.00000000
2.77150296,0.39370080,0.00000000
2.77191096,0.39370080,-0.07874016
2.77231896,0.78740160,0.00000000
2.77272696,0.39370080,0.00000000
2.77313496,0.39370080,-0.07874016
2.77354296,0.39370080,0.00000000
2.77395096,0.39370080,-0.07874016
2.77435896,0.78740160,0.00000000
2.77476696,0.39370080,0.00000000
2.77517496,0.39370080,-0.07874016
2.77558296,0.78740160,-0.07874016
2.77599096,0.39370080,-0.07874016
2.77639896,0.39370080,0.00000000
2.77680696,0.39370080,0.00000000
2.77721496,0.39370080,0.00000000
2.77762296,0.39370080,0.00000000
2.77803096,0.39370080,0.00000000
2.77843896,0.39370080,0.00000000
2.77884696,0.39370080,0.00000000
2.77925496,0.00000000,0.00000000
2.77966296,0.39370080,-0.07874016
2.78007096,0.39370080,0.00000000
2.78047896,0.39370080,0.00000000
2.78088696,0.39370080,0.00000000
2.78129496,0.00000000,0.00000000
2.78170296,0.39370080,0.00000000
2.78211096,0.39370080,-0.07874016
2.78251896,0.00000000,0.00000000
2.78292696,0.39370080,-0.07874016
2.78333496,0.00000000,0.00000000
2.78374296,0.39370080,-0.07874016
2.78415096,0.00000000,0.00000000
2.78455896,0.39370080,0.00000000
2.78496696,0.00000000,0.00000000
2.78537496,0.39370080,-0.07874016
2.78578296,0.39370080,0.00000000
2.78619096,0.00000000,-0.07874016
2.78659896,0.00000000,0.00000000
2.78700696,0.39370080,0.00000000
2.78741496,0.39370080,0.00000000
2.78782296,0.39370080,0.00000000
2.78823096,0.39370080,0.00000000
2.78863896,0.78740160,0.00000000
2.78904696,0.00000000,0.00000000
2.78945496,0.39370080,0.00000000
2.78986296,0.39370080,0.00000000
2.79027096,0.39370080,-0.07874016
2.79067896,0.39370080,0.00000000
2.79108696,0.78740160,0.00000000
2.79149496,0.39370080,-0.07874016
2.79190296,0.39370080,0.00000000
2.79231096,0.39370080,0.00000000
2.79271896,0.39370080,0.00000000
2.79312696,0.78740160,-0.07874016
2.79353496,0.39370080,-0.07874016
2.79394296,0.39370080,0.00000000
2.79435096,0.78740160,0.00000000
2.79475896,0.78740160,-0.07874016
2.79516696,0.39370080,0.00000000
2.79557496,0.78740160,0.00000000
2.79598296,0.78740160,-0.07874016
2.79639096,0.39370080,0.00000000
2.79679896,0.78740160,0.00000000
2.79720696,0.39370080,0.00000000
2.79761496,0.39370080,-0.07874016
2.79802296,0.78740160,0.00000000
2.79843096,0.78740160,0.00000000
2.79883896,0.78740160,0.00000000
2.79924696,0.39370080,0.00000000
2.79965496,0.39370080,0.00000000
2.80006296,0.39370080,0.00000000
2.80047096,0.39370080,0.00000000
2.80087896,0.39370080,0.00000000
2.80128696,0.39370080,0.00000000
2.80169496,0.00000000,0.00000000
2.80210296,0.39370080,0.00000000
2.80251096,0.39370080,0.00000000
2.80291896,0.39370080,0.00000000
2.80332696,0.39370080,0.00000000
2.80373496,0.39370080,0.00000000
2.80414296,0.39370080,-0.07874016
2.80455096,0.39370080,0.00000000
2.80495896,0.39370080,0.00000000
2.80536696,0.39370080,0.00000000
2.80577496,0.78740160,0.00000000
2.80618296,0.39370080,0.00000000
2.80659096,0.78740160,0.00000000
2.80699896,0.39370080,0.00000000
2.80740696,0.39370080,-0.07874016
2.80781496,0.39370080,0.00000000
2.80822296,0.39370080,0.00000000
2.80863096,0.39370080,0.00000000
2.80903896,0.39370080,0.00000000
2.80944696,0.00000000,0.00000000
2.80985496,0.39370080,0.00000000
2.81026296,0.00000000,0.00000000
2.81067096,0.00000000,0.00000000
2.81107896,0.39370080,0.00000000
2.81148696,0.00000000,0.00000000
2.81189496,0.00000000,0.00000000
2.81230296,0.39370080,0.00000000
2.81271096,0.39370080,0.00000000
2.81311896,0.00000000,0.00000000
2.81352696,0.39370080,0.00000000
2.81393496,0.78740160,0.00000000
2.81434296,0.39370080,0.00000000
2.81475096,0.39370080,0.00000000
2.81515896,0.39370080,-0.07874016
2.81556696,0.39370080,0.00000000
2.81597496,0.00000000,-0.07874016
2.81638296,0.39370080,-0.07874016
2.81679096,0.78740160,0.00000000
2.81719896,0.78740160,-0.07874016
2.81760696,0.39370080,-0.07874016
2.81801496,0.78740160,0.00000000
2.81842296,0.39370080,0.00000000
2.81883096,0.39370080,0.00000000
2.81923896,0.78740160,0.00000000
2.81964696,0.39370080,-0.07874016
2.82005496,0.78740160,0.00000000
2.82046296,0.39370080,-0.07874016
2.82087096,0.39370080,0.00000000
2.82127896,0.39370080,0.00000000
2.82168696,0.39370080,0.00000000
2.82209496,0.39370080,0.00000000
2.82250296,0.39370080,0.00000000
2.82291096,0.39370080,-0.07874016
2.82331896,0.78740160,0.00000000
2.82372696,0.39370080,0.00000000
2.82413496,0.39370080,0.00000000
2.82454296,0.39370080,-0.07874016
2.82495096,0.39370080,0.00000000
2.82535896,0.39370080,0.00000000
2.82576696,0.39370080,0.00000000
2.82617496,0.39370080,0.00000000
2.82658296,0.00000000,0.00000000
2.82699096,0.00000000,0.00000000
2.82739896,0.39370080,0.00000000
2.82780696,0.39370080,-0.07874016
2.82821496,0.00000000,-0.07874016
2.82862296,0.00000000,0.00000000
2.82903096,0.39370080,0.00000000
2.82943896,0.78740160,0.00000000
2.82984696,0.00000000,0.00000000
2.83025496,0.00000000,0.00000000
2.83066296,0.39370080,0.00000000
2.83107096,0.00000000,0.00000000
2.83147896,0.00000000,0.00000000
2.83188696,0.39370080,0.00000000
2.83229496,0.00000000,0.00000000
2.83270296,0.39370080,0.00000000
2.83311096,0.00000000,0.00000000
2.83351896,0.00000000,-0.07874016
2.83392696,0.00000000,0.00000000
2.83433496,0.00000000,0.00000000
2.83474296,0.00000000,0.00000000
2.83515096,0.39370080,0.00000000
2.83555896,0.00000000,0.00000000
2.83596696,0.39370080,0.00000000
2.83637496,0.00000000,0.00000000
2.83678296,0.39370080,0.00000000
2.83719096,0.00000000,0.00000000
2.83759896,0.39370080,0.00000000
2.83800696,0.39370080,0.00000000
2.83841496,0.78740160,0.00000000
2.83882296,0.39370080,-0.07874016
2.83923096,0.39370080,0.00000000
2.83963896,0.39370080,0.00000000
2.84004696,0.78740160,0.00000000
2.84045496,0.78740160,0.00000000
2.84086296,0.39370080,0.00000000
2.84127096,0.78740160,0.00000000
2.84167896,0.78740160,-0.07874016
2.84208696,0.78740160,0.00000000
2.84249496,0.39370080,0.00000000
2.84290296,0.39370080,0.00000000
2.84331096,0.78740160,-0.07874016
2.84371896,0.78740160,0.00000000
2.84412696,0.78740160,0.00000000
2.84453496,0.78740160,0.00000000
2.84494296,0.78740160,0.00000000
2.84535096,0.39370080,0.00000000
2.84575896,0.78740160,0.00000000
2.84616696,0.78740160,0.00000000
2.84657496,0.78740160,0.00000000
2.84698296,0.39370080,0.00000000
2.84739096,0.78740160,-0.07874016
2.84779896,0.78740160,0.00000000
2.84820696,0.39370080,0.00000000
2.84861496,0.39370080,0.00000000
2.84902296,0.78740160,-0.07874016
2.84943096,0.39370080,0.00000000
2.84983896,0.78740160,-0.07874016
2.85024696,0.78740160,0.00000000
2.85065496,0.39370080,0.00000000
2.85106296,0.39370080,-0.07874016
2.85147096,0.39370080,0.00000000
2.85187896,0.78740160,0.00000000
2.85228696,0.39370080,0.00000000
2.85269496,0.39370080,0.00000000
2.85310296,0.78740160,-0.07874016
2.85351096,0.00000000,0.00000000
2.85391896,0.39370080,0.00000000
2.85432696,0.00000000,0.00000000
2.85473496,0.39370080,0.00000000
2.85514296,0.78740160,0.00000000
2.85555096,0.00000000,-0.07874016
2.85595896,0.00000000,0.00000000
2.85636696,0.78740160,0.00000000
2.85677496,0.39370080,0.00000000
2.85718296,0.00000000,0.00000000
2.85759096,0.39370080,0.00000000
2.85799896,0.39370080,0.00000000
2.85840696,0.00000000,0.00000000
2.85881496,0.00000000,0.00000000
2.85922296,0.00000000,0.00000000
2.85963096,0.39370080,0.00000000
2.86003896,0.39370080,0.00000000
2.86044696,0.39370080,0.00000000
2.86085496,0.39370080,0.00000000
2.86126296,0.39370080,0.00000000
2.86167096,0.39370080,0.00000000
2.86207896,0.39370080,-0.07874016
2.86248696,0.00000000,0.00000000
2.86289496,0.78740160,-0.07874016
2.86330296,0.39370080,0.00000000
2.86371096,0.00000000,0.00000000
2.86411896,0.00000000,0.00000000
2.86452696,0.39370080,-0.07874016
2.86493496,0.39370080,0.00000000
2.86534296,0.39370080,0.00000000
2.86575096,0.39370080,0.00000000
2.86615896,0.39370080,0.00000000
2.86656696,0.39370080,0.00000000
2.86697496,0.78740160,0.00000000
2.86738296,0.39370080,0.00000000
2.86779096,0.39370080,0.00000000
2.86819896,0.39370080,0.00000000
2.86860696,0.78740160,0.00000000
2.86901496,0.78740160,0.00000000
2.86942296,0.39370080,0.00000000
2.86983096,0.78740160,0.00000000
2.87023896,0.39370080,0.00000000
2.87064696,0.39370080,0.00000000
2.87105496,0.78740160,-0.07874016
2.87146296,0.78740160,0.00000000
2.87187096,0.78740160,0.00000000
2.87227896,0.78740160,-0.07874016
2.87268696,0.78740160,0.00000000
2.87309496,0.39370080,0.00000000
2.87350296,0.39370080,0.00000000
2.87391096,0.39370080,0.00000000
2.87431896,0.39370080,0.00000000
2.87472696,0.39370080,0.00000000
2.87513496,0.39370080,0.00000000
2.87554296,0.39370080,0.00000000
2.87595096,0.39370080,0.00000000
2.87635896,0.00000000,0.00000000
2.87676696,0.78740160,-0.07874016
2.87717496,0.00000000,0.00000000
2.87758296,0.39370080,-0.07874016
2.87799096,0.39370080,-0.07874016
2.87839896,0.39370080,0.00000000
2.87880696,0.39370080,0.00000000
2.87921496,0.39370080,0.00000000
2.87962296,0.39370080,0.00000000
2.88003096,0.00000000,-0.07874016
2.88043896,0.39370080,0.00000000
2.88084696,0.39370080,-0.07874016
2.88125496,0.39370080,0.00000000
2.88166295,0.00000000,-0.07874016
2.88207095,0.00000000,0.00000000
2.88247895,0.39370080,0.00000000
2.88288695,0.39370080,0.00000000
2.88329495,0.39370080,0.00000000
2.88370295,0.00000000,0.00000000
2.88411095,0.00000000,0.00000000
2.88451895,0.00000000,0.00000000
2.88492695,0.00000000,0.00000000
2.88533495,0.00000000,-0.07874016
2.88574295,0.39370080,0.00000000
2.88615095,0.00000000,0.00000000
2.88655895,0.39370080,0.00000000
2.88696695,0.39370080,0.00000000
2.88737495,0.39370080,-0.07874016
2.88778295,0.39370080,0.00000000
2.88819095,0.39370080,0.00000000
2.88859895,0.39370080,0.00000000
2.88900695,0.78740160,-0.07874016
2.88941495,0.00000000,0.00000000
2.88982295,0.00000000,-0.07874016
2.89023095,0.39370080,0.00000000
2.89063895,0.39370080,0.00000000
2.89104695,0.39370080,0.00000000
2.89145495,0.78740160,0.00000000
2.89186295,0.78740160,0.00000000
2.89227095,0.39370080,0.00000000
2.89267895,0.39370080,0.00000000
2.89308695,0.78740160,0.00000000
2.89349495,0.78740160,0.00000000
2.89390295,0.39370080,0.00000000
2.89431095,0.39370080,0.00000000
2.89471895,0.78740160,0.00000000
2.89512695,0.39370080,0.00000000
2.89553495,0.78740160,0.00000000
2.89594295,0.39370080,-0.07874016
2.89635095,0.78740160,0.00000000
2.89675895,0.78740160,-0.07874016
2.89716695,0.39370080,0.00000000
2.89757495,0.39370080,0.00000000
2.89798295,0.78740160,0.00000000
2.89839095,0.39370080,0.00000000
2.89879895,0.39370080,-0.07874016
2.89920695,0.39370080,0.00000000
2.89961495,0.39370080,-0.07874016
2.90002295,0.39370080,0.00000000
2.90043095,0.39370080,0.00000000
2.90083895,0.39370080,0.00000000
2.90124695,0.00000000,-0.07874016
2.90165495,0.39370080,0.00000000
2.90206295,0.78740160,0.00000000
2.90247095,0.39370080,0.00000000
2.90287895,0.39370080,-0.07874016
2.90328695,0.39370080,0.00000000
2.90369495,0.00000000,0.00000000
2.90410295,0.00000000,0.00000000
2.90451095,0.39370080,0.00000000
2.90491895,0.39370080,0.00000000
2.90532695,0.39370080,0.00000000
2.90573495,0.00000000,0.00000000
2.90614295,0.00000000,-0.07874016
2.90655095,0.39370080,0.00000000
2.90695895,0.00000000,0.00000000
2.90736695,0.39370080,0.00000000
2.90777495,0.00000000,0.00000000
2.90818295,0.78740160,0.00000000
2.90859095,0.39370080,0.00000000
2.90899895,0.39370080,0.00000000
2.90940695,0.39370080,0.00000000
2.90981495,0.00000000,0.00000000
2.91022295,0.39370080,0.00000000
2.91063095,0.39370080,0.00000000
2.91103895,0.00000000,-0.07874016
2.91144695,0.39370080,0.00000000
2.91185495,0.39370080,0.00000000
2.91226295,0.39370080,0.00000000
2.91267095,0.39370080,0.00000000
2.91307895,0.39370080,0.00000000
2.91348695,0.39370080,-0.07874016
2.91389495,0.39370080,0.00000000
2.91430295,0.39370080,-0.07874016
2.91471095,0.00000000,0.00000000
2.91511895,0.39370080,0.00000000
2.91552695,0.39370080,-0.07874016
2.91593495,0.39370080,0.00000000
2.91634295,0.39370080,0.00000000
2.91675095,0.39370080,-0.07874016
2.91715895,0.39370080,0.00000000
2.91756695,0.78740160,0.00000000
2.91797495,0.39370080,0.00000000
2.91838295,0.78740160,0.00000000
2.91879095,0.78740160,0.00000000
2.91919895,0.39370080,0.00000000
2.91960695,0.78740160,-0.07874016
2.92001495,0.39370080,0.00000000
2.92042295,0.78740160,0.00000000
2.92083095,0.39370080,-0.07874016
2.92123895,0.39370080,0.00000000
2.92164695,0.78740160,-0.07874016
2.92205495,0.39370080,0.00000000
2.92246295,0.78740160,-0.07874016
2.92287095,0.39370080,0.00000000
2.92327895,0.39370080,0.00000000
2.92368695,0.78740160,0.00000000
2.92409495,0.39370080,-0.07874016
2.92450295,0.39370080,0.00000000
2.92491095,0.39370080,0.00000000
2.92531895,0.39370080,0.00000000
2.92572695,0.39370080,-0.07874016
2.92613495,0.39370080,0.00000000
2.92654295,0.39370080,-0.07874016
2.92695095,0.39370080,0.00000000
2.92735895,0.39370080,0.00000000
2.92776695,0.39370080,0.00000000
2.92817495,0.39370080,0.00000000
2.92858295,0.39370080,0.00000000
2.92899095,0.00000000,0.00000000
2.92939895,0.39370080,0.00000000
2.92980695,0.39370080,-0.07874016
2.93021495,0.39370080,0.00000000
2.93062295,0.39370080,0.00000000
2.93103095,0.39370080,0.00000000
2.93143895,0.00000000,0.00000000
2.93184695,0.39370080,0.00000000
2.93225495,0.00000000,0.00000000
2.93266295,0.39370080,-0.07874016
2.93307095,0.39370080,0.00000000
2.93347895,0.00000000,0.00000000
2.93388695,0.39370080,0.00000000
2.93429495,0.39370080,0.00000000
2.93470295,0.39370080,0.00000000
2.93511095,0.39370080,0.00000000
2.93551895,0.00000000,-0.07874016
2.93592695,0.39370080,0.00000000
2.93633495,0.39370080,0.00000000
2.93674295,0.00000000,0.00000000
2.93715095,0.39370080,0.00000000
2.93755895,0.39370080,0.00000000
2.93796695,0.39370080,0.00000000
2.93837495,0.39370080,0.00000000
2.93878295,0.39370080,0.00000000
2.93919095,0.39370080,0.00000000
2.93959895,0.39370080,-0.07874016
2.94000695,0.00000000,0.00000000
2.94041495,0.39370080,-0.07874016
2.94082295,0.39370080,0.00000000
2.94123095,0.39370080,0.00000000
2.94163895,0.78740160,0.00000000
2.94204695,0.39370080,0.00000000
2.94245495,0.39370080,0.00000000
2.94286295,1.18110200,0.00000000
2.94327095,0.39370080,0.00000000
2.94367895,0.78740160,0.00000000
2.94408695,0.78740160,-0.07874016
2.94449495,0.78740160,0.00000000
2.94490295,0.39370080,0.00000000
2.94531095,0.78740160,-0.07874016
2.94571895,0.39370080,0.00000000
2.94612695,0.78740160,-0.07874016
2.94653495,0.39370080,0.00000000
2.94694295,0.39370080,0.00000000
2.94735095,0.39370080,0.00000000
2.94775895,0.39370080,0.00000000
2.94816695,0.39370080,0.00000000
2.94857495,0.78740160,0.00000000
2.94898295,0.39370080,0.00000000
2.94939095,0.39370080,0.00000000
2.94979895,0.39370080,0.00000000
2.95020695,0.39370080,0.00000000
2.95061495,0.39370080,-0.07874016
2.95102295,0.39370080,0.00000000
2.95143095,0.78740160,0.00000000
2.95183895,0.78740160,0.00000000
2.95224695,0.39370080,-0.07874016
2.95265495,0.39370080,0.00000000
2.95306295,0.39370080,0.00000000
2.95347095,0.00000000,0.00000000
2.95387895,0.39370080,0.00000000
2.95428695,0.39370080,0.00000000
2.95469495,0.00000000,0.00000000
2.95510295,0.39370080,-0.07874016
2.95551095,0.39370080,0.00000000
2.95591895,0.39370080,0.00000000
2.95632695,0.39370080,0.00000000
2.95673495,0.00000000,0.00000000
2.95714295,0.39370080,0.00000000
2.95755095,0.39370080,0.00000000
2.95795895,0.39370080,0.00000000
2.95836695,0.39370080,-0.07874016
2.95877495,0.00000000,0.00000000
2.95918295,0.39370080,0.00000000
2.95959095,0.39370080,0.00000000
2.95999895,0.00000000,0.00000000
2.96040695,0.39370080,0.00000000
2.96081495,0.39370080,-0.07874016
2.96122295,0.39370080,0.00000000
2.96163095,0.39370080,-0.07874016
2.96203895,0.00000000,0.00000000
2.96244695,0.39370080,0.00000000
2.96285495,0.39370080,-0.07874016
2.96326295,0.39370080,0.00000000
2.96367095,0.39370080,0.00000000
2.96407895,0.39370080,0.00000000
2.96448695,0.00000000,0.00000000
2.96489495,0.39370080,-0.07874016
2.96530295,0.39370080,0.00000000
2.96571095,0.39370080,0.00000000
2.96611895,0.39370080,0.00000000
2.96652695,0.39370080,0.00000000
2.96693495,0.78740160,0.00000000
2.96734295,0.78740160,0.00000000
2.96775095,0.78740160,0.00000000
2.96815895,0.78740160,0.00000000
2.96856695,0.78740160,0.00000000
2.96897495,0.39370080,0.00000000
2.96938295,0.78740160,0.00000000
2.96979095,0.39370080,-0.07874016
2.97019895,0.39370080,0.00000000
2.97060695,1.18110200,0.00000000
2.97101495,0.39370080,0.00000000
2.97142295,0.78740160,0.00000000
2.97183095,0.78740160,0.00000000
2.97223895,0.39370080,0.00000000
2.97264695,0.39370080,0.00000000
2.97305495,0.78740160,-0.07874016
2.97346295,0.39370080,0.00000000
2.97387095,0.39370080,0.00000000
2.97427895,0.00000000,0.00000000
2.97468695,0.78740160,0.00000000
2.97509495,0.39370080,0.00000000
2.97550295,0.39370080,0.00000000
2.97591095,0.39370080,-0.07874016
2.97631895,0.39370080,-0.07874016
2.97672695,0.39370080,0.00000000
2.97713495,0.39370080,0.00000000
2.97754295,0.39370080,0.00000000
2.97795095,0.39370080,0.00000000
2.97835895,0.78740160,0.00000000
2.97876695,0.39370080,-0.07874016
2.97917495,0.39370080,0.00000000
2.97958295,0.39370080,-0.07874016
2.97999095,0.39370080,0.00000000
2.98039895,0.39370080,0.00000000
2.98080695,0.39370080,0.00000000
2.98121495,0.39370080,0.00000000
2.98162295,0.00000000,-0.07874016
2.98203095,0.78740160,0.00000000
2.98243895,0.39370080,0.00000000
2.98284695,0.39370080,0.00000000
2.98325495,0.39370080,0.00000000
2.98366295,0.39370080,0.00000000
2.98407095,0.00000000,0.00000000
2.98447895,0.39370080,0.00000000
2.98488695,0.00000000,0.00000000
2.98529495,0.39370080,-0.07874016
2.98570295,0.00000000,0.00000000
2.98611095,0.00000000,-0.07874016
2.98651895,0.39370080,0.00000000
2.98692695,0.39370080,0.00000000
2.98733495,0.39370080,0.00000000
2.98774295,0.00000000,0.00000000
2.98815095,0.39370080,0.00000000
2.98855895,0.39370080,-0.07874016
2.98896695,0.39370080,0.00000000
2.98937495,0.39370080,0.00000000
2.98978295,0.39370080,0.00000000
2.99019095,0.39370080,0.00000000
2.99059895,0.39370080,0.00000000
2.99100695,0.78740160,0.00000000
2.99141495,0.39370080,-0.07874016
2.99182295,0.39370080,-0.07874016
2.99223095,0.39370080,0.00000000
2.99263895,0.39370080,0.00000000
2.99304695,0.39370080,0.00000000
2.99345495,0.39370080,0.00000000
2.99386295,0.39370080,0.00000000
2.99427095,0.39370080,0.00000000
2.99467895,0.39370080,0.00000000
2.99508695,0.78740160,-0.07874016
2.99549495,0.39370080,0.00000000
2.99590295,0.78740160,0.00000000
2.99631095,0.78740160,-0.07874016
2.99671895,0.78740160,0.00000000
2.99712695,0.39370080,0.00000000
2.99753495,0.39370080,-0.07874016
2.99794295,0.39370080,0.00000000
2.99835095,0.78740160,-0.07874016
2.99875895,0.78740160,-0.07874016
2.99916695,0.78740160,-0.07874016
2.99957495,0.78740160,0.00000000
2.99998295,0.39370080,-0.07874016
3.00039095,0.39370080,0.00000000
3.00079895,0.78740160,-0.07874016
3.00120695,0.39370080,0.00000000
3.00161495,0.39370080,0.00000000
3.00202295,0.39370080,0.00000000
3.00243095,0.00000000,-0.07874016
3.00283895,0.00000000,0.00000000
3.00324695,0.39370080,-0.07874016
3.00365495,0.39370080,0.00000000
3.00406295,0.39370080,0.00000000
3.00447095,0.00000000,0.00000000
3.00487895,0.39370080,-0.07874016
3.00528695,0.39370080,0.00000000
3.00569495,0.39370080,0.00000000
3.00610295,0.00000000,0.00000000
3.00651095,0.39370080,0.00000000
3.00691895,0.00000000,0.00000000
3.00732695,0.39370080,0.00000000
3.00773495,0.39370080,0.00000000
3.00814295,0.00000000,-0.07874016
3.00855095,0.39370080,0.00000000
3.00895895,0.39370080,-0.07874016
3.00936695,0.00000000,0.00000000
3.00977495,0.00000000,0.00000000
3.01018295,0.00000000,-0.07874016
3.01059095,0.39370080,0.00000000
3.01099895,0.78740160,0.00000000
3.01140695,0.39370080,0.00000000
3.01181495,0.00000000,0.00000000
3.01222295,0.39370080,0.00000000
3.01263095,0.39370080,0.00000000
3.01303895,0.39370080,0.00000000
3.01344695,0.39370080,0.00000000
3.01385495,0.39370080,0.00000000
3.01426295,0.39370080,0.00000000
3.01467095,0.39370080,0.00000000
3.01507895,0.39370080,0.00000000
3.01548695,0.39370080,-0.07874016
3.01589495,0.39370080,0.00000000
3.01630295,0.78740160,-0.07874016
3.01671095,0.39370080,0.00000000
3.01711895,0.39370080,0.00000000
3.01752695,0.39370080,0.00000000
3.01793495,0.78740160,-0.07874016
3.01834295,0.78740160,0.00000000
3.01875095,0.78740160,-0.07874016
3.01915895,0.39370080,0.00000000
3.01956695,0.78740160,0.00000000
3.01997495,0.39370080,0.00000000
3.02038295,0.78740160,-0.07874016
3.02079095,0.39370080,0.00000000
3.02119895,0.78740160,0.00000000
3.02160695,0.39370080,0.00000000
3.02201495,0.78740160,-0.07874016
3.02242295,0.78740160,0.00000000
3.02283095,0.78740160,0.00000000
3.02323895,0.78740160,0.00000000
3.02364695,0.39370080,0.00000000
3.02405495,0.78740160,0.00000000
3.02446295,0.39370080,-0.07874016
3.02487095,0.39370080,0.00000000
3.02527895,0.39370080,0.00000000
3.02568695,0.39370080,0.00000000
3.02609495,0.39370080,-0.07874016
3.02650295,0.39370080,0.00000000
3.02691095,0.39370080,0.00000000
3.02731895,0.39370080,0.00000000
3.02772695,0.39370080,0.00000000
3.02813495,0.39370080,0.00000000
3.02854295,0.39370080,-0.07874016
3.02895095,0.78740160,-0.07874016
3.02935895,0.00000000,0.00000000
3.02976695,0.00000000,0.00000000
3.03017495,0.39370080,-0.07874016
3.03058295,0.39370080,-0.07874016
3.03099095,0.00000000,0.00000000
3.03139895,0.39370080,0.00000000
3.03180695,0.00000000,-0.07874016
3.03221495,0.39370080,0.00000000
3.03262295,0.00000000,-0.07874016
3.03303095,0.39370080,0.00000000
3.03343895,0.39370080,-0.07874016
3.03384695,0.00000000,0.00000000
3.03425495,0.39370080,-0.07874016
3.03466295,0.39370080,0.00000000
3.03507095,0.78740160,0.00000000
3.03547895,0.39370080,0.00000000
3.03588695,0.00000000,0.00000000
3.03629495,0.39370080,0.00000000
3.03670295,0.39370080,0.00000000
3.03711095,0.39370080,-0.07874016
3.03751895,0.39370080,0.00000000
3.03792695,0.39370080,-0.07874016
3.03833495,0.39370080,0.00000000
3.03874295,0.00000000,0.00000000
3.03915095,0.78740160,-0.07874016
3.03955895,0.39370080,0.00000000
3.03996695,0.39370080,0.00000000
3.04037495,0.00000000,0.00000000
3.04078295,0.39370080,-0.07874016
3.04119095,0.00000000,0.00000000
3.04159895,0.39370080,0.00000000
3.04200695,0.78740160,0.00000000
3.04241495,0.78740160,0.00000000
3.04282295,0.39370080,0.00000000
3.04323095,0.78740160,0.00000000
3.04363895,0.39370080,0.00000000
3.04404695,0.39370080,0.00000000
3.04445495,0.78740160,0.00000000
3.04486295,0.78740160,0.00000000
3.04527095,0.39370080,0.00000000
3.04567895,0.78740160,-0.07874016
3.04608695,0.78740160,0.00000000
3.04649495,0.39370080,0.00000000
3.04690295,0.39370080,0.00000000
3.04731095,0.78740160,0.00000000
3.04771895,0.39370080,0.00000000
3.04812695,0.39370080,-0.07874016
3.04853495,0.78740160,0.00000000
3.04894295,0.39370080,0.00000000
3.04935095,0.78740160,0.00000000
3.04975895,0.39370080,0.00000000
3.05016695,0.39370080,-0.07874016
3.05057495,0.39370080,0.00000000
3.05098295,0.39370080,-0.07874016
3.05139095,0.39370080,0.00000000
3.05179895,0.78740160,0.00000000
3.05220695,0.39370080,-0.07874016
3.05261495,0.39370080,0.00000000
3.05302295,0.78740160,0.00000000
3.05343095,0.00000000,0.00000000
3.05383895,0.39370080,0.00000000
3.05424695,0.39370080,-0.07874016
3.05465495,0.39370080,-0.07874016
3.05506295,0.39370080,-0.07874016
3.05547095,0.39370080,0.00000000
3.05587895,0.39370080,0.00000000
3.05628695,0.39370080,-0.07874016
3.05669495,0.00000000,0.00000000
3.05710295,0.00000000,-0.07874016
3.05751095,0.00000000,0.00000000
3.05791895,0.39370080,0.00000000
3.05832694,0.00000000,0.00000000
3.05873494,0.00000000,-0.07874016
3.05914294,0.00000000,0.00000000
3.05955094,0.39370080,0.00000000
3.05995894,0.00000000,0.00000000
3.06036694,0.78740160,-0.07874016
3.06077494,0.39370080,0.00000000
3.06118294,0.00000000,0.00000000
3.06159094,0.00000000,0.00000000
3.06199894,0.39370080,0.00000000
3.06240694,0.00000000,0.00000000
3.06281494,0.39370080,0.00000000
3.06322294,0.39370080,0.00000000
3.06363094,0.39370080,-0.07874016
3.06403894,0.00000000,0.00000000
3.06444694,0.39370080,-0.07874016
3.06485494,0.39370080,0.00000000
3.06526294,0.39370080,-0.07874016
3.06567094,0.39370080,0.00000000
3.06607894,0.39370080,0.00000000
3.06648694,0.78740160,-0.07874016
3.06689494,0.78740160,0.00000000
3.06730294,0.78740160,0.00000000
3.06771094,0.39370080,0.00000000
3.06811894,0.39370080,0.00000000
3.06852694,0.39370080,0.00000000
3.06893494,0.78740160,0.00000000
3.06934294,0.39370080,0.00000000
3.06975094,0.39370080,0.00000000
3.07015894,0.39370080,-0.07874016
3.07056694,0.39370080,0.00000000
3.07097494,0.78740160,0.00000000
3.07138294,0.78740160,0.00000000
3.07179094,0.39370080,0.00000000
3.07219894,0.78740160,0.00000000
3.07260694,0.39370080,0.00000000
3.07301494,0.39370080,0.00000000
3.07342294,0.39370080,0.00000000
3.07383094,0.39370080,0.00000000
3.07423894,0.39370080,0.00000000
3.07464694,0.78740160,0.00000000
3.07505494,0.78740160,0.00000000
3.07546294,0.39370080,0.00000000
3.07587094,0.78740160,0.00000000
3.07627894,0.00000000,0.00000000
3.07668694,0.78740160,0.00000000
3.07709494,0.39370080,0.00000000
3.07750294,0.39370080,0.00000000
3.07791094,0.78740160,0.00000000
3.07831894,0.00000000,-0.07874016
3.07872694,0.39370080,0.00000000
3.07913494,0.39370080,0.00000000
3.07954294,0.39370080,0.00000000
3.07995094,0.39370080,0.00000000
3.08035894,0.39370080,0.00000000
3.08076694,0.39370080,0.00000000
3.08117494,0.39370080,0.00000000
3.08158294,0.39370080,-0.07874016
3.08199094,0.39370080,0.00000000
3.08239894,0.00000000,0.00000000
3.08280694,0.39370080,0.00000000
3.08321494,0.39370080,0.00000000
3.08362294,0.00000000,0.00000000
3.08403094,0.39370080,0.00000000
3.08443894,0.00000000,0.00000000
3.08484694,0.39370080,0.00000000
3.08525494,0.39370080,0.00000000
3.08566294,0.00000000,0.00000000
3.08607094,0.39370080,0.00000000
3.08647894,0.39370080,-0.07874016
3.08688694,0.39370080,0.00000000
3.08729494,0.39370080,0.00000000
3.08770294,0.39370080,0.00000000
3.08811094,0.39370080,0.00000000
3.08851894,0.00000000,0.00000000
3.08892694,0.39370080,0.00000000
3.08933494,0.78740160,0.00000000
3.08974294,0.39370080,0.00000000
3.09015094,0.39370080,0.00000000
3.09055894,0.39370080,0.00000000
3.09096694,0.39370080,0.00000000
3.09137494,0.39370080,0.00000000
3.09178294,0.39370080,0.00000000
3.09219094,0.39370080,0.00000000
3.09259894,0.39370080,0.00000000
3.09300694,0.78740160,-0.07874016
3.09341494,0.39370080,-0.07874016
3.09382294,0.78740160,0.00000000
3.09423094,0.39370080,0.00000000
3.09463894,0.78740160,-0.07874016
3.09504694,0.78740160,0.00000000
3.09545494,0.39370080,0.00000000
3.09586294,0.39370080,0.00000000
3.09627094,0.39370080,0.00000000
3.09667894,0.78740160,0.00000000
3.09708694,0.78740160,0.00000000
3.09749494,0.39370080,0.00000000
3.09790294,0.78740160,0.00000000
3.09831094,0.39370080,0.00000000
3.09871894,0.78740160,-0.07874016
3.09912694,0.39370080,0.00000000
3.09953494,0.39370080,-0.07874016
3.09994294,0.39370080,0.00000000
3.10035094,0.39370080,0.00000000
3.10075894,0.39370080,0.00000000
3.10116694,0.78740160,0.00000000
3.10157494,0.39370080,0.00000000
3.10198294,0.39370080,0.00000000
3.10239094,0.39370080,0.00000000
3.10279894,0.39370080,-0.07874016
3.10320694,0.78740160,-0.07874016
3.10361494,0.39370080,-0.07874016
3.10402294,0.00000000,-0.07874016
3.10443094,0.39370080,0.00000000
3.10483894,0.39370080,-0.07874016
3.10524694,0.39370080,0.00000000
3.10565494,0.39370080,-0.07874016
3.10606294,0.39370080,0.00000000
3.10647094,0.39370080,-0.07874016
3.10687894,0.39370080,0.00000000
3.10728694,0.39370080,-0.07874016
3.10769494,0.39370080,-0.07874016
3.10810294,0.00000000,0.00000000
3.10851094,0.39370080,0.00000000
3.10891894,0.39370080,0.00000000
3.10932694,0.00000000,-0.07874016
3.10973494,0.39370080,0.00000000
3.11014294,0.39370080,-0.07874016
3.11055094,0.39370080,0.00000000
3.11095894,0.39370080,0.00000000
3.11136694,0.39370080,0.00000000
3.11177494,0.00000000,0.00000000
3.11218294,0.39370080,0.00000000
3.11259094,0.00000000,0.00000000
3.11299894,0.39370080,0.00000000
3.11340694,0.78740160,-0.07874016
3.11381494,0.39370080,0.00000000
3.11422294,0.78740160,-0.07874016
3.11463094,0.00000000,0.00000000
3.11503894,0.78740160,0.00000000
3.11544694,0.00000000,0.00000000
3.11585494,0.39370080,0.00000000
3.11626294,0.78740160,-0.07874016
3.11667094,0.39370080,0.00000000
3.11707894,0.00000000,0.00000000
3.11748694,0.78740160,-0.07874016
3.11789494,0.39370080,0.00000000
3.11830294,0.39370080,0.00000000
3.11871094,0.39370080,0.00000000
3.11911894,0.39370080,-0.07874016
3.11952694,0.39370080,0.00000000
3.11993494,0.78740160,0.00000000
3.12034294,0.78740160,0.00000000
3.12075094,0.78740160,0.00000000
3.12115894,0.39370080,0.00000000
3.12156694,0.39370080,0.00000000
3.12197494,0.39370080,0.00000000
3.12238294,0.39370080,0.00000000
3.12279094,0.39370080,0.00000000
3.12319894,0.39370080,-0.07874016
3.12360694,0.39370080,0.00000000
3.12401494,0.39370080,-0.07874016
3.12442294,0.39370080,0.00000000
3.12483094,0.39370080,0.00000000
3.12523894,0.78740160,-0.07874016
3.12564694,0.39370080,0.00000000
3.12605494,0.39370080,-0.07874016
3.12646294,0.78740160,0.00000000
3.12687094,0.39370080,0.00000000
3.12727894,0.39370080,0.00000000
3.12768694,0.39370080,0.00000000
3.12809494,0.39370080,0.00000000
3.12850294,0.00000000,0.00000000
3.12891094,0.39370080,0.00000000
3.12931894,0.39370080,0.00000000
3.12972694,0.39370080,0.00000000
3.13013494,0.39370080,0.00000000
3.13054294,0.39370080,-0.07874016
3.13095094,0.39370080,0.00000000
3.13135894,0.39370080,-0.07874016
3.13176694,0.39370080,0.00000000
3.13217494,0.39370080,0.00000000
3.13258294,0.00000000,0.00000000
3.13299094,0.39370080,0.00000000
3.13339894,0.00000000,0.00000000
3.13380694,0.39370080,-0.07874016
3.13421494,0.39370080,0.00000000
3.13462294,0.39370080,0.00000000
3.13503094,0.39370080,0.00000000
3.13543894,0.78740160,-0.07874016
3.13584694,0.39370080,0.00000000
3.13625494,0.39370080,0.00000000
3.13666294,0.78740160,0.00000000
3.13707094,0.00000000,-0.07874016
3.13747894,0.39370080,0.00000000
3.13788694,0.39370080,0.00000000
3.13829494,0.39370080,0.00000000
3.13870294,0.39370080,0.00000000
3.13911094,0.00000000,0.00000000
3.13951894,0.78740160,-0.07874016
3.13992694,0.39370080,0.00000000
3.14033494,0.78740160,0.00000000
3.14074294,0.39370080,-0.07874016
3.14115094,0.39370080,0.00000000
3.14155894,0.39370080,0.00000000
3.14196694,0.78740160,0.00000000
3.14237494,0.39370080,0.00000000
3.14278294,0.39370080,0.00000000
3.14319094,0.39370080,0.00000000
3.14359894,0.39370080,-0.07874016
3.14400694,0.39370080,0.00000000
3.14441494,0.78740160,0.00000000
3.14482294,0.39370080,0.00000000
3.14523094,0.39370080,0.00000000
3.14563894,0.39370080,0.00000000
3.14604694,0.39370080,-0.07874016
3.14645494,0.39370080,0.00000000
3.14686294,0.39370080,-0.07874016
3.14727094,0.00000000,0.00000000
3.14767894,0.39370080,0.00000000
3.14808694,0.39370080,0.00000000
3.14849494,0.39370080,0.00000000
3.14890294,0.39370080,0.00000000
3.14931094,0.39370080,0.00000000
3.14971894,0.78740160,0.00000000
3.15012694,0.39370080,-0.07874016
3.15053494,0.39370080,0.00000000
3.15094294,0.39370080,-0.07874016
3.15135094,0.39370080,0.00000000
3.15175894,0.39370080,0.00000000
3.15216694,0.78740160,0.00000000
3.15257494,0.39370080,0.00000000
3.15298294,0.39370080,-0.07874016
3.15339094,0.39370080,-0.07874016
3.15379894,0.39370080,0.00000000
3.15420694,0.78740160,0.00000000
3.15461494,0.39370080,0.00000000
3.15502294,0.39370080,0.00000000
3.15543094,0.39370080,0.00000000
3.15583894,0.39370080,0.00000000
3.15624694,0.39370080,-0.07874016
3.15665494,0.39370080,0.00000000
3.15706294,0.39370080,0.00000000
3.15747094,0.39370080,-0.07874016
3.15787894,0.78740160,0.00000000
3.15828694,0.39370080,0.00000000
3.15869494,0.39370080,0.00000000
3.15910294,0.39370080,0.00000000
3.15951094,0.39370080,0.00000000
3.15991894,0.39370080,0.00000000
3.16032694,0.39370080,0.00000000
3.16073494,0.39370080,0.00000000
3.16114294,0.00000000,0.00000000
3.16155094,0.39370080,0.00000000
3.16195894,0.00000000,0.00000000
3.16236694,0.00000000,0.00000000
3.16277494,0.78740160,0.00000000
3.16318294,0.39370080,0.00000000
3.16359094,0.39370080,-0.07874016
3.16399894,0.78740160,0.00000000
3.16440694,0.39370080,0.00000000
3.16481494,0.78740160,-0.07874016
3.16522294,0.39370080,0.00000000
3.16563094,0.39370080,0.00000000
3.16603894,0.39370080,0.00000000
3.16644694,0.39370080,0.00000000
3.16685494,0.39370080,0.00000000
3.16726294,0.39370080,0.00000000
3.16767094,0.39370080,0.00000000
3.16807894,0.39370080,0.00000000
3.16848694,0.39370080,-0.07874016
3.16889494,0.39370080,0.00000000
3.16930294,0.39370080,0.00000000
3.16971094,0.39370080,0.00000000
3.17011894,0.39370080,0.00000000
3.17052694,0.78740160,0.00000000
3.17093494,0.39370080,0.00000000
3.17134294,0.39370080,-0.07874016
3.17175094,0.39370080,0.00000000
3.17215894,0.39370080,-0.07874016
3.17256694,0.39370080,0.00000000
3.17297494,0.39370080,0.00000000
3.17338294,0.39370080,0.00000000
3.17379094,0.39370080,-0.07874016
3.17419894,0.39370080,0.00000000
3.17460694,0.78740160,0.00000000
3.17501494,0.39370080,-0.07874016
3.17542294,0.39370080,0.00000000
3.17583094,0.39370080,0.00000000
3.17623894,0.78740160,-0.07874016
3.17664694,0.39370080,0.00000000
3.17705494,0.39370080,0.00000000
3.17746294,0.39370080,0.00000000
3.17787094,0.78740160,-0.07874016
3.17827894,0.39370080,0.00000000
3.17868694,0.39370080,0.00000000
3.17909494,0.39370080,0.00000000
3.17950294,0.39370080,-0.07874016
3.17991094,0.39370080,0.00000000
3.18031894,0.00000000,0.00000000
3.18072694,0.39370080,0.00000000
3.18113494,0.39370080,0.00000000
3.18154294,0.39370080,0.00000000
3.18195094,0.39370080,0.00000000
3.18235894,0.39370080,-0.07874016
3.18276694,0.39370080,0.00000000
3.18317494,0.39370080,0.00000000
3.18358294,0.39370080,0.00000000
3.18399094,0.39370080,0.00000000
3.18439894,0.00000000,0.00000000
3.18480694,0.39370080,0.00000000
3.18521494,0.00000000,0.00000000
3.18562294,0.39370080,0.00000000
3.18603094,0.39370080,-0.07874016
3.18643894,0.39370080,0.00000000
3.18684694,0.39370080,0.00000000
3.18725494,0.39370080,0.00000000
3.18766294,0.39370080,-0.07874016
3.18807094,0.78740160,-0.07874016
3.18847894,0.39370080,0.00000000
3.18888694,0.00000000,0.00000000
3.18929494,0.39370080,0.00000000
3.18970294,0.39370080,0.00000000
3.19011094,0.39370080,-0.07874016
3.19051894,0.39370080,0.00000000
3.19092694,0.39370080,0.00000000
3.19133494,0.39370080,0.00000000
3.19174294,0.39370080,-0.07874016
3.19215094,0.39370080,0.00000000
3.19255894,0.39370080,0.00000000
3.19296694,0.39370080,0.00000000
3.19337494,0.39370080,-0.07874016
3.19378294,0.39370080,0.00000000
3.19419094,0.39370080,-0.07874016
3.19459894,0.39370080,0.00000000
3.19500694,0.78740160,0.00000000
3.19541494,0.39370080,0.00000000
3.19582294,0.39370080,0.00000000
3.19623094,0.00000000,0.00000000
3.19663894,0.39370080,-0.07874016
3.19704694,0.39370080,0.00000000
3.19745494,0.39370080,-0.07874016
3.19786294,0.78740160,0.00000000
3.19827094,0.39370080,0.00000000
3.19867894,0.39370080,-0.07874016
3.19908694,0.39370080,-0.07874016
3.19949494,0.39370080,0.00000000
3.19990294,0.39370080,0.00000000
3.20031094,0.39370080,0.00000000
3.20071894,0.39370080,-0.07874016
3.20112694,0.78740160,0.00000000
3.20153494,0.39370080,0.00000000
3.20194294,0.78740160,0.00000000
3.20235094,0.39370080,0.00000000
3.20275894,0.39370080,-0.07874016
3.20316694,0.78740160,-0.07874016
3.20357494,0.39370080,-0.07874016
3.20398294,0.39370080,-0.07874016
3.20439094,0.39370080,0.00000000
3.20479894,0.00000000,-0.07874016
3.20520694,0.39370080,0.00000000
3.20561494,0.39370080,0.00000000
3.20602294,0.39370080,0.00000000
3.20643094,0.39370080,0.00000000
3.20683894,0.00000000,0.00000000
3.20724694,0.39370080,-0.07874016
3.20765494,0.39370080,0.00000000
3.20806294,0.00000000,0.00000000
3.20847094,0.39370080,-0.07874016
3.20887894,0.78740160,0.00000000
3.20928694,0.39370080,0.00000000
3.20969494,0.39370080,0.00000000
3.21010294,0.39370080,-0.07874016
3.21051094,0.39370080,0.00000000
3.21091894,0.39370080,0.00000000
3.21132694,0.00000000,0.00000000
3.21173494,0.39370080,0.00000000
3.21214294,0.39370080,0.00000000
3.21255094,0.00000000,0.00000000
3.21295894,0.39370080,0.00000000
3.21336694,0.39370080,-0.07874016
3.21377494,0.39370080,-0.07874016
3.21418294,0.39370080,0.00000000
3.21459094,0.00000000,0.00000000
3.21499894,0.39370080,0.00000000
3.21540694,0.39370080,0.00000000
3.21581494,0.39370080,0.00000000
3.21622294,0.39370080,0.00000000
3.21663094,0.39370080,0.00000000
3.21703894,0.39370080,-0.07874016
3.21744694,0.00000000,0.00000000
3.21785494,0.78740160,0.00000000
3.21826294,0.39370080,0.00000000
3.21867094,0.39370080,0.00000000
3.21907894,0.78740160,0.00000000
3.21948694,0.78740160,0.00000000
3.21989494,0.39370080,0.00000000
3.22030294,0.39370080,-0.07874016
3.22071094,0.78740160,0.00000000
3.22111894,0.39370080,-0.07874016
3.22152694,0.78740160,0.00000000
3.22193494,0.39370080,-0.07874016
3.22234294,0.39370080,0.00000000
3.22275094,0.39370080,-0.07874016
3.22315894,0.39370080,0.00000000
3.22356694,0.78740160,0.00000000
3.22397494,0.39370080,0.00000000
3.22438294,0.39370080,-0.07874016
3.22479094,0.39370080,0.00000000
3.22519894,0.39370080,0.00000000
3.22560694,0.39370080,0.00000000
3.22601494,0.39370080,0.00000000
3.22642294,0.39370080,0.00000000
3.22683094,0.39370080,-0.07874016
3.22723894,0.39370080,-0.07874016
3.22764694,0.39370080,0.00000000
3.22805494,0.39370080,0.00000000
3.22846294,0.39370080,0.00000000
3.22887094,0.39370080,0.00000000
3.22927894,0.39370080,0.00000000
3.22968694,0.39370080,0.00000000
3.23009494,0.39370080,0.00000000
3.23050294,0.39370080,0.00000000
3.23091094,0.39370080,-0.07874016
3.23131894,0.39370080,0.00000000
3.23172694,0.00000000,0.00000000
3.23213494,0.39370080,0.00000000
3.23254294,0.39370080,0.00000000
3.23295094,0.00000000,-0.07874016
3.23335894,0.39370080,0.00000000
3.23376694,0.39370080,0.00000000
3.23417494,0.39370080,-0.07874016
3.23458294,0.39370080,-0.07874016
3.23499093,0.39370080,0.00000000
3.23539893,0.39370080,0.00000000
3.23580693,0.39370080,0.00000000
3.23621493,0.39370080,0.00000000
3.23662293,0.39370080,-0.07874016
3.23703093,0.39370080,0.00000000
3.23743893,0.00000000,0.00000000
3.23784693,0.39370080,0.00000000
3.23825493,0.39370080,0.00000000
3.23866293,0.39370080,0.00000000
3.23907093,0.39370080,0.00000000
3.23947893,0.39370080,0.00000000
3.23988693,0.39370080,0.00000000
3.24029493,0.39370080,0.00000000
3.24070293,0.39370080,0.00000000
3.24111093,0.39370080,0.00000000
3.24151893,0.39370080,-0.07874016
3.24192693,0.39370080,0.00000000
3.24233493,0.78740160,0.00000000
3.24274293,0.39370080,0.00000000
3.24315093,0.39370080,0.00000000
3.24355893,0.39370080,0.00000000
3.24396693,0.39370080,0.00000000
3.24437493,0.39370080,0.00000000
3.24478293,0.39370080,0.00000000
3.24519093,0.39370080,0.00000000
3.24559893,0.39370080,0.00000000
3.24600693,0.39370080,0.00000000
3.24641493,0.39370080,0.00000000
3.24682293,0.39370080,0.00000000
3.24723093,0.39370080,-0.07874016
3.24763893,0.78740160,-0.07874016
3.24804693,0.39370080,0.00000000
3.24845493,0.00000000,0.00000000
3.24886293,0.78740160,0.00000000
3.24927093,0.39370080,-0.07874016
3.24967893,0.39370080,0.00000000
3.25008693,0.78740160,0.00000000
3.25049493,0.39370080,-0.07874016
3.25090293,0.39370080,0.00000000
3.25131093,0.39370080,0.00000000
3.25171893,0.39370080,-0.07874016
3.25212693,0.39370080,0.00000000
3.25253493,0.39370080,0.00000000
3.25294293,0.39370080,-0.07874016
3.25335093,0.39370080,0.00000000
3.25375893,0.39370080,0.00000000
3.25416693,0.39370080,0.00000000
3.25457493,0.78740160,0.00000000
3.25498293,0.00000000,0.00000000
3.25539093,0.00000000,0.00000000
3.25579893,0.39370080,0.00000000
3.25620693,0.39370080,0.00000000
3.25661493,0.39370080,0.00000000
3.25702293,0.39370080,-0.07874016
3.25743093,0.39370080,0.00000000
3.25783893,0.00000000,-0.07874016
3.25824693,0.39370080,0.00000000
3.25865493,0.39370080,0.00000000
3.25906293,0.00000000,0.00000000
3.25947093,0.39370080,-0.07874016
3.25987893,0.78740160,0.00000000
3.26028693,0.39370080,-0.07874016
3.26069493,0.00000000,0.00000000
3.26110293,0.00000000,0.00000000
3.26151093,0.00000000,0.00000000
3.26191893,0.39370080,-0.07874016
3.26232693,0.39370080,0.00000000
3.26273493,0.39370080,0.00000000
3.26314293,0.39370080,0.00000000
3.26355093,0.39370080,-0.07874016
3.26395893,0.39370080,0.00000000
3.26436693,0.39370080,-0.07874016
3.26477493,0.39370080,0.00000000
3.26518293,0.39370080,-0.07874016
3.26559093,0.39370080,0.00000000
3.26599893,0.39370080,0.00000000
3.26640693,0.39370080,0.00000000
3.26681493,0.39370080,0.00000000
3.26722293,0.00000000,0.00000000
3.26763093,0.39370080,-0.07874016
3.26803893,0.39370080,0.00000000
3.26844693,1.18110200,0.00000000
3.26885493,0.39370080,0.00000000
3.26926293,0.78740160,-0.07874016
3.26967093,0.39370080,0.00000000
3.27007893,0.39370080,0.00000000
3.27048693,0.39370080,0.00000000
3.27089493,0.78740160,0.00000000
3.27130293,0.39370080,0.00000000
3.27171093,0.39370080,0.00000000
3.27211893,0.39370080,0.00000000
3.27252693,0.39370080,0.00000000
3.27293493,0.39370080,-0.07874016
3.27334293,0.78740160,0.00000000
3.27375093,0.78740160,-0.07874016
3.27415893,0.78740160,0.00000000
3.27456693,0.78740160,0.00000000
3.27497493,0.39370080,0.00000000
3.27538293,0.78740160,0.00000000
3.27579093,0.39370080,0.00000000
3.27619893,0.78740160,0.00000000
3.27660693,0.39370080,0.00000000
3.27701493,0.39370080,0.00000000
3.27742293,0.39370080,0.00000000
3.27783093,0.39370080,0.00000000
3.27823893,0.39370080,0.00000000
3.27864693,0.39370080,0.00000000
3.27905493,0.00000000,0.00000000
3.27946293,0.78740160,0.00000000
3.27987093,0.39370080,0.00000000
3.28027893,0.39370080,0.00000000
3.28068693,0.39370080,0.00000000
3.28109493,0.39370080,0.00000000
3.28150293,0.78740160,-0.07874016
3.28191093,0.39370080,0.00000000
3.28231893,0.39370080,0.00000000
3.28272693,0.39370080,0.00000000
3.28313493,0.39370080,-0.07874016
3.28354293,0.00000000,0.00000000
3.28395093,0.39370080,-0.07874016
3.28435893,0.00000000,0.00000000
3.28476693,0.39370080,0.00000000
3.28517493,0.00000000,0.00000000
3.28558293,0.39370080,0.00000000
3.28599093,0.78740160,0.00000000
3.28639893,0.39370080,-0.07874016
3.28680693,0.39370080,0.00000000
3.28721493,0.78740160,-0.07874016
3.28762293,0.39370080,0.00000000
3.28803093,0.39370080,0.00000000
3.28843893,0.39370080,0.00000000
3.28884693,0.39370080,0.00000000
3.28925493,0.39370080,0.00000000
3.28966293,0.39370080,0.00000000
3.29007093,0.00000000,0.00000000
3.29047893,0.39370080,0.00000000
3.29088693,0.39370080,0.00000000
3.29129493,0.39370080,0.00000000
3.29170293,0.39370080,0.00000000
3.29211093,0.39370080,-0.07874016
3.29251893,0.39370080,0.00000000
3.29292693,0.39370080,0.00000000
3.29333493,0.39370080,0.00000000
3.29374293,0.39370080,-0.07874016
3.29415093,0.39370080,0.00000000
3.29455893,0.39370080,0.00000000
3.29496693,0.78740160,0.00000000
3.29537493,0.39370080,0.00000000
3.29578293,0.39370080,0.00000000
3.29619093,0.78740160,-0.07874016
3.29659893,0.78740160,0.00000000
3.29700693,0.78740160,0.00000000
3.29741493,0.39370080,-0.07874016
3.29782293,0.78740160,0.00000000
3.29823093,0.39370080,-0.07874016
3.29863893,0.78740160,0.00000000
3.29904693,0.39370080,0.00000000
3.29945493,0.78740160,0.00000000
3.29986293,0.00000000,0.00000000
3.30027093,0.39370080,-0.07874016
3.30067893,0.39370080,0.00000000
3.30108693,0.39370080,0.00000000
3.30149493,0.39370080,-0.07874016
3.30190293,0.78740160,-0.07874016
3.30231093,0.00000000,0.00000000
3.30271893,0.78740160,0.00000000
3.30312693,0.78740160,0.00000000
3.30353493,0.39370080,-0.07874016
3.30394293,0.39370080,0.00000000
3.30435093,0.78740160,0.00000000
3.30475893,0.39370080,0.00000000
3.30516693,0.78740160,0.00000000
3.30557493,0.39370080,0.00000000
3.30598293,0.39370080,0.00000000
3.30639093,0.39370080,0.00000000
3.30679893,0.39370080,0.00000000
3.30720693,0.39370080,0.00000000
3.30761493,0.39370080,-0.07874016
3.30802293,0.39370080,0.00000000
3.30843093,0.39370080,0.00000000
3.30883893,0.39370080,0.00000000
3.30924693,0.39370080,0.00000000
3.30965493,0.39370080,0.00000000
3.31006293,0.39370080,0.00000000
3.31047093,0.39370080,0.00000000
3.31087893,0.39370080,-0.07874016
3.31128693,0.39370080,0.00000000
3.31169493,0.39370080,0.00000000
3.31210293,0.00000000,0.00000000
3.31251093,0.39370080,0.00000000
3.31291893,0.39370080,-0.07874016
3.31332693,0.39370080,-0.07874016
3.31373493,0.39370080,0.00000000
3.31414293,0.39370080,0.00000000
3.31455093,0.00000000,0.00000000
3.31495893,0.39370080,0.00000000
3.31536693,0.39370080,0.00000000
3.31577493,0.39370080,0.00000000
3.31618293,0.39370080,0.00000000
3.31659093,0.39370080,0.00000000
3.31699893,0.39370080,0.00000000
3.31740693,0.39370080,0.00000000
3.31781493,0.39370080,0.00000000
3.31822293,0.39370080,-0.07874016
3.31863093,0.39370080,0.00000000
3.31903893,0.78740160,-0.07874016
3.31944693,0.39370080,0.00000000
3.31985493,0.39370080,-0.07874016
3.32026293,0.78740160,0.00000000
3.32067093,0.39370080,-0.07874016
3.32107893,0.39370080,0.00000000
3.32148693,0.39370080,0.00000000
3.32189493,0.00000000,0.00000000
3.32230293,0.39370080,0.00000000
3.32271093,0.39370080,0.00000000
3.32311893,0.78740160,0.00000000
3.32352693,0.00000000,0.00000000
3.32393493,0.78740160,0.00000000
3.32434293,0.39370080,0.00000000
3.32475093,0.39370080,-0.07874016
3.32515893,0.78740160,0.00000000
3.32556693,0.39370080,0.00000000
3.32597493,0.39370080,-0.07874016
3.32638293,0.39370080,0.00000000
3.32679093,0.39370080,-0.07874016
3.32719893,0.39370080,0.00000000
3.32760693,0.00000000,0.00000000
3.32801493,0.39370080,0.00000000
3.32842293,0.39370080,0.00000000
3.32883093,0.39370080,0.00000000
3.32923893,0.39370080,0.00000000
3.32964693,0.39370080,-0.07874016
3.33005493,0.39370080,0.00000000
3.33046293,0.39370080,0.00000000
3.33087093,0.39370080,0.00000000
3.33127893,0.39370080,0.00000000
3.33168693,0.39370080,0.00000000
3.33209493,0.39370080,-0.07874016
3.33250293,0.39370080,0.00000000
3.33291093,0.39370080,-0.07874016
3.33331893,0.00000000,-0.07874016
3.33372693,0.39370080,0.00000000
3.33413493,0.39370080,-0.07874016
3.33454293,0.78740160,0.00000000
3.33495093,0.39370080,-0.07874016
3.33535893,0.39370080,-0.07874016
3.33576693,0.39370080,-0.07874016
3.33617493,0.78740160,0.00000000
3.33658293,0.39370080,0.00000000
3.33699093,0.78740160,0.00000000
3.33739893,0.39370080,0.00000000
3.33780693,0.00000000,0.00000000
3.33821493,0.39370080,0.00000000
3.33862293,0.39370080,0.00000000
3.33903093,0.39370080,-0.07874016
3.33943893,0.78740160,0.00000000
3.33984693,0.39370080,0.00000000
3.34025493,0.78740160,0.00000000
3.34066293,0.39370080,0.00000000
3.34107093,0.39370080,-0.07874016
3.34147893,0.39370080,0.00000000
3.34188693,0.39370080,-0.07874016
3.34229493,0.00000000,0.00000000
3.34270293,0.39370080,0.00000000
3.34311093,0.00000000,0.00000000
3.34351893,0.39370080,0.00000000
3.34392693,0.39370080,0.00000000
3.34433493,0.00000000,0.00000000
3.34474293,0.39370080,-0.07874016
3.34515093,0.78740160,0.00000000
3.34555893,0.39370080,0.00000000
3.34596693,0.78740160,0.00000000
3.34637493,0.78740160,0.00000000
3.34678293,0.39370080,-0.07874016
3.34719093,0.78740160,0.00000000
3.34759893,0.39370080,-0.07874016
3.34800693,0.39370080,0.00000000
3.34841493,0.39370080,-0.07874016
3.34882293,0.39370080,0.00000000
3.34923093,0.78740160,0.00000000
3.34963893,0.39370080,-0.07874016
3.35004693,0.39370080,-0.07874016
3.35045493,0.78740160,0.00000000
3.35086293,0.39370080,0.00000000
3.35127093,0.39370080,-0.07874016
3.35167893,0.78740160,0.00000000
3.35208693,0.39370080,0.00000000
3.35249493,0.78740160,0.00000000
3.35290293,0.39370080,0.00000000
3.35331093,0.39370080,0.00000000
3.35371893,0.39370080,0.00000000
3.35412693,0.39370080,0.00000000
3.35453493,0.39370080,0.00000000
3.35494293,0.39370080,0.00000000
3.35535093,0.00000000,0.00000000
3.35575893,0.78740160,-0.07874016
3.35616693,0.39370080,-0.07874016
3.35657493,0.39370080,0.00000000
3.35698293,0.39370080,0.00000000
3.35739093,0.39370080,-0.07874016
3.35779893,0.39370080,0.00000000
3.35820693,0.39370080,-0.07874016
3.35861493,0.39370080,-0.07874016
3.35902293,0.39370080,-0.07874016
3.35943093,0.39370080,-0.07874016
3.35983893,0.39370080,0.00000000
3.36024693,0.39370080,-0.07874016
3.36065493,0.39370080,0.00000000
3.36106293,0.00000000,0.00000000
3.36147093,0.39370080,0.00000000
3.36187893,0.00000000,0.00000000
3.36228693,0.39370080,0.00000000
3.36269493,0.39370080,0.00000000
3.36310293,0.39370080,0.00000000
3.36351093,0.39370080,0.00000000
3.36391893,0.39370080,0.00000000
3.36432693,0.39370080,0.00000000
3.36473493,0.78740160,-0.07874016
3.36514293,0.00000000,0.00000000
3.36555093,0.39370080,-0.07874016
3.36595893,0.39370080,0.00000000
3.36636693,0.39370080,-0.07874016
3.36677493,0.78740160,0.00000000
3.36718293,0.78740160,-0.07874016
3.36759093,0.39370080,0.00000000
3.36799893,0.78740160,0.00000000
3.36840693,0.00000000,0.00000000
3.36881493,0.39370080,0.00000000
3.36922293,0.39370080,0.00000000
3.36963093,0.39370080,0.00000000
3.37003893,0.00000000,0.00000000
3.37044693,0.39370080,0.00000000
3.37085493,0.78740160,0.00000000
3.37126293,0.78740160,0.00000000
3.37167093,0.39370080,0.00000000
3.37207893,0.39370080,0.00000000
3.37248693,0.39370080,0.00000000
3.37289493,0.39370080,-0.07874016
3.37330293,0.39370080,0.00000000
3.37371093,0.78740160,0.00000000
3.37411893,0.39370080,0.00000000
3.37452693,0.78740160,0.00000000
3.37493493,0.39370080,0.00000000
3.37534293,0.39370080,0.00000000
3.37575093,0.39370080,0.00000000
3.37615893,0.39370080,0.00000000
3.37656693,0.78740160,0.00000000
3.37697493,0.39370080,-0.07874016
3.37738293,0.39370080,0.00000000
3.37779093,0.78740160,0.00000000
3.37819893,0.39370080,0.00000000
3.37860693,0.78740160,0.00000000
3.37901493,0.78740160,0.00000000
3.37942293,0.39370080,0.00000000
3.37983093,0.78740160,0.00000000
3.38023893,0.39370080,0.00000000
3.38064693,0.39370080,0.00000000
3.38105493,0.39370080,-0.07874016
3.38146293,0.00000000,0.00000000
3.38187093,0.78740160,-0.07874016
3.38227893,0.39370080,0.00000000
3.38268693,0.39370080,0.00000000
3.38309493,0.39370080,0.00000000
3.38350293,0.39370080,0.00000000
3.38391093,0.00000000,-0.07874016
3.38431893,0.39370080,0.00000000
3.38472693,0.39370080,0.00000000
3.38513493,0.39370080,-0.07874016
3.38554293,0.39370080,0.00000000
3.38595093,0.00000000,0.00000000
3.38635893,0.39370080,0.00000000
3.38676693,0.39370080,0.00000000
3.38717493,0.39370080,0.00000000
3.38758293,0.39370080,0.00000000
3.38799093,0.39370080,0.00000000
3.38839893,0.39370080,0.00000000
3.38880693,0.39370080,0.00000000
3.38921493,0.00000000,0.00000000
3.38962293,0.39370080,0.00000000
3.39003093,0.39370080,0.00000000
3.39043893,0.00000000,0.00000000
3.39084693,0.78740160,0.00000000
3.39125493,0.78740160,0.00000000
3.39166293,0.78740160,0.00000000
3.39207093,0.39370080,0.00000000
3.39247893,0.78740160,0.00000000
3.39288693,0.39370080,0.00000000
3.39329493,0.39370080,0.00000000
3.39370293,0.00000000,0.00000000
3.39411093,0.78740160,0.00000000
3.39451893,0.39370080,0.00000000
3.39492693,0.39370080,0.00000000
3.39533493,0.39370080,0.00000000
3.39574293,0.39370080,-0.07874016
3.39615093,0.39370080,-0.07874016
3.39655893,0.39370080,0.00000000
3.39696693,0.39370080,0.00000000
3.39737493,0.78740160,-0.07874016
3.39778293,0.78740160,0.00000000
3.39819093,0.39370080,-0.07874016
3.39859893,0.78740160,-0.07874016
3.39900693,0.78740160,0.00000000
3.39941493,0.39370080,0.00000000
3.39982293,0.39370080,-0.07874016
3.40023093,0.39370080,0.00000000
3.40063893,0.39370080,0.00000000
3.40104693,0.78740160,-0.07874016
3.40145493,0.39370080,-0.07874016
3.40186293,0.39370080,0.00000000
3.40227093,0.39370080,0.00000000
3.40267893,0.39370080,0.00000000
3.40308693,0.39370080,0.00000000
3.40349493,0.78740160,0.00000000
3.40390293,0.39370080,0.00000000
3.40431093,0.39370080,0.00000000
3.40471893,0.00000000,0.00000000
3.40512693,0.39370080,0.00000000
3.40553493,0.39370080,-0.07874016
3.40594293,0.00000000,-0.07874016
3.40635093,0.78740160,-0.07874016
3.40675893,0.39370080,0.00000000
3.40716693,0.00000000,-0.07874016
3.40757493,0.39370080,-0.07874016
3.40798293,0.39370080,-0.07874016
3.40839093,0.00000000,0.00000000
3.40879893,0.39370080,-0.07874016
3.40920693,0.00000000,0.00000000
3.40961493,0.39370080,0.00000000
3.41002293,0.39370080,0.00000000
3.41043093,0.00000000,0.00000000
3.41083893,0.39370080,0.00000000
3.41124693,0.39370080,0.00000000
3.41165493,0.39370080,0.00000000
3.41206292,0.39370080,0.00000000
3.41247092,0.00000000,0.00000000
3.41287892,0.78740160,0.00000000
3.41328692,0.39370080,0.00000000
3.41369492,0.39370080,0.00000000
3.41410292,0.39370080,0.00000000
3.41451092,0.39370080,0.00000000
3.41491892,0.39370080,0.00000000
3.41532692,0.78740160,-0.07874016
3.41573492,0.39370080,0.00000000
3.41614292,0.39370080,0.00000000
3.41655092,0.39370080,-0.07874016
3.41695892,0.39370080,0.00000000
3.41736692,0.39370080,0.00000000
3.41777492,0.39370080,0.00000000
3.41818292,0.39370080,0.00000000
3.41859092,0.78740160,0.00000000
3.41899892,0.39370080,0.00000000
3.41940692,0.78740160,0.00000000
3.41981492,0.39370080,0.00000000
3.42022292,0.39370080,-0.07874016
3.42063092,0.78740160,0.00000000
3.42103892,0.39370080,0.00000000
3.42144692,0.39370080,0.00000000
3.42185492,0.39370080,0.00000000
3.42226292,0.39370080,-0.07874016
3.42267092,0.39370080,0.00000000
3.42307892,0.78740160,0.00000000
3.42348692,0.78740160,0.00000000
3.42389492,0.39370080,0.00000000
3.42430292,0.39370080,0.00000000
3.42471092,0.39370080,0.00000000
3.42511892,0.39370080,0.00000000
3.42552692,0.39370080,0.00000000
3.42593492,0.39370080,0.00000000
3.42634292,0.39370080,0.00000000
3.42675092,0.78740160,0.00000000
3.42715892,0.39370080,0.00000000
3.42756692,0.39370080,0.00000000
3.42797492,0.39370080,0.00000000
3.42838292,0.39370080,0.00000000
3.42879092,0.39370080,0.00000000
3.42919892,0.39370080,-0.07874016
3.42960692,0.39370080,0.00000000
3.43001492,0.39370080,-0.07874016
3.43042292,0.39370080,0.00000000
3.43083092,0.39370080,0.00000000
3.43123892,0.39370080,0.00000000
3.43164692,0.39370080,-0.07874016
3.43205492,0.00000000,0.00000000
3.43246292,0.39370080,0.00000000
3.43287092,0.39370080,0.00000000
3.43327892,0.39370080,0.00000000
3.43368692,0.39370080,0.00000000
3.43409492,0.00000000,0.00000000
3.43450292,0.39370080,0.00000000
3.43491092,0.39370080,0.00000000
3.43531892,0.00000000,0.00000000
3.43572692,0.00000000,0.00000000
3.43613492,0.78740160,0.00000000
3.43654292,0.39370080,-0.07874016
3.43695092,0.39370080,0.00000000
3.43735892,0.39370080,0.00000000
3.43776692,0.00000000,0.00000000
3.43817492,0.78740160,0.00000000
3.43858292,0.78740160,0.00000000
3.43899092,0.00000000,0.00000000
3.43939892,0.39370080,0.00000000
3.43980692,0.39370080,0.00000000
3.44021492,0.39370080,0.00000000
3.44062292,0.39370080,0.00000000
3.44103092,0.39370080,0.00000000
3.44143892,0.78740160,0.00000000
3.44184692,0.39370080,0.00000000
3.44225492,0.39370080,0.00000000
3.44266292,0.39370080,0.00000000
3.44307092,0.78740160,0.00000000
3.44347892,0.78740160,0.00000000
3.44388692,0.78740160,-0.07874016
3.44429492,0.39370080,0.00000000
3.44470292,0.78740160,0.00000000
3.44511092,0.78740160,0.00000000
3.44551892,0.78740160,0.00000000
3.44592692,0.78740160,0.00000000
3.44633492,0.39370080,-0.07874016
3.44674292,0.39370080,0.00000000
3.44715092,0.39370080,0.00000000
3.44755892,0.39370080,0.00000000
3.44796692,0.39370080,-0.07874016
3.44837492,0.39370080,0.00000000
3.44878292,0.39370080,0.00000000
3.44919092,0.39370080,-0.07874016
3.44959892,0.39370080,0.00000000
3.45000692,0.39370080,0.00000000
3.45041492,0.39370080,0.00000000
3.45082292,0.39370080,0.00000000
3.45123092,0.39370080,0.00000000
3.45163892,0.39370080,-0.07874016
3.45204692,0.39370080,-0.07874016
3.45245492,0.39370080,0.00000000
3.45286292,0.39370080,0.00000000
3.45327092,0.39370080,0.00000000
3.45367892,0.39370080,-0.07874016
3.45408692,0.39370080,0.00000000
3.45449492,0.39370080,-0.07874016
3.45490292,0.78740160,0.00000000
3.45531092,0.39370080,-0.07874016
3.45571892,0.39370080,0.00000000
3.45612692,0.39370080,0.00000000
3.45653492,0.00000000,0.00000000
3.45694292,0.39370080,-0.07874016
3.45735092,0.39370080,0.00000000
3.45775892,0.39370080,0.00000000
3.45816692,0.00000000,0.00000000
3.45857492,0.39370080,0.00000000
3.45898292,0.39370080,0.00000000
3.45939092,0.39370080,0.00000000
3.45979892,0.39370080,0.00000000
3.46020692,0.00000000,0.00000000
3.46061492,0.39370080,0.00000000
3.46102292,0.39370080,0.00000000
3.46143092,0.78740160,0.00000000
3.46183892,0.78740160,-0.07874016
3.46224692,0.39370080,-0.07874016
3.46265492,0.39370080,-0.07874016
3.46306292,0.39370080,0.00000000
3.46347092,0.39370080,-0.07874016
3.46387892,0.39370080,0.00000000
3.46428692,0.39370080,-0.07874016
3.46469492,0.39370080,0.00000000
3.46510292,0.78740160,0.00000000
3.46551092,0.00000000,-0.07874016
3.46591892,0.39370080,0.00000000
3.46632692,0.39370080,0.00000000
3.46673492,0.00000000,-0.07874016
3.46714292,0.78740160,-0.07874016
3.46755092,0.39370080,-0.07874016
3.46795892,0.39370080,0.00000000
3.46836692,0.78740160,-0.07874016
3.46877492,0.00000000,0.00000000
3.46918292,0.78740160,0.00000000
3.46959092,0.78740160,0.00000000
3.46999892,0.78740160,0.00000000
3.47040692,0.39370080,0.00000000
3.47081492,0.39370080,0.00000000
3.47122292,0.00000000,0.00000000
3.47163092,0.39370080,0.00000000
3.47203892,0.39370080,0.00000000
3.47244692,0.39370080,0.00000000
3.47285492,0.78740160,0.00000000
3.47326292,0.39370080,0.00000000
3.47367092,0.00000000,0.00000000
3.47407892,0.78740160,0.00000000
3.47448692,0.78740160,0.00000000
3.47489492,0.39370080,0.00000000
3.47530292,0.39370080,-0.07874016
3.47571092,0.39370080,-0.07874016
3.47611892,0.39370080,0.00000000
3.47652692,0.39370080,-0.07874016
3.47693492,0.39370080,0.00000000
3.47734292,0.39370080,-0.07874016
3.47775092,0.39370080,0.00000000
3.47815892,0.39370080,0.00000000
3.47856692,0.39370080,0.00000000
3.47897492,0.39370080,0.00000000
3.47938292,0.39370080,0.00000000
3.47979092,0.39370080,-0.07874016
3.48019892,0.00000000,0.00000000
3.48060692,0.00000000,0.00000000
3.48101492,0.39370080,0.00000000
3.48142292,0.39370080,-0.07874016
3.48183092,0.39370080,-0.07874016
3.48223892,0.39370080,0.00000000
3.48264692,0.39370080,0.00000000
3.48305492,0.39370080,-0.07874016
3.48346292,0.39370080,0.00000000
3.48387092,0.39370080,-0.07874016
3.48427892,0.39370080,0.00000000
3.48468692,0.39370080,0.00000000
3.48509492,0.00000000,0.00000000
3.48550292,0.00000000,-0.07874016
3.48591092,0.39370080,-0.07874016
3.48631892,0.39370080,0.00000000
3.48672692,0.39370080,-0.07874016
3.48713492,0.39370080,0.00000000
3.48754292,0.39370080,0.00000000
3.48795092,0.39370080,0.00000000
3.48835892,0.39370080,0.00000000
3.48876692,0.39370080,0.00000000
3.48917492,0.39370080,-0.07874016
3.48958292,0.39370080,0.00000000
3.48999092,0.00000000,0.00000000
3.49039892,0.78740160,0.00000000
3.49080692,0.39370080,0.00000000
3.49121492,0.78740160,0.00000000
3.49162292,0.78740160,0.00000000
3.49203092,0.00000000,0.00000000
3.49243892,0.39370080,0.00000000
3.49284692,0.00000000,-0.07874016
3.49325492,0.39370080,0.00000000
3.49366292,0.78740160,-0.07874016
3.49407092,0.78740160,0.00000000
3.49447892,0.39370080,0.00000000
3.49488692,0.78740160,0.00000000
3.49529492,0.78740160,0.00000000
3.49570292,0.39370080,0.00000000
3.49611092,0.39370080,0.00000000
3.49651892,0.39370080,0.00000000
3.49692692,0.39370080,0.00000000
3.49733492,0.39370080,0.00000000
3.49774292,0.39370080,-0.07874016
3.49815092,0.39370080,0.00000000
3.49855892,0.78740160,-0.07874016
3.49896692,0.39370080,0.00000000
3.49937492,0.39370080,0.00000000
3.49978292,0.39370080,0.00000000
3.50019092,0.78740160,0.00000000
3.50059892,0.39370080,0.00000000
3.50100692,0.39370080,0.00000000
3.50141492,0.39370080,0.00000000
3.50182292,0.39370080,0.00000000
3.50223092,0.39370080,0.00000000
3.50263892,0.39370080,-0.07874016
3.50304692,0.00000000,0.00000000
3.50345492,0.39370080,0.00000000
3.50386292,0.39370080,0.00000000
3.50427092,0.39370080,0.00000000
3.50467892,0.78740160,0.00000000
3.50508692,0.39370080,0.00000000
3.50549492,0.39370080,0.00000000
3.50590292,0.39370080,0.00000000
3.50631092,0.78740160,0.00000000
3.50671892,0.39370080,0.00000000
3.50712692,0.39370080,0.00000000
3.50753492,0.78740160,0.00000000
3.50794292,0.39370080,0.00000000
3.50835092,0.39370080,0.00000000
3.50875892,0.39370080,0.00000000
3.50916692,0.00000000,0.00000000
3.50957492,0.00000000,0.00000000
3.50998292,0.39370080,-0.07874016
3.51039092,0.00000000,0.00000000
3.51079892,0.39370080,-0.07874016
3.51120692,0.39370080,0.00000000
3.51161492,0.39370080,0.00000000
3.51202292,0.39370080,0.00000000
3.51243092,0.39370080,-0.07874016
3.51283892,0.00000000,0.00000000
3.51324692,0.39370080,0.00000000
3.51365492,0.39370080,0.00000000
3.51406292,0.39370080,0.00000000
3.51447092,0.00000000,0.00000000
3.51487892,0.39370080,0.00000000
3.51528692,0.39370080,0.00000000
3.51569492,0.39370080,-0.07874016
3.51610292,0.39370080,0.00000000
3.51651092,0.39370080,0.00000000
3.51691892,0.39370080,0.00000000
3.51732692,0.78740160,0.00000000
3.51773492,0.39370080,0.00000000
3.51814292,0.39370080,0.00000000
3.51855092,0.39370080,0.00000000
3.51895892,0.39370080,-0.07874016
3.51936692,0.39370080,0.00000000
3.51977492,0.39370080,-0.07874016
3.52018292,0.39370080,0.00000000
3.52059092,0.39370080,-0.07874016
3.52099892,0.39370080,0.00000000
3.52140692,0.39370080,0.00000000
3.52181492,0.39370080,0.00000000
3.52222292,0.78740160,0.00000000
3.52263092,0.78740160,0.00000000
3.52303892,0.78740160,0.00000000
3.52344692,0.39370080,0.00000000
3.52385492,0.78740160,0.00000000
3.52426292,0.00000000,0.00000000
3.52467092,0.39370080,0.00000000
3.52507892,0.39370080,0.00000000
3.52548692,0.39370080,0.00000000
3.52589492,0.78740160,0.00000000
3.52630292,0.39370080,0.00000000
3.52671092,0.39370080,0.00000000
3.52711892,0.39370080,0.00000000
3.52752692,0.39370080,0.00000000
3.52793492,0.78740160,0.00000000
3.52834292,0.00000000,0.00000000
3.52875092,1.18110200,0.00000000
3.52915892,0.00000000,0.00000000
3.52956692,0.78740160,0.00000000
3.52997492,0.39370080,0.00000000
3.53038292,0.00000000,0.00000000
3.53079092,0.00000000,0.00000000
3.53119892,0.39370080,0.00000000
3.53160692,0.39370080,-0.07874016
3.53201492,0.39370080,0.00000000
3.53242292,0.00000000,0.00000000
3.53283092,0.39370080,0.00000000
3.53323892,0.39370080,-0.07874016
3.53364692,0.39370080,-0.07874016
3.53405492,0.00000000,0.00000000
3.53446292,0.39370080,0.00000000
3.53487092,0.00000000,0.00000000
3.53527892,0.39370080,0.00000000
3.53568692,0.39370080,0.00000000
3.53609492,0.39370080,-0.07874016
3.53650292,0.00000000,0.00000000
3.53691092,0.00000000,0.00000000
3.53731892,0.39370080,0.00000000
3.53772692,0.39370080,0.00000000
3.53813492,0.39370080,0.00000000
3.53854292,0.39370080,0.00000000
3.53895092,0.39370080,0.00000000
3.53935892,0.39370080,-0.07874016
3.53976692,0.39370080,0.00000000
3.54017492,0.00000000,0.00000000
3.54058292,0.78740160,0.00000000
3.54099092,0.78740160,0.00000000
3.54139892,0.39370080,0.00000000
3.54180692,0.39370080,-0.07874016
3.54221492,0.39370080,0.00000000
3.54262292,0.78740160,0.00000000
3.54303092,0.39370080,-0.07874016
3.54343892,0.39370080,-0.07874016
3.54384692,0.39370080,0.00000000
3.54425492,0.39370080,-0.07874016
3.54466292,0.39370080,0.00000000
3.54507092,0.78740160,0.00000000
3.54547892,0.39370080,0.00000000
3.54588692,0.39370080,0.00000000
3.54629492,0.39370080,0.00000000
3.54670292,0.39370080,-0.07874016
3.54711092,0.39370080,0.00000000
3.54751892,0.39370080,-0.07874016
3.54792692,0.39370080,0.00000000
3.54833492,0.39370080,0.00000000
3.54874292,0.39370080,0.00000000
3.54915092,0.39370080,0.00000000
3.54955892,0.39370080,0.00000000
3.54996692,0.39370080,0.00000000
3.55037492,0.39370080,0.00000000
3.55078292,0.78740160,-0.07874016
3.55119092,0.39370080,0.00000000
3.55159892,0.78740160,-0.07874016
3.55200692,0.39370080,-0.07874016
3.55241492,0.39370080,0.00000000
3.55282292,0.39370080,0.00000000
3.55323092,0.39370080,-0.07874016
3.55363892,0.39370080,0.00000000
3.55404692,0.39370080,0.00000000
3.55445492,0.00000000,0.00000000
3.55486292,0.39370080,-0.07874016
3.55527092,0.00000000,0.00000000
3.55567892,0.39370080,0.00000000
3.55608692,0.39370080,0.00000000
3.55649492,0.00000000,0.00000000
3.55690292,0.39370080,0.00000000
3.55731092,0.39370080,0.00000000
3.55771892,0.39370080,0.00000000
3.55812692,0.39370080,0.00000000
3.55853492,0.39370080,0.00000000
3.55894292,0.78740160,-0.07874016
3.55935092,0.78740160,0.00000000
3.55975892,0.78740160,-0.07874016
3.56016692,0.39370080,0.00000000
3.56057492,0.39370080,0.00000000
3.56098292,0.00000000,0.00000000
3.56139092,0.39370080,-0.07874016
3.56179892,0.39370080,0.00000000
3.56220692,0.39370080,-0.07874016
3.56261492,0.39370080,0.00000000
3.56302292,0.00000000,0.00000000
3.56343092,0.39370080,0.00000000
3.56383892,0.39370080,-0.07874016
3.56424692,0.00000000,0.00000000
3.56465492,0.39370080,-0.07874016
3.56506292,0.39370080,0.00000000
3.56547092,0.39370080,-0.07874016
3.56587892,0.39370080,0.00000000
3.56628692,0.78740160,0.00000000
3.56669492,0.78740160,-0.07874016
3.56710292,0.39370080,-0.07874016
3.56751092,0.39370080,0.00000000
3.56791892,0.78740160,0.00000000
3.56832692,0.39370080,0.00000000
3.56873492,0.39370080,0.00000000
3.56914292,0.39370080,0.00000000
3.56955092,0.39370080,0.00000000
3.56995892,0.39370080,0.00000000
3.57036692,0.78740160,-0.07874016
3.57077492,0.39370080,0.00000000
3.57118292,0.39370080,-0.07874016
3.57159092,0.78740160,0.00000000
3.57199892,0.78740160,0.00000000
3.57240692,0.78740160,0.00000000
3.57281492,0.78740160,-0.07874016
3.57322292,0.39370080,0.00000000
3.57363092,0.78740160,0.00000000
3.57403892,0.39370080,0.00000000
3.57444692,0.39370080,-0.07874016
3.57485492,0.78740160,0.00000000
3.57526292,0.39370080,0.00000000
3.57567092,0.39370080,0.00000000
3.57607892,0.78740160,0.00000000
3.57648692,0.39370080,0.00000000
3.57689492,0.78740160,-0.07874016
3.57730292,0.39370080,0.00000000
3.57771092,0.78740160,-0.07874016
3.57811892,0.78740160,0.00000000
3.57852692,0.78740160,0.00000000
3.57893492,0.78740160,0.00000000
3.57934292,0.78740160,0.00000000
3.57975092,0.00000000,0.00000000
3.58015892,0.39370080,0.00000000
3.58056692,0.39370080,0.00000000
3.58097492,0.39370080,0.00000000
3.58138292,0.39370080,0.00000000
3.58179092,0.39370080,0.00000000
3.58219892,0.39370080,0.00000000
3.58260692,0.39370080,-0.07874016
3.58301492,0.39370080,0.00000000
3.58342292,0.39370080,0.00000000
3.58383092,0.39370080,0.00000000
3.58423892,0.00000000,0.00000000
3.58464692,0.39370080,0.00000000
3.58505492,0.00000000,-0.07874016
3.58546292,0.39370080,0.00000000
3.58587092,0.39370080,-0.07874016
3.58627892,0.39370080,0.00000000
3.58668692,0.39370080,-0.07874016
3.58709492,0.00000000,0.00000000
3.58750292,0.39370080,0.00000000
3.58791092,0.39370080,0.00000000
3.58831892,0.39370080,0.00000000
3.58872691,0.39370080,0.00000000
3.58913491,0.39370080,0.00000000
3.58954291,0.00000000,0.00000000
3.58995091,0.39370080,-0.07874016
3.59035891,0.00000000,0.00000000
3.59076691,0.39370080,0.00000000
3.59117491,0.39370080,0.00000000
3.59158291,0.78740160,-0.07874016
3.59199091,0.78740160,-0.07874016
3.59239891,0.39370080,0.00000000
3.59280691,0.78740160,0.00000000
3.59321491,0.78740160,0.00000000
3.59362291,0.78740160,0.00000000
3.59403091,0.39370080,0.00000000
3.59443891,0.78740160,0.00000000
3.59484691,0.00000000,-0.07874016
3.59525491,0.78740160,0.00000000
3.59566291,0.39370080,0.00000000
3.59607091,0.39370080,0.00000000
3.59647891,0.39370080,0.00000000
3.59688691,0.78740160,0.00000000
3.59729491,0.39370080,0.00000000
3.59770291,0.39370080,0.00000000
3.59811091,0.39370080,-0.07874016
3.59851891,0.39370080,0.00000000
3.59892691,0.39370080,0.00000000
3.59933491,0.39370080,0.00000000
3.59974291,0.39370080,0.00000000
3.60015091,0.39370080,0.00000000
3.60055891,0.39370080,0.00000000
3.60096691,0.39370080,-0.07874016
3.60137491,0.39370080,-0.07874016
3.60178291,0.78740160,0.00000000
3.60219091,0.78740160,-0.07874016
3.60259891,0.39370080,0.00000000
3.60300691,0.39370080,-0.07874016
3.60341491,0.39370080,0.00000000
3.60382291,0.39370080,0.00000000
3.60423091,0.39370080,0.00000000
3.60463891,0.39370080,0.00000000
3.60504691,0.00000000,0.00000000
3.60545491,0.78740160,0.00000000
3.60586291,0.00000000,0.00000000
3.60627091,0.39370080,0.00000000
3.60667891,0.39370080,0.00000000
3.60708691,0.39370080,0.00000000
3.60749491,0.39370080,0.00000000
3.60790291,0.39370080,0.00000000
3.60831091,0.39370080,0.00000000
3.60871891,0.39370080,0.00000000
3.60912691,0.39370080,0.00000000
3.60953491,0.39370080,-0.07874016
3.60994291,0.39370080,0.00000000
3.61035091,0.00000000,0.00000000
3.61075891,0.00000000,0.00000000
3.61116691,0.39370080,0.00000000
3.61157491,0.39370080,-0.07874016
3.61198291,0.39370080,0.00000000
3.61239091,0.39370080,0.00000000
3.61279891,0.39370080,-0.07874016
3.61320691,0.39370080,0.00000000
3.61361491,0.39370080,0.00000000
3.61402291,0.78740160,0.00000000
3.61443091,0.39370080,0.00000000
3.61483891,0.00000000,0.00000000
3.61524691,0.78740160,0.00000000
3.61565491,0.00000000,0.00000000
3.61606291,0.39370080,0.00000000
3.61647091,0.39370080,0.00000000
3.61687891,0.39370080,0.00000000
3.61728691,0.39370080,0.00000000
3.61769491,0.78740160,0.00000000
3.61810291,0.39370080,0.00000000
3.61851091,0.39370080,0.00000000
3.61891891,0.39370080,-0.07874016
3.61932691,0.39370080,-0.07874016
3.61973491,0.78740160,0.00000000
3.62014291,0.39370080,0.00000000
3.62055091,0.39370080,0.00000000
3.62095891,0.39370080,-0.07874016
3.62136691,0.39370080,0.00000000
3.62177491,0.78740160,0.00000000
3.62218291,0.39370080,0.00000000
3.62259091,0.39370080,0.00000000
3.62299891,0.39370080,0.00000000
3.62340691,0.39370080,0.00000000
3.62381491,0.39370080,0.00000000
3.62422291,0.78740160,0.00000000
3.62463091,0.39370080,-0.07874016
3.62503891,0.39370080,-0.07874016
3.62544691,0.39370080,-0.07874016
3.62585491,0.39370080,0.00000000
3.62626291,0.39370080,0.00000000
3.62667091,0.00000000,0.00000000
3.62707891,0.39370080,-0.07874016
3.62748691,0.39370080,-0.07874016
3.62789491,0.39370080,0.00000000
3.62830291,0.39370080,0.00000000
3.62871091,0.39370080,0.00000000
3.62911891,0.39370080,-0.07874016
3.62952691,0.39370080,0.00000000
3.62993491,0.78740160,0.00000000
3.63034291,0.39370080,0.00000000
3.63075091,0.39370080,0.00000000
3.63115891,0.39370080,0.00000000
3.63156691,0.39370080,0.00000000
3.63197491,0.00000000,0.00000000
3.63238291,0.00000000,0.00000000
3.63279091,0.00000000,0.00000000
3.63319891,0.39370080,-0.07874016
3.63360691,0.00000000,0.00000000
3.63401491,0.39370080,0.00000000
3.63442291,0.39370080,0.00000000
3.63483091,0.39370080,-0.07874016
3.63523891,0.39370080,0.00000000
3.63564691,0.78740160,-0.07874016
3.63605491,0.39370080,0.00000000
3.63646291,0.39370080,-0.07874016
3.63687091,0.39370080,0.00000000
3.63727891,0.78740160,0.00000000
3.63768691,0.00000000,0.00000000
3.63809491,0.39370080,-0.07874016
3.63850291,0.39370080,0.00000000
3.63891091,0.00000000,-0.07874016
3.63931891,0.00000000,0.00000000
3.63972691,0.39370080,0.00000000
3.64013491,0.39370080,-0.07874016
3.64054291,0.39370080,0.00000000
3.64095091,0.39370080,-0.07874016
3.64135891,0.78740160,-0.07874016
3.64176691,0.39370080,-0.07874016
3.64217491,0.00000000,-0.07874016
3.64258291,0.78740160,0.00000000
3.64299091,0.39370080,0.00000000
3.64339891,0.39370080,0.00000000
3.64380691,0.78740160,-0.07874016
3.64421491,0.39370080,0.00000000
3.64462291,0.78740160,0.00000000
3.64503091,0.39370080,0.00000000
3.64543891,0.39370080,0.00000000
3.64584691,0.78740160,0.00000000
3.64625491,0.39370080,0.00000000
3.64666291,0.39370080,0.00000000
3.64707091,0.78740160,-0.07874016
3.64747891,0.39370080,0.00000000
3.64788691,0.78740160,0.00000000
3.64829491,0.78740160,0.00000000
3.64870291,0.39370080,0.00000000
3.64911091,0.78740160,0.00000000
3.64951891,0.39370080,-0.07874016
3.64992691,0.39370080,0.00000000
3.65033491,0.39370080,0.00000000
3.65074291,0.00000000,0.00000000
3.65115091,0.78740160,0.00000000
3.65155891,0.00000000,-0.07874016
3.65196691,0.78740160,0.00000000
3.65237491,0.39370080,0.00000000
3.65278291,0.39370080,-0.07874016
3.65319091,0.39370080,0.00000000
3.65359891,0.78740160,-0.07874016
3.65400691,0.39370080,0.00000000
3.65441491,0.78740160,-0.07874016
3.65482291,0.78740160,-0.07874016
3.65523091,0.39370080,-0.07874016
3.65563891,0.39370080,0.00000000
3.65604691,0.39370080,0.00000000
3.65645491,0.00000000,0.00000000
3.65686291,0.39370080,-0.07874016
3.65727091,0.39370080,0.00000000
3.65767891,0.39370080,-0.07874016
3.65808691,0.39370080,0.00000000
3.65849491,0.78740160,0.00000000
3.65890291,0.39370080,0.00000000
3.65931091,0.39370080,-0.07874016
3.65971891,0.39370080,0.00000000
3.66012691,0.78740160,0.00000000
3.66053491,0.39370080,0.00000000
3.66094291,0.39370080,-0.07874016
3.66135091,0.00000000,0.00000000
3.66175891,0.39370080,-0.07874016
3.66216691,0.39370080,0.00000000
3.66257491,0.39370080,-0.07874016
3.66298291,0.39370080,0.00000000
3.66339091,0.39370080,0.00000000
3.66379891,0.00000000,0.00000000
3.66420691,0.78740160,0.00000000
3.66461491,0.39370080,0.00000000
3.66502291,0.78740160,0.00000000
3.66543091,0.39370080,0.00000000
3.66583891,0.00000000,-0.07874016
3.66624691,0.39370080,0.00000000
3.66665491,0.78740160,-0.07874016
3.66706291,0.00000000,0.00000000
3.66747091,0.00000000,-0.07874016
3.66787891,0.78740160,0.00000000
3.66828691,0.39370080,-0.07874016
3.66869491,0.39370080,0.00000000
3.66910291,0.39370080,0.00000000
3.66951091,0.39370080,0.00000000
3.66991891,0.39370080,0.00000000
3.67032691,0.78740160,0.00000000
3.67073491,0.78740160,-0.07874016
3.67114291,0.78740160,-0.07874016
3.67155091,0.39370080,-0.07874016
3.67195891,0.39370080,0.00000000
3.67236691,0.78740160,0.00000000
3.67277491,0.39370080,0.00000000
3.67318291,0.00000000,0.00000000
3.67359091,0.78740160,0.00000000
3.67399891,0.78740160,0.00000000
3.67440691,0.78740160,0.00000000
3.67481491,0.78740160,0.00000000
3.67522291,0.39370080,0.00000000
3.67563091,0.78740160,-0.07874016
3.67603891,0.00000000,0.00000000
3.67644691,0.78740160,0.00000000
3.67685491,0.39370080,0.00000000
3.67726291,0.39370080,0.00000000
3.67767091,0.39370080,0.00000000
3.67807891,0.00000000,0.00000000
3.67848691,0.39370080,0.00000000
3.67889491,0.39370080,0.00000000
3.67930291,0.78740160,0.00000000
3.67971091,0.39370080,-0.07874016
3.68011891,0.39370080,0.00000000
3.68052691,0.39370080,-0.07874016
3.68093491,0.39370080,0.00000000
3.68134291,0.39370080,0.00000000
3.68175091,0.39370080,0.00000000
3.68215891,0.39370080,0.00000000
3.68256691,0.39370080,0.00000000
3.68297491,0.39370080,0.00000000
3.68338291,0.00000000,0.00000000
3.68379091,0.39370080,-0.07874016
3.68419891,0.78740160,0.00000000
3.68460691,0.78740160,-0.07874016
3.68501491,0.39370080,0.00000000
3.68542291,0.39370080,0.00000000
3.68583091,0.39370080,0.00000000
3.68623891,0.39370080,0.00000000
3.68664691,0.39370080,0.00000000
3.68705491,0.39370080,0.00000000
3.68746291,0.39370080,0.00000000
3.68787091,0.39370080,0.00000000
3.68827891,0.39370080,0.00000000
3.68868691,0.00000000,0.00000000
3.68909491,0.00000000,0.00000000
3.68950291,0.39370080,-0.07874016
3.68991091,0.39370080,0.00000000
3.69031891,0.39370080,-0.07874016
3.69072691,0.39370080,0.00000000
3.69113491,0.39370080,0.00000000
3.69154291,0.78740160,0.00000000
3.69195091,0.78740160,0.00000000
3.69235891,0.39370080,-0.07874016
3.69276691,0.39370080,-0.07874016
3.69317491,0.39370080,0.00000000
3.69358291,0.39370080,-0.07874016
3.69399091,0.39370080,0.00000000
3.69439891,0.78740160,0.00000000
3.69480691,0.39370080,-0.07874016
3.69521491,0.39370080,0.00000000
3.69562291,0.39370080,0.00000000
3.69603091,0.39370080,0.00000000
3.69643891,0.39370080,0.00000000
3.69684691,0.39370080,0.00000000
3.69725491,0.78740160,0.00000000
3.69766291,0.39370080,0.00000000
3.69807091,0.39370080,0.00000000
3.69847891,0.78740160,-0.07874016
3.69888691,0.39370080,0.00000000
3.69929491,0.78740160,-0.07874016
3.69970291,0.00000000,0.00000000
3.70011091,0.39370080,0.00000000
3.70051891,0.39370080,0.00000000
3.70092691,0.00000000,0.00000000
3.70133491,0.39370080,0.00000000
3.70174291,0.39370080,0.00000000
3.70215091,0.39370080,0.00000000
3.70255891,0.39370080,0.00000000
3.70296691,0.39370080,0.00000000
3.70337491,0.39370080,-0.07874016
3.70378291,0.39370080,0.00000000
3.70419091,0.00000000,-0.07874016
3.70459891,0.39370080,0.00000000
3.70500691,0.39370080,0.00000000
3.70541491,0.39370080,0.00000000
3.70582291,0.39370080,0.00000000
3.70623091,0.39370080,-0.07874016
3.70663891,0.39370080,-0.07874016
3.70704691,0.39370080,-0.07874016
3.70745491,0.39370080,0.00000000
3.70786291,0.39370080,0.00000000
3.70827091,0.78740160,0.00000000
3.70867891,0.39370080,0.00000000
3.70908691,0.39370080,0.00000000
3.70949491,0.39370080,0.00000000
3.70990291,0.39370080,0.00000000
3.71031091,0.00000000,0.00000000
3.71071891,0.39370080,-0.07874016
3.71112691,0.39370080,0.00000000
3.71153491,0.39370080,0.00000000
3.71194291,0.39370080,0.00000000
3.71235091,0.39370080,-0.07874016
3.71275891,0.39370080,0.00000000
3.71316691,0.78740160,0.00000000
3.71357491,0.39370080,0.00000000
3.71398291,0.39370080,-0.07874016
3.71439091,0.39370080,-0.07874016
3.71479891,0.78740160,-0.07874016
3.71520691,0.39370080,0.00000000
3.71561491,0.39370080,0.00000000
3.71602291,0.39370080,0.00000000
3.71643091,0.39370080,0.00000000
3.71683891,0.00000000,-0.07874016
3.71724691,0.39370080,-0.07874016
3.71765491,0.39370080,0.00000000
3.71806291,0.39370080,-0.07874016
3.71847091,0.00000000,0.00000000
3.71887891,0.78740160,-0.07874016
3.71928691,0.39370080,0.00000000
3.71969491,0.39370080,0.00000000
3.72010291,0.39370080,0.00000000
3.72051091,0.78740160,-0.07874016
3.72091891,0.78740160,-0.07874016
3.72132691,0.39370080,0.00000000
3.72173491,0.39370080,0.00000000
3.72214291,0.78740160,0.00000000
3.72255091,0.78740160,0.00000000
3.72295891,0.39370080,-0.07874016
3.72336691,0.39370080,0.00000000
3.72377491,0.39370080,-0.07874016
3.72418291,0.39370080,0.00000000
3.72459091,0.78740160,0.00000000
3.72499891,0.39370080,0.00000000
3.72540691,0.39370080,-0.07874016
3.72581491,0.39370080,0.00000000
3.72622291,0.78740160,0.00000000
3.72663091,0.39370080,0.00000000
3.72703891,0.39370080,-0.07874016
3.72744691,0.78740160,0.00000000
3.72785491,0.39370080,0.00000000
3.72826291,0.39370080,0.00000000
3.72867091,0.78740160,0.00000000
3.72907891,0.39370080,0.00000000
3.72948691,0.78740160,-0.07874016
3.72989491,0.39370080,-0.07874016
3.73030291,0.39370080,0.00000000
3.73071091,0.39370080,0.00000000
3.73111891,0.78740160,0.00000000
3.73152691,0.39370080,0.00000000
3.73193491,0.78740160,-0.07874016
3.73234291,0.00000000,0.00000000
3.73275091,0.39370080,-0.07874016
3.73315891,0.39370080,0.00000000
3.73356691,0.00000000,-0.07874016
3.73397491,0.39370080,0.00000000
3.73438291,0.39370080,0.00000000
3.73479091,0.39370080,0.00000000
3.73519891,0.39370080,0.00000000
3.73560691,0.39370080,0.00000000
3.73601491,0.39370080,-0.07874016
3.73642291,0.39370080,-0.07874016
3.73683091,0.39370080,0.00000000
3.73723891,0.78740160,0.00000000
3.73764691,0.00000000,-0.07874016
3.73805491,0.39370080,0.00000000
3.73846291,0.39370080,0.00000000
3.73887091,0.00000000,0.00000000
3.73927891,0.39370080,0.00000000
3.73968691,0.00000000,0.00000000
3.74009491,0.39370080,0.00000000
3.74050291,0.39370080,0.00000000
3.74091091,0.39370080,0.00000000
3.74131891,0.39370080,0.00000000
3.74172691,0.00000000,0.00000000
3.74213491,0.00000000,0.00000000
3.74254291,0.39370080,0.00000000
3.74295091,0.39370080,0.00000000
3.74335891,0.00000000,0.00000000
3.74376691,0.39370080,0.00000000
3.74417491,0.39370080,0.00000000
3.74458291,0.00000000,0.00000000
3.74499091,0.39370080,0.00000000
3.74539891,0.39370080,0.00000000
3.74580691,0.78740160,0.00000000
3.74621491,0.39370080,0.00000000
3.74662291,0.39370080,0.00000000
3.74703091,0.39370080,0.00000000
3.74743891,0.39370080,0.00000000
3.74784691,0.39370080,-0.07874016
3.74825491,0.39370080,0.00000000
3.74866291,0.39370080,0.00000000
3.74907091,0.39370080,0.00000000
3.74947891,0.39370080,0.00000000
3.74988691,0.39370080,0.00000000
3.75029491,0.39370080,0.00000000
3.75070291,0.39370080,0.00000000
3.75111091,0.78740160,0.00000000
3.75151891,0.39370080,-0.07874016
3.75192691,0.00000000,-0.07874016
3.75233491,0.39370080,-0.07874016
3.75274291,0.39370080,0.00000000
3.75315091,0.39370080,-0.07874016
3.75355891,0.39370080,0.00000000
3.75396691,0.39370080,-0.07874016
3.75437491,0.78740160,0.00000000
3.75478291,0.39370080,0.00000000
3.75519091,0.39370080,0.00000000
3.75559891,0.78740160,-0.07874016
3.75600691,0.39370080,0.00000000
3.75641491,0.39370080,-0.07874016
3.75682291,0.39370080,0.00000000
3.75723091,0.39370080,-0.07874016
3.75763891,0.39370080,0.00000000
3.75804691,0.78740160,0.00000000
3.75845491,0.00000000,0.00000000
3.75886291,0.78740160,0.00000000
3.75927091,0.39370080,0.00000000
3.75967891,0.39370080,-0.07874016
3.76008691,0.39370080,0.00000000
3.76049491,0.00000000,0.00000000
3.76090291,0.00000000,0.00000000
3.76131091,0.39370080,0.00000000
3.76171891,0.39370080,0.00000000
3.76212691,0.39370080,0.00000000
3.76253491,0.00000000,0.00000000
3.76294291,0.39370080,0.00000000
3.76335091,0.78740160,0.00000000
3.76375891,0.39370080,-0.07874016
3.76416691,0.39370080,0.00000000
3.76457491,0.39370080,0.00000000
3.76498291,0.39370080,0.00000000
3.76539090,0.78740160,0.00000000
3.76579890,0.39370080,0.00000000
3.76620690,0.39370080,0.00000000
3.76661490,0.78740160,0.00000000
3.76702290,0.39370080,-0.07874016
3.76743090,0.39370080,0.00000000
3.76783890,0.78740160,0.00000000
3.76824690,0.00000000,0.00000000
3.76865490,0.39370080,-0.07874016
3.76906290,0.78740160,0.00000000
3.76947090,0.78740160,0.00000000
3.76987890,0.39370080,0.00000000
3.77028690,0.78740160,0.00000000
3.77069490,0.00000000,0.00000000
3.77110290,0.39370080,0.00000000
3.77151090,0.39370080,0.00000000
3.77191890,0.78740160,-0.07874016
3.77232690,0.39370080,0.00000000
3.77273490,0.39370080,-0.07874016
3.77314290,0.78740160,0.00000000
3.77355090,0.39370080,0.00000000
3.77395890,0.39370080,0.00000000
3.77436690,0.39370080,-0.07874016
3.77477490,0.39370080,0.00000000
3.77518290,0.39370080,0.00000000
3.77559090,0.39370080,0.00000000
3.77599890,0.00000000,-0.07874016
3.77640690,0.39370080,0.00000000
3.77681490,0.39370080,0.00000000
3.77722290,0.78740160,0.00000000
3.77763090,0.39370080,0.00000000
3.77803890,0.39370080,0.00000000
3.77844690,0.78740160,0.00000000
3.77885490,0.39370080,0.00000000
3.77926290,0.00000000,0.00000000
3.77967090,0.39370080,0.00000000
3.78007890,0.39370080,0.00000000
3.78048690,0.39370080,0.00000000
3.78089490,0.78740160,-0.07874016
3.78130290,0.39370080,0.00000000
3.78171090,0.39370080,0.00000000
3.78211890,0.39370080,0.00000000
3.78252690,0.39370080,0.00000000
3.78293490,0.39370080,0.00000000
3.78334290,0.39370080,-0.07874016
3.78375090,0.39370080,0.00000000
3.78415890,0.39370080,0.00000000
3.78456690,0.39370080,0.00000000
3.78497490,0.39370080,0.00000000
3.78538290,0.39370080,0.00000000
3.78579090,0.39370080,-0.07874016
3.78619890,0.00000000,0.00000000
3.78660690,0.78740160,-0.07874016
3.78701490,0.39370080,0.00000000
3.78742290,0.00000000,0.00000000
3.78783090,0.39370080,0.00000000
3.78823890,0.39370080,-0.07874016
3.78864690,0.00000000,0.00000000
3.78905490,0.39370080,0.00000000
3.78946290,0.39370080,0.00000000
3.78987090,0.78740160,-0.07874016
3.79027890,0.39370080,0.00000000
3.79068690,0.39370080,-0.07874016
3.79109490,0.00000000,0.00000000
3.79150290,0.39370080,-0.07874016
3.79191090,0.39370080,0.00000000
3.79231890,0.39370080,0.00000000
3.79272690,0.39370080,0.00000000
3.79313490,0.39370080,0.00000000
3.79354290,0.39370080,0.00000000
3.79395090,0.39370080,0.00000000
3.79435890,0.39370080,0.00000000
3.79476690,0.39370080,0.00000000
3.79517490,0.39370080,0.00000000
3.79558290,0.78740160,0.00000000
3.79599090,0.39370080,0.00000000
3.79639890,0.39370080,0.00000000
3.79680690,0.39370080,0.00000000
3.79721490,0.78740160,0.00000000
3.79762290,0.78740160,0.00000000
3.79803090,0.39370080,0.00000000
3.79843890,0.78740160,0.00000000
3.79884690,0.39370080,-0.07874016
3.79925490,0.39370080,0.00000000
3.79966290,0.39370080,-0.07874016
3.80007090,0.39370080,0.00000000
3.80047890,0.39370080,-0.07874016
3.80088690,0.39370080,0.00000000
3.80129490,0.39370080,0.00000000
3.80170290,0.39370080,0.00000000
3.80211090,0.78740160,0.00000000
3.80251890,0.39370080,0.00000000
3.80292690,0.39370080,0.00000000
3.80333490,0.39370080,0.00000000
3.80374290,0.39370080,0.00000000
3.80415090,0.39370080,0.00000000
3.80455890,0.39370080,0.00000000
3.80496690,0.39370080,0.00000000
3.80537490,0.39370080,0.00000000
3.80578290,0.00000000,0.00000000
3.80619090,0.78740160,-0.07874016
3.80659890,0.39370080,0.00000000
3.80700690,0.00000000,-0.07874016
3.80741490,0.78740160,0.00000000
3.80782290,0.00000000,0.00000000
3.80823090,0.39370080,0.00000000
3.80863890,0.39370080,0.00000000
3.80904690,0.00000000,0.00000000
3.80945490,0.39370080,0.00000000
3.80986290,0.39370080,0.00000000
3.81027090,0.39370080,0.00000000
3.81067890,0.00000000,0.00000000
3.81108690,0.39370080,0.00000000
3.81149490,0.39370080,0.00000000
3.81190290,0.39370080,0.00000000
3.81231090,0.39370080,0.00000000
3.81271890,0.39370080,0.00000000
3.81312690,0.00000000,0.00000000
3.81353490,0.39370080,0.00000000
3.81394290,0.39370080,0.00000000
3.81435090,0.39370080,0.00000000
3.81475890,0.00000000,0.00000000
3.81516690,0.00000000,0.00000000
3.81557490,0.39370080,0.00000000
3.81598290,0.78740160,0.00000000
3.81639090,0.39370080,0.00000000
3.81679890,0.00000000,0.00000000
3.81720690,0.39370080,0.00000000
3.81761490,0.39370080,-0.07874016
3.81802290,0.39370080,0.00000000
3.81843090,0.39370080,0.00000000
3.81883890,0.39370080,0.00000000
3.81924690,0.39370080,0.00000000
3.81965490,0.39370080,-0.07874016
3.82006290,0.39370080,0.00000000
3.82047090,0.39370080,0.00000000
3.82087890,0.39370080,0.00000000
3.82128690,0.39370080,0.00000000
3.82169490,0.39370080,0.00000000
3.82210290,0.00000000,0.00000000
3.82251090,0.39370080,-0.07874016
3.82291890,0.39370080,0.00000000
3.82332690,0.00000000,-0.07874016
3.82373490,0.39370080,0.00000000
3.82414290,0.39370080,0.00000000
3.82455090,0.39370080,0.00000000
3.82495890,0.78740160,-0.07874016
3.82536690,0.39370080,0.00000000
3.82577490,0.78740160,0.00000000
3.82618290,0.39370080,0.00000000
3.82659090,0.39370080,-0.07874016
3.82699890,0.39370080,0.00000000
3.82740690,0.39370080,0.00000000
3.82781490,0.39370080,0.00000000
3.82822290,0.39370080,-0.07874016
3.82863090,0.39370080,0.00000000
3.82903890,0.39370080,-0.07874016
3.82944690,0.39370080,0.00000000
3.82985490,0.39370080,0.00000000
3.83026290,0.39370080,0.00000000
3.83067090,0.39370080,0.00000000
3.83107890,0.00000000,0.00000000
3.83148690,0.78740160,0.00000000
3.83189490,0.00000000,0.00000000
3.83230290,0.39370080,0.00000000
3.83271090,0.39370080,0.00000000
3.83311890,0.39370080,0.00000000
3.83352690,0.78740160,0.00000000
3.83393490,0.39370080,0.00000000
3.83434290,0.39370080,0.00000000
3.83475090,0.39370080,0.00000000
3.83515890,0.39370080,0.00000000
3.83556690,0.39370080,-0.07874016
3.83597490,0.39370080,0.00000000
3.83638290,0.39370080,0.00000000
3.83679090,0.39370080,-0.07874016
3.83719890,0.39370080,-0.07874016
3.83760690,0.39370080,0.00000000
3.83801490,0.39370080,-0.07874016
3.83842290,0.39370080,0.00000000
3.83883090,0.39370080,-0.07874016
3.83923890,0.39370080,0.00000000
3.83964690,0.39370080,0.00000000
3.84005490,0.39370080,0.00000000
3.84046290,0.39370080,0.00000000
3.84087090,0.78740160,0.00000000
3.84127890,0.39370080,0.00000000
3.84168690,0.39370080,0.00000000
3.84209490,0.39370080,0.00000000
3.84250290,0.39370080,0.00000000
3.84291090,0.39370080,0.00000000
3.84331890,0.39370080,0.00000000
3.84372690,0.39370080,0.00000000
3.84413490,0.39370080,0.00000000
3.84454290,0.39370080,-0.07874016
3.84495090,0.39370080,0.00000000
3.84535890,0.39370080,-0.07874016
3.84576690,0.39370080,0.00000000
3.84617490,0.39370080,0.00000000
3.84658290,0.39370080,0.00000000
3.84699090,0.00000000,-0.07874016
3.84739890,0.39370080,0.00000000
3.84780690,0.78740160,-0.07874016
3.84821490,0.39370080,0.00000000
3.84862290,0.78740160,0.00000000
3.84903090,0.78740160,0.00000000
3.84943890,0.39370080,0.00000000
3.84984690,0.78740160,0.00000000
3.85025490,0.78740160,0.00000000
3.85066290,0.00000000,0.00000000
3.85107090,0.78740160,0.00000000
3.85147890,0.39370080,0.00000000
3.85188690,0.39370080,0.00000000
3.85229490,0.39370080,0.00000000
3.85270290,0.39370080,0.00000000
3.85311090,0.78740160,0.00000000
3.85351890,0.78740160,0.00000000
3.85392690,0.39370080,0.00000000
3.85433490,0.78740160,0.00000000
3.85474290,0.39370080,0.00000000
3.85515090,0.39370080,-0.07874016
3.85555890,0.78740160,0.00000000
3.85596690,0.39370080,0.00000000
3.85637490,0.39370080,-0.07874016
3.85678290,0.39370080,0.00000000
3.85719090,0.39370080,0.00000000
3.85759890,0.39370080,0.00000000
3.85800690,0.39370080,0.00000000
3.85841490,0.00000000,0.00000000
3.85882290,0.39370080,-0.07874016
3.85923090,0.39370080,0.00000000
3.85963890,0.39370080,0.00000000
3.86004690,0.39370080,0.00000000
3.86045490,0.00000000,0.00000000
3.86086290,0.39370080,0.00000000
3.86127090,0.39370080,0.00000000
3.86167890,0.00000000,0.00000000
3.86208690,0.00000000,0.00000000
3.86249490,0.39370080,-0.07874016
3.86290290,0.39370080,0.00000000
3.86331090,0.78740160,0.00000000
3.86371890,0.39370080,0.00000000
3.86412690,0.78740160,0.00000000
3.86453490,0.00000000,0.00000000
3.86494290,0.39370080,0.00000000
3.86535090,0.39370080,0.00000000
3.86575890,0.39370080,-0.07874016
3.86616690,0.39370080,0.00000000
3.86657490,0.39370080,0.00000000
3.86698290,0.00000000,0.00000000
3.86739090,0.39370080,0.00000000
3.86779890,0.39370080,0.00000000
3.86820690,0.39370080,0.00000000
3.86861490,0.78740160,0.00000000
3.86902290,0.39370080,0.00000000
3.86943090,0.39370080,-0.07874016
3.86983890,0.39370080,0.00000000
3.87024690,0.39370080,0.00000000
3.87065490,0.78740160,0.00000000
3.87106290,0.39370080,0.00000000
3.87147090,0.39370080,0.00000000
3.87187890,0.39370080,-0.07874016
3.87228690,0.39370080,-0.07874016
3.87269490,0.39370080,0.00000000
3.87310290,0.39370080,0.00000000
3.87351090,0.78740160,0.00000000
3.87391890,0.78740160,0.00000000
3.87432690,0.39370080,0.00000000
3.87473490,0.78740160,0.00000000
3.87514290,0.39370080,0.00000000
3.87555090,0.39370080,0.00000000
3.87595890,0.39370080,0.00000000
3.87636690,0.78740160,0.00000000
3.87677490,0.39370080,0.00000000
3.87718290,0.39370080,0.00000000
3.87759090,0.00000000,0.00000000
3.87799890,0.39370080,0.00000000
3.87840690,0.39370080,0.00000000
3.87881490,0.39370080,0.00000000
3.87922290,0.39370080,0.00000000
3.87963090,0.78740160,0.00000000
3.88003890,0.78740160,0.00000000
3.88044690,0.39370080,0.00000000
3.88085490,0.39370080,0.00000000
3.88126290,0.39370080,0.00000000
3.88167090,0.39370080,0.00000000
3.88207890,0.39370080,0.00000000
3.88248690,0.00000000,0.00000000
3.88289490,0.39370080,0.00000000
3.88330290,0.00000000,0.00000000
3.88371090,0.39370080,-0.07874016
3.88411890,0.39370080,0.00000000
3.88452690,0.39370080,0.00000000
3.88493490,0.39370080,0.00000000
3.88534290,0.39370080,-0.07874016
3.88575090,0.39370080,0.00000000
3.88615890,0.00000000,0.00000000
3.88656690,0.39370080,0.00000000
3.88697490,0.39370080,-0.07874016
3.88738290,0.78740160,-0.07874016
3.88779090,0.78740160,0.00000000
3.88819890,0.39370080,0.00000000
3.88860690,0.39370080,0.00000000
3.88901490,0.39370080,0.00000000
3.88942290,0.39370080,-0.07874016
3.88983090,0.00000000,0.00000000
3.89023890,0.39370080,0.00000000
3.89064690,0.39370080,0.00000000
3.89105490,0.39370080,0.00000000
3.89146290,0.00000000,0.00000000
3.89187090,0.39370080,0.00000000
3.89227890,0.39370080,0.00000000
3.89268690,0.39370080,0.00000000
3.89309490,0.39370080,0.00000000
3.89350290,0.39370080,0.00000000
3.89391090,0.39370080,0.00000000
3.89431890,0.78740160,0.00000000
3.89472690,0.39370080,0.00000000
3.89513490,0.39370080,0.00000000
3.89554290,0.39370080,0.00000000
3.89595090,0.39370080,-0.07874016
3.89635890,0.00000000,0.00000000
3.89676690,0.78740160,0.00000000
3.89717490,0.39370080,0.00000000
3.89758290,0.39370080,0.00000000
3.89799090,0.39370080,0.00000000
3.89839890,0.39370080,-0.07874016
3.89880690,0.39370080,0.00000000
3.89921490,0.78740160,0.00000000
3.89962290,0.39370080,0.00000000
3.90003090,0.39370080,-0.07874016
3.90043890,0.78740160,0.00000000
3.90084690,0.78740160,0.00000000
3.90125490,0.39370080,0.00000000
3.90166290,0.39370080,-0.07874016
3.90207090,0.39370080,0.00000000
3.90247890,0.39370080,0.00000000
3.90288690,0.39370080,-0.07874016
3.90329490,0.39370080,0.00000000
3.90370290,0.39370080,0.00000000
3.90411090,0.39370080,0.00000000
3.90451890,0.39370080,0.00000000
3.90492690,0.39370080,-0.07874016
3.90533490,0.39370080,0.00000000
3.90574290,0.78740160,0.00000000
3.90615090,0.78740160,0.00000000
3.90655890,0.39370080,-0.07874016
3.90696690,0.39370080,0.00000000
3.90737490,0.39370080,0.00000000
3.90778290,0.39370080,-0.07874016
3.90819090,0.39370080,0.00000000
3.90859890,0.39370080,0.00000000
3.90900690,0.39370080,0.00000000
3.90941490,0.39370080,0.00000000
3.90982290,0.39370080,0.00000000
3.91023090,0.39370080,0.00000000
3.91063890,0.00000000,-0.07874016
3.91104690,0.39370080,0.00000000
3.91145490,0.39370080,0.00000000
3.91186290,0.39370080,0.00000000
3.91227090,0.39370080,0.00000000
3.91267890,0.39370080,0.00000000
3.91308690,0.78740160,0.00000000
3.91349490,0.39370080,0.00000000
3.91390290,0.39370080,-0.07874016
3.91431090,0.39370080,0.00000000
3.91471890,0.00000000,-0.07874016
3.91512690,0.39370080,0.00000000
3.91553490,0.39370080,0.00000000
3.91594290,0.00000000,0.00000000
3.91635090,0.78740160,0.00000000
3.91675890,0.39370080,0.00000000
3.91716690,0.00000000,0.00000000
3.91757490,0.39370080,0.00000000
3.91798290,0.39370080,0.00000000
3.91839090,0.39370080,0.00000000
3.91879890,0.39370080,-0.07874016
3.91920690,0.39370080,-0.07874016
3.91961490,0.78740160,0.00000000
3.92002290,0.39370080,0.00000000
3.92043090,0.78740160,-0.07874016
3.92083890,0.78740160,0.00000000
3.92124690,0.39370080,-0.07874016
3.92165490,0.39370080,0.00000000
3.92206290,0.39370080,0.00000000
3.92247090,0.39370080,0.00000000
3.92287890,0.78740160,-0.07874016
3.92328690,0.39370080,0.00000000
3.92369490,0.00000000,0.00000000
3.92410290,0.78740160,0.00000000
3.92451090,0.39370080,0.00000000
3.92491890,0.39370080,0.00000000
3.92532690,0.39370080,0.00000000
3.92573490,0.39370080,0.00000000
3.92614290,0.39370080,-0.07874016
3.92655090,0.39370080,0.00000000
3.92695890,0.39370080,0.00000000
3.92736690,0.78740160,0.00000000
3.92777490,0.39370080,-0.07874016
3.92818290,0.39370080,0.00000000
3.92859090,0.78740160,0.00000000
3.92899890,0.00000000,0.00000000
3.92940690,0.00000000,0.00000000
3.92981490,0.78740160,0.00000000
3.93022290,0.00000000,-0.07874016
3.93063090,0.39370080,0.00000000
3.93103890,0.39370080,0.00000000
3.93144690,0.39370080,0.00000000
3.93185490,0.39370080,0.00000000
3.93226290,0.39370080,0.00000000
3.93267090,0.78740160,0.00000000
3.93307890,0.39370080,0.00000000
3.93348690,0.39370080,-0.07874016
3.93389490,0.39370080,0.00000000
3.93430290,0.39370080,0.00000000
3.93471090,0.00000000,0.00000000
3.93511890,0.78740160,-0.07874016
3.93552690,0.39370080,0.00000000
3.93593490,0.39370080,0.00000000
3.93634290,0.78740160,0.00000000
3.93675090,0.39370080,-0.07874016
3.93715890,0.39370080,0.00000000
3.93756690,0.39370080,0.00000000
3.93797490,0.00000000,0.00000000
3.93838290,0.39370080,0.00000000
3.93879090,0.39370080,0.00000000
3.93919890,0.39370080,0.00000000
3.93960690,0.00000000,0.00000000
3.94001490,0.39370080,0.00000000
3.94042290,0.39370080,0.00000000
3.94083090,0.39370080,0.00000000
3.94123890,0.39370080,0.00000000
3.94164690,0.39370080,0.00000000
3.94205489,0.39370080,0.00000000
3.94246289,0.78740160,0.00000000
3.94287089,0.78740160,0.00000000
3.94327889,0.39370080,0.00000000
3.94368689,0.39370080,0.00000000
3.94409489,0.39370080,0.00000000
3.94450289,0.39370080,0.00000000
3.94491089,0.39370080,0.00000000
3.94531889,0.78740160,0.00000000
3.94572689,0.78740160,-0.07874016
3.94613489,0.39370080,0.00000000
3.94654289,0.39370080,-0.07874016
3.94695089,0.78740160,0.00000000
3.94735889,0.39370080,-0.07874016
3.94776689,0.39370080,0.00000000
3.94817489,0.78740160,-0.07874016
3.94858289,0.39370080,0.00000000
3.94899089,0.78740160,0.00000000
3.94939889,0.39370080,0.00000000
3.94980689,0.39370080,0.00000000
3.95021489,0.39370080,0.00000000
3.95062289,0.39370080,0.00000000
3.95103089,0.39370080,0.00000000
3.95143889,0.39370080,0.00000000
3.95184689,0.39370080,0.00000000
3.95225489,0.39370080,0.00000000
3.95266289,0.39370080,0.00000000
3.95307089,0.78740160,0.00000000
3.95347889,0.78740160,0.00000000
3.95388689,0.39370080,0.00000000
3.95429489,0.78740160,0.00000000
3.95470289,0.39370080,0.00000000
3.95511089,0.39370080,0.00000000
3.95551889,0.39370080,-0.07874016
3.95592689,0.39370080,0.00000000
3.95633489,0.39370080,-0.07874016
3.95674289,0.39370080,0.00000000
3.95715089,0.39370080,-0.07874016
3.95755889,0.78740160,0.00000000
3.95796689,0.39370080,-0.07874016
3.95837489,0.39370080,0.00000000
3.95878289,0.00000000,0.00000000
3.95919089,0.39370080,0.00000000
3.95959889,0.39370080,0.00000000
3.96000689,0.39370080,0.00000000
3.96041489,0.39370080,-0.07874016
3.96082289,0.39370080,0.00000000
3.96123089,0.39370080,0.00000000
3.96163889,0.39370080,0.00000000
3.96204689,0.78740160,0.00000000
3.96245489,0.39370080,0.00000000
3.96286289,0.39370080,0.00000000
3.96327089,0.00000000,0.00000000
3.96367889,0.39370080,0.00000000
3.96408689,0.39370080,0.00000000
3.96449489,0.39370080,0.00000000
3.96490289,0.39370080,0.00000000
3.96531089,0.39370080,0.00000000
3.96571889,0.39370080,0.00000000
3.96612689,0.78740160,-0.07874016
3.96653489,0.39370080,-0.07874016
3.96694289,0.39370080,0.00000000
3.96735089,0.39370080,0.00000000
3.96775889,0.78740160,-0.07874016
3.96816689,0.78740160,0.00000000
3.96857489,0.39370080,-0.07874016
3.96898289,0.78740160,0.00000000
3.96939089,0.78740160,-0.07874016
3.96979889,0.39370080,0.00000000
3.97020689,0.39370080,-0.07874016
3.97061489,0.39370080,0.00000000
3.97102289,0.39370080,0.00000000
3.97143089,0.39370080,0.00000000
3.97183889,0.78740160,0.00000000
3.97224689,0.39370080,0.00000000
3.97265489,0.78740160,-0.07874016
3.97306289,0.39370080,-0.07874016
3.97347089,0.39370080,-0.07874016
3.97387889,0.39370080,0.00000000
3.97428689,0.78740160,0.00000000
3.97469489,0.78740160,0.00000000
3.97510289,0.39370080,0.00000000
3.97551089,0.39370080,0.00000000
3.97591889,0.78740160,0.00000000
3.97632689,0.78740160,0.00000000
3.97673489,0.39370080,0.00000000
3.97714289,0.78740160,0.00000000
3.97755089,0.39370080,0.00000000
3.97795889,0.78740160,-0.07874016
3.97836689,0.78740160,0.00000000
3.97877489,0.39370080,0.00000000
3.97918289,0.39370080,0.00000000
3.97959089,0.39370080,0.00000000
3.97999889,0.39370080,-0.07874016
3.98040689,0.78740160,0.00000000
3.98081489,0.39370080,0.00000000
3.98122289,0.39370080,0.00000000
3.98163089,0.39370080,-0.07874016
3.98203889,0.39370080,0.00000000
3.98244689,0.39370080,-0.07874016
3.98285489,0.39370080,0.00000000
3.98326289,0.78740160,-0.07874016
3.98367089,0.39370080,0.00000000
3.98407889,0.78740160,-0.07874016
3.98448689,0.39370080,0.00000000
3.98489489,0.39370080,0.00000000
3.98530289,0.00000000,0.00000000
3.98571089,0.78740160,0.00000000
3.98611889,0.00000000,0.00000000
3.98652689,0.39370080,-0.07874016
3.98693489,0.39370080,-0.07874016
3.98734289,0.39370080,-0.07874016
3.98775089,0.39370080,0.00000000
3.98815889,0.39370080,0.00000000
3.98856689,0.39370080,0.00000000
3.98897489,0.78740160,0.00000000
3.98938289,0.00000000,0.00000000
3.98979089,0.39370080,-0.07874016
3.99019889,0.00000000,-0.07874016
3.99060689,0.78740160,-0.07874016
3.99101489,0.39370080,-0.07874016
3.99142289,0.39370080,0.00000000
3.99183089,0.39370080,0.00000000
3.99223889,0.39370080,0.00000000
3.99264689,0.39370080,0.00000000
3.99305489,0.39370080,-0.07874016
3.99346289,0.39370080,0.00000000
3.99387089,0.39370080,-0.07874016
3.99427889,0.78740160,0.00000000
3.99468689,0.78740160,0.00000000
3.99509489,0.78740160,0.00000000
3.99550289,0.39370080,0.00000000
3.99591089,0.39370080,0.00000000
3.99631889,0.39370080,-0.07874016
3.99672689,0.39370080,0.00000000
3.99713489,0.78740160,-0.07874016
3.99754289,0.39370080,0.00000000
3.99795089,0.39370080,0.00000000
3.99835889,0.78740160,0.00000000
3.99876689,0.78740160,0.00000000
3.99917489,0.39370080,-0.07874016
3.99958289,0.39370080,-0.07874016
3.99999089,0.39370080,0.00000000
4.00039889,0.39370080,0.00000000
4.00080689,0.39370080,0.00000000
4.00121489,0.39370080,-0.07874016
4.00162289,0.39370080,0.00000000
4.00203089,0.39370080,0.00000000
4.00243889,0.39370080,-0.07874016
4.00284689,0.39370080,-0.07874016
4.00325489,0.78740160,-0.07874016
4.00366289,0.39370080,0.00000000
4.00407089,0.78740160,0.00000000
4.00447889,0.39370080,0.00000000
4.00488689,0.00000000,0.00000000
4.00529489,0.78740160,0.00000000
4.00570289,0.00000000,0.00000000
4.00611089,0.39370080,0.00000000
4.00651889,0.39370080,0.00000000
4.00692689,0.78740160,0.00000000
4.00733489,0.39370080,0.00000000
4.00774289,0.39370080,0.00000000
4.00815089,0.39370080,0.00000000
4.00855889,0.39370080,0.00000000
4.00896689,0.39370080,-0.07874016
4.00937489,0.39370080,-0.07874016
4.00978289,0.39370080,-0.07874016
4.01019089,0.39370080,0.00000000
4.01059889,0.39370080,-0.07874016
4.01100689,0.39370080,0.00000000
4.01141489,0.39370080,0.00000000
4.01182289,0.39370080,-0.07874016
4.01223089,0.39370080,0.00000000
4.01263889,0.39370080,0.00000000
4.01304689,0.00000000,0.00000000
4.01345489,0.39370080,-0.07874016
4.01386289,0.39370080,-0.07874016
4.01427089,0.39370080,0.00000000
4.01467889,0.39370080,-0.07874016
4.01508689,0.78740160,-0.07874016
4.01549489,0.39370080,0.00000000
4.01590289,0.78740160,0.00000000
4.01631089,0.39370080,0.00000000
4.01671889,0.39370080,0.00000000
4.01712689,0.39370080,0.00000000
4.01753489,0.00000000,0.00000000
4.01794289,0.39370080,0.00000000
4.01835089,0.39370080,-0.07874016
4.01875889,0.39370080,-0.07874016
4.01916689,0.78740160,0.00000000
4.01957489,0.39370080,0.00000000
4.01998289,0.39370080,-0.07874016
4.02039089,0.78740160,0.00000000
4.02079889,0.78740160,-0.07874016
4.02120689,0.39370080,0.00000000
4.02161489,0.78740160,0.00000000
4.02202289,0.39370080,0.00000000
4.02243089,0.78740160,0.00000000
4.02283889,0.39370080,0.00000000
4.02324689,0.39370080,0.00000000
4.02365489,0.78740160,0.00000000
4.02406289,0.39370080,-0.07874016
4.02447089,0.39370080,0.00000000
4.02487889,0.39370080,0.00000000
4.02528689,0.39370080,0.00000000
4.02569489,0.39370080,0.00000000
4.02610289,0.00000000,0.00000000
4.02651089,0.39370080,0.00000000
4.02691889,0.39370080,0.00000000
4.02732689,0.39370080,0.00000000
4.02773489,0.39370080,0.00000000
4.02814289,0.39370080,0.00000000
4.02855089,0.39370080,0.00000000
4.02895889,0.39370080,-0.07874016
4.02936689,0.39370080,0.00000000
4.02977489,0.78740160,0.00000000
4.03018289,0.39370080,0.00000000
4.03059089,0.39370080,0.00000000
4.03099889,0.39370080,0.00000000
4.03140689,0.39370080,0.00000000
4.03181489,0.00000000,0.00000000
4.03222289,0.39370080,0.00000000
4.03263089,0.39370080,0.00000000
4.03303889,0.39370080,0.00000000
4.03344689,0.39370080,0.00000000
4.03385489,0.39370080,0.00000000
4.03426289,0.39370080,0.00000000
4.03467089,0.39370080,0.00000000
4.03507889,0.39370080,0.00000000
4.03548689,0.39370080,0.00000000
4.03589489,0.39370080,0.00000000
4.03630289,0.39370080,-0.07874016
4.03671089,0.39370080,0.00000000
4.03711889,0.39370080,-0.07874016
4.03752689,0.39370080,0.00000000
4.03793489,0.39370080,-0.07874016
4.03834289,0.00000000,0.00000000
4.03875089,0.78740160,0.00000000
4.03915889,0.39370080,0.00000000
4.03956689,0.39370080,-0.07874016
4.03997489,0.00000000,0.00000000
4.04038289,0.78740160,-0.07874016
4.04079089,0.39370080,0.00000000
4.04119889,0.00000000,-0.07874016
4.04160689,0.39370080,0.00000000
4.04201489,0.39370080,0.00000000
4.04242289,0.39370080,0.00000000
4.04283089,0.78740160,0.00000000
4.04323889,0.00000000,0.00000000
4.04364689,0.78740160,0.00000000
4.04405489,0.78740160,0.00000000
4.04446289,0.39370080,0.00000000
4.04487089,0.39370080,0.00000000
4.04527889,0.78740160,0.00000000
4.04568689,0.39370080,0.00000000
4.04609489,0.39370080,-0.07874016
4.04650289,0.39370080,0.00000000
4.04691089,0.39370080,0.00000000
4.04731889,0.39370080,0.00000000
4.04772689,0.78740160,0.00000000
4.04813489,0.39370080,0.00000000
4.04854289,0.78740160,0.00000000
4.04895089,0.00000000,0.00000000
4.04935889,0.39370080,-0.07874016
4.04976689,0.39370080,0.00000000
4.05017489,0.78740160,0.00000000
4.05058289,0.39370080,0.00000000
4.05099089,0.78740160,-0.07874016
4.05139889,0.78740160,0.00000000
4.05180689,0.78740160,-0.07874016
4.05221489,0.39370080,0.00000000
4.05262289,0.39370080,0.00000000
4.05303089,0.39370080,-0.07874016
4.05343889,0.78740160,0.00000000
4.05384689,0.39370080,0.00000000
4.05425489,0.39370080,0.00000000
4.05466289,0.39370080,0.00000000
4.05507089,0.39370080,-0.07874016
4.05547889,0.00000000,0.00000000
4.05588689,0.39370080,0.00000000
4.05629489,0.39370080,0.00000000
4.05670289,0.39370080,0.00000000
4.05711089,0.39370080,0.00000000
4.05751889,0.39370080,-0.07874016
4.05792689,0.39370080,0.00000000
4.05833489,0.39370080,0.00000000
4.05874289,0.39370080,0.00000000
4.05915089,0.78740160,0.00000000
4.05955889,0.78740160,0.00000000
4.05996689,0.39370080,0.00000000
4.06037489,0.39370080,0.00000000
4.06078289,0.39370080,0.00000000
4.06119089,0.39370080,0.00000000
4.06159889,0.39370080,0.00000000
4.06200689,0.39370080,0.00000000
4.06241489,0.78740160,0.00000000
4.06282289,0.39370080,0.00000000
4.06323089,0.78740160,0.00000000
4.06363889,0.39370080,0.00000000
4.06404689,0.39370080,0.00000000
4.06445489,0.39370080,0.00000000
4.06486289,0.39370080,0.00000000
4.06527089,0.78740160,0.00000000
4.06567889,0.39370080,0.00000000
4.06608689,0.39370080,0.00000000
4.06649489,0.78740160,0.00000000
4.06690289,0.39370080,-0.07874016
4.06731089,0.00000000,0.00000000
4.06771889,0.39370080,0.00000000
4.06812689,0.78740160,-0.07874016
4.06853489,0.39370080,0.00000000
4.06894289,0.78740160,0.00000000
4.06935089,0.78740160,0.00000000
4.06975889,0.39370080,-0.07874016
4.07016689,0.39370080,0.00000000
4.07057489,0.78740160,0.00000000
4.07098289,0.39370080,0.00000000
4.07139089,0.39370080,-0.07874016
4.07179889,0.39370080,0.00000000
4.07220689,0.78740160,0.00000000
4.07261489,0.39370080,0.00000000
4.07302289,0.39370080,0.00000000
4.07343089,0.39370080,-0.07874016
4.07383889,0.39370080,0.00000000
4.07424689,0.39370080,-0.07874016
4.07465489,0.39370080,-0.07874016
4.07506289,0.39370080,0.00000000
4.07547089,0.78740160,-0.07874016
4.07587889,0.78740160,0.00000000
4.07628689,0.39370080,0.00000000
4.07669489,0.39370080,0.00000000
4.07710289,0.78740160,0.00000000
4.07751089,0.39370080,0.00000000
4.07791889,0.39370080,-0.07874016
4.07832689,0.39370080,0.00000000
4.07873489,0.39370080,0.00000000
4.07914289,0.39370080,0.00000000
4.07955089,0.78740160,-0.07874016
4.07995889,0.78740160,-0.07874016
4.08036689,0.39370080,-0.07874016
4.08077489,0.39370080,0.00000000
4.08118289,0.78740160,0.00000000
4.08159089,0.39370080,0.00000000
4.08199889,0.78740160,0.00000000
4.08240689,0.00000000,0.00000000
4.08281489,0.39370080,-0.07874016
4.08322289,0.78740160,0.00000000
4.08363089,0.39370080,0.00000000
4.08403889,0.39370080,0.00000000
4.08444689,0.39370080,-0.07874016
4.08485489,0.39370080,0.00000000
4.08526289,0.39370080,0.00000000
4.08567089,0.39370080,-0.07874016
4.08607889,0.39370080,-0.07874016
4.08648689,0.39370080,-0.07874016
4.08689489,0.39370080,0.00000000
4.08730289,0.39370080,0.00000000
4.08771089,0.00000000,0.00000000
4.08811889,0.39370080,0.00000000
4.08852689,0.39370080,0.00000000
4.08893489,0.00000000,0.00000000
4.08934289,0.00000000,0.00000000
4.08975089,0.39370080,0.00000000
4.09015889,0.39370080,0.00000000
4.09056689,0.39370080,0.00000000
4.09097489,0.39370080,-0.07874016
4.09138289,0.78740160,0.00000000
4.09179089,0.78740160,0.00000000
4.09219889,0.39370080,0.00000000
4.09260689,0.39370080,0.00000000
4.09301489,0.39370080,0.00000000
4.09342289,0.39370080,0.00000000
4.09383089,0.39370080,0.00000000
4.09423889,0.78740160,-0.07874016
4.09464689,0.39370080,0.00000000
4.09505489,0.78740160,0.00000000
4.09546289,0.00000000,0.00000000
4.09587089,0.39370080,0.00000000
4.09627889,0.78740160,0.00000000
4.09668689,0.39370080,0.00000000
4.09709489,0.78740160,0.00000000
4.09750289,0.39370080,-0.07874016
4.09791089,0.78740160,0.00000000
4.09831889,0.39370080,0.00000000
4.09872689,0.39370080,0.00000000
4.09913489,0.78740160,-0.07874016
4.09954289,0.78740160,0.00000000
4.09995089,0.78740160,-0.07874016
4.10035889,0.78740160,0.00000000
4.10076689,0.39370080,-0.07874016
4.10117489,0.39370080,0.00000000
4.10158289,0.39370080,-0.07874016
4.10199089,0.39370080,0.00000000
4.10239889,0.39370080,0.00000000
4.10280689,0.78740160,0.00000000
4.10321489,0.39370080,0.00000000
4.10362289,0.39370080,0.00000000
4.10403089,0.39370080,-0.07874016
4.10443889,0.39370080,0.00000000
4.10484689,0.39370080,0.00000000
4.10525489,0.00000000,0.00000000
4.10566289,0.39370080,-0.07874016
4.10607089,0.78740160,-0.07874016
4.10647889,0.39370080,-0.07874016
4.10688689,0.39370080,0.00000000
4.10729489,0.39370080,0.00000000
4.10770289,0.39370080,-0.07874016
4.10811089,0.39370080,-0.07874016
4.10851889,0.39370080,0.00000000
4.10892689,0.78740160,-0.07874016
4.10933489,0.78740160,0.00000000
4.10974289,0.39370080,0.00000000
4.11015089,0.39370080,0.00000000
4.11055889,0.39370080,0.00000000
4.11096689,0.00000000,0.00000000
4.11137489,0.39370080,0.00000000
4.11178289,0.78740160,0.00000000
4.11219089,0.78740160,0.00000000
4.11259889,0.39370080,0.00000000
4.11300689,0.00000000,-0.07874016
4.11341489,0.39370080,0.00000000
4.11382289,0.39370080,0.00000000
4.11423089,0.39370080,0.00000000
4.11463889,0.78740160,0.00000000
4.11504689,0.39370080,0.00000000
4.11545489,0.39370080,0.00000000
4.11586289,0.39370080,0.00000000
4.11627089,0.39370080,0.00000000
4.11667889,0.39370080,0.00000000
4.11708689,0.39370080,0.00000000
4.11749489,0.39370080,0.00000000
4.11790289,0.39370080,0.00000000
4.11831089,0.39370080,0.00000000
4.11871888,0.78740160,0.00000000
4.11912688,0.39370080,0.00000000
4.11953488,0.39370080,0.00000000
4.11994288,0.39370080,0.00000000
4.12035088,0.78740160,0.00000000
4.12075888,0.78740160,0.00000000
4.12116688,0.39370080,0.00000000
4.12157488,0.39370080,0.00000000
4.12198288,0.39370080,-0.07874016
4.12239088,0.78740160,0.00000000
4.12279888,0.39370080,0.00000000
4.12320688,0.39370080,-0.07874016
4.12361488,0.39370080,-0.07874016
4.12402288,0.39370080,-0.07874016
4.12443088,0.78740160,0.00000000
4.12483888,0.39370080,0.00000000
4.12524688,0.39370080,0.00000000
4.12565488,0.78740160,0.00000000
4.12606288,0.78740160,-0.07874016
4.12647088,0.39370080,0.00000000
4.12687888,0.39370080,0.00000000
4.12728688,0.39370080,0.00000000
4.12769488,0.39370080,0.00000000
4.12810288,0.39370080,0.00000000
4.12851088,0.39370080,-0.07874016
4.12891888,0.39370080,0.00000000
4.12932688,0.00000000,0.00000000
4.12973488,0.39370080,0.00000000
4.13014288,0.39370080,0.00000000
4.13055088,0.39370080,0.00000000
4.13095888,0.39370080,0.00000000
4.13136688,0.39370080,0.00000000
4.13177488,0.39370080,0.00000000
4.13218288,0.39370080,-0.07874016
4.13259088,0.39370080,0.00000000
4.13299888,0.39370080,0.00000000
4.13340688,0.39370080,-0.07874016
4.13381488,0.39370080,0.00000000
4.13422288,0.39370080,0.00000000
4.13463088,0.00000000,0.00000000
4.13503888,0.39370080,-0.07874016
4.13544688,0.39370080,0.00000000
4.13585488,0.78740160,-0.07874016
4.13626288,0.39370080,-0.07874016
4.13667088,0.39370080,0.00000000
4.13707888,0.39370080,0.00000000
4.13748688,0.39370080,0.00000000
4.13789488,0.39370080,0.00000000
4.13830288,0.39370080,0.00000000
4.13871088,0.39370080,0.00000000
4.13911888,0.78740160,0.00000000
4.13952688,0.39370080,0.00000000
4.13993488,0.39370080,0.00000000
4.14034288,0.78740160,-0.07874016
4.14075088,0.39370080,0.00000000
4.14115888,0.39370080,0.00000000
4.14156688,0.39370080,-0.07874016
4.14197488,0.39370080,0.00000000
4.14238288,0.78740160,0.00000000
4.14279088,0.39370080,0.00000000
4.14319888,0.78740160,0.00000000
4.14360688,0.39370080,-0.07874016
4.14401488,0.39370080,0.00000000
4.14442288,0.78740160,0.00000000
4.14483088,0.39370080,-0.07874016
4.14523888,0.39370080,0.00000000
4.14564688,0.39370080,0.00000000
4.14605488,0.39370080,-0.07874016
4.14646288,0.78740160,0.00000000
4.14687088,0.78740160,0.00000000
4.14727888,0.39370080,0.00000000
4.14768688,0.39370080,0.00000000
4.14809488,0.00000000,0.00000000
4.14850288,0.39370080,0.00000000
4.14891088,0.78740160,0.00000000
4.14931888,0.78740160,0.00000000
4.14972688,0.78740160,0.00000000
4.15013488,0.39370080,-0.07874016
4.15054288,0.39370080,0.00000000
4.15095088,0.39370080,0.00000000
4.15135888,0.39370080,0.00000000
4.15176688,0.39370080,0.00000000
4.15217488,0.78740160,0.00000000
4.15258288,0.78740160,0.00000000
4.15299088,0.78740160,0.00000000
4.15339888,0.39370080,-0.07874016
4.15380688,0.39370080,0.00000000
4.15421488,0.78740160,0.00000000
4.15462288,0.00000000,0.00000000
4.15503088,0.39370080,0.00000000
4.15543888,0.39370080,0.00000000
4.15584688,0.39370080,0.00000000
4.15625488,0.39370080,0.00000000
4.15666288,0.39370080,0.00000000
4.15707088,0.78740160,0.00000000
4.15747888,0.39370080,0.00000000
4.15788688,0.39370080,0.00000000
4.15829488,0.39370080,0.00000000
4.15870288,0.78740160,0.00000000
4.15911088,0.39370080,0.00000000
4.15951888,0.39370080,0.00000000
4.15992688,0.78740160,0.00000000
4.16033488,0.78740160,0.00000000
4.16074288,0.39370080,0.00000000
4.16115088,0.78740160,-0.07874016
4.16155888,0.39370080,0.00000000
4.16196688,0.39370080,0.00000000
4.16237488,0.39370080,0.00000000
4.16278288,0.78740160,0.00000000
4.16319088,0.39370080,0.00000000
4.16359888,0.00000000,0.00000000
4.16400688,0.39370080,0.00000000
4.16441488,0.78740160,0.00000000
4.16482288,0.39370080,0.00000000
4.16523088,0.39370080,0.00000000
4.16563888,0.39370080,0.00000000
4.16604688,0.39370080,0.00000000
4.16645488,0.78740160,0.00000000
4.16686288,0.39370080,0.00000000
4.16727088,0.39370080,0.00000000
4.16767888,0.39370080,0.00000000
4.16808688,0.39370080,0.00000000
4.16849488,0.39370080,0.00000000
4.16890288,0.00000000,0.00000000
4.16931088,0.39370080,0.00000000
4.16971888,0.39370080,0.00000000
4.17012688,0.39370080,-0.07874016
4.17053488,0.39370080,0.00000000
4.17094288,0.39370080,0.00000000
4.17135088,0.39370080,0.00000000
4.17175888,0.78740160,0.00000000
4.17216688,0.39370080,0.00000000
4.17257488,0.39370080,0.00000000
4.17298288,0.00000000,0.00000000
4.17339088,0.39370080,0.00000000
4.17379888,0.39370080,0.00000000
4.17420688,0.39370080,0.00000000
4.17461488,0.39370080,-0.07874016
4.17502288,0.39370080,0.00000000
4.17543088,0.39370080,-0.07874016
4.17583888,0.39370080,-0.07874016
4.17624688,0.39370080,0.00000000
4.17665488,0.78740160,0.00000000
4.17706288,0.39370080,0.00000000
4.17747088,0.39370080,0.00000000
4.17787888,0.39370080,0.00000000
4.17828688,0.39370080,0.00000000
4.17869488,0.39370080,0.00000000
4.17910288,0.39370080,0.00000000
4.17951088,0.00000000,0.00000000
4.17991888,0.39370080,-0.07874016
4.18032688,0.00000000,0.00000000
4.18073488,0.39370080,0.00000000
4.18114288,0.39370080,0.00000000
4.18155088,0.39370080,0.00000000
4.18195888,0.39370080,0.00000000
4.18236688,0.39370080,0.00000000
4.18277488,0.39370080,0.00000000
4.18318288,0.39370080,0.00000000
4.18359088,0.39370080,0.00000000
4.18399888,0.78740160,0.00000000
4.18440688,0.00000000,0.00000000
4.18481488,0.39370080,0.00000000
4.18522288,0.39370080,0.00000000
4.18563088,0.39370080,-0.07874016
4.18603888,0.39370080,0.00000000
4.18644688,0.39370080,-0.07874016
4.18685488,0.39370080,0.00000000
4.18726288,0.78740160,0.00000000
4.18767088,0.00000000,0.00000000
4.18807888,0.78740160,0.00000000
4.18848688,0.39370080,0.00000000
4.18889488,0.39370080,0.00000000
4.18930288,0.39370080,-0.07874016
4.18971088,0.00000000,0.00000000
4.19011888,0.39370080,0.00000000
4.19052688,0.39370080,0.00000000
4.19093488,0.39370080,0.00000000
4.19134288,0.39370080,-0.07874016
4.19175088,0.39370080,0.00000000
4.19215888,0.78740160,0.00000000
4.19256688,0.39370080,0.00000000
4.19297488,0.39370080,0.00000000
4.19338288,0.39370080,0.00000000
4.19379088,0.39370080,-0.07874016
4.19419888,0.39370080,0.00000000
4.19460688,0.39370080,0.00000000
4.19501488,0.78740160,0.00000000
4.19542288,0.39370080,0.00000000
4.19583088,0.39370080,0.00000000
4.19623888,0.39370080,0.00000000
4.19664688,0.39370080,0.00000000
4.19705488,0.39370080,0.00000000
4.19746288,0.39370080,0.00000000
4.19787088,0.78740160,-0.07874016
4.19827888,0.39370080,-0.07874016
4.19868688,0.39370080,-0.07874016
4.19909488,0.78740160,0.00000000
4.19950288,0.39370080,-0.07874016
4.19991088,0.39370080,0.00000000
4.20031888,0.78740160,0.00000000
4.20072688,0.39370080,0.00000000
4.20113488,0.39370080,-0.07874016
4.20154288,0.39370080,0.00000000
4.20195088,0.39370080,-0.07874016
4.20235888,0.39370080,0.00000000
4.20276688,0.39370080,-0.07874016
4.20317488,0.39370080,0.00000000
4.20358288,0.78740160,0.00000000
4.20399088,0.39370080,-0.07874016
4.20439888,0.39370080,0.00000000
4.20480688,0.39370080,-0.07874016
4.20521488,0.39370080,-0.07874016
4.20562288,0.39370080,0.00000000
4.20603088,0.39370080,0.00000000
4.20643888,0.39370080,0.00000000
4.20684688,0.78740160,-0.07874016
4.20725488,0.39370080,0.00000000
4.20766288,0.39370080,-0.07874016
4.20807088,0.39370080,-0.07874016
4.20847888,0.39370080,0.00000000
4.20888688,0.39370080,0.00000000
4.20929488,0.39370080,0.00000000
4.20970288,0.39370080,0.00000000
4.21011088,0.39370080,0.00000000
4.21051888,0.39370080,0.00000000
4.21092688,0.39370080,0.00000000
4.21133488,0.39370080,0.00000000
4.21174288,0.00000000,0.00000000
4.21215088,0.39370080,0.00000000
4.21255888,0.78740160,0.00000000
4.21296688,0.39370080,0.00000000
4.21337488,0.78740160,-0.07874016
4.21378288,0.39370080,0.00000000
4.21419088,0.78740160,-0.07874016
4.21459888,0.39370080,0.00000000
4.21500688,0.39370080,0.00000000
4.21541488,0.39370080,0.00000000
4.21582288,0.39370080,0.00000000
4.21623088,0.39370080,-0.07874016
4.21663888,0.39370080,-0.07874016
4.21704688,0.78740160,0.00000000
4.21745488,0.39370080,-0.07874016
4.21786288,0.39370080,0.00000000
4.21827088,0.39370080,-0.07874016
4.21867888,0.00000000,0.00000000
4.21908688,0.78740160,0.00000000
4.21949488,0.39370080,0.00000000
4.21990288,0.78740160,-0.07874016
4.22031088,0.39370080,0.00000000
4.22071888,0.39370080,0.00000000
4.22112688,0.39370080,0.00000000
4.22153488,0.39370080,0.00000000
4.22194288,0.39370080,0.00000000
4.22235088,0.39370080,0.00000000
4.22275888,0.39370080,0.00000000
4.22316688,0.39370080,0.00000000
4.22357488,0.39370080,0.00000000
4.22398288,0.00000000,0.00000000
4.22439088,0.39370080,0.00000000
4.22479888,0.39370080,0.00000000
4.22520688,0.78740160,0.00000000
4.22561488,0.39370080,-0.07874016
4.22602288,0.39370080,0.00000000
4.22643088,0.39370080,0.00000000
4.22683888,0.39370080,0.00000000
4.22724688,0.78740160,0.00000000
4.22765488,0.39370080,0.00000000
4.22806288,0.39370080,0.00000000
4.22847088,0.78740160,-0.07874016
4.22887888,0.00000000,-0.07874016
4.22928688,0.39370080,0.00000000
4.22969488,0.78740160,0.00000000
4.23010288,0.39370080,0.00000000
4.23051088,0.39370080,0.00000000
4.23091888,0.39370080,0.00000000
4.23132688,0.39370080,-0.07874016
4.23173488,0.39370080,0.00000000
4.23214288,0.00000000,-0.07874016
4.23255088,0.39370080,0.00000000
4.23295888,0.78740160,-0.07874016
4.23336688,0.39370080,0.00000000
4.23377488,0.39370080,0.00000000
4.23418288,0.39370080,0.00000000
4.23459088,0.39370080,0.00000000
4.23499888,0.39370080,0.00000000
4.23540688,0.78740160,0.00000000
4.23581488,0.39370080,0.00000000
4.23622288,0.78740160,-0.07874016
4.23663088,0.39370080,0.00000000
4.23703888,0.39370080,0.00000000
4.23744688,0.39370080,-0.07874016
4.23785488,0.39370080,0.00000000
4.23826288,0.39370080,0.00000000
4.23867088,0.39370080,0.00000000
4.23907888,0.78740160,0.00000000
4.23948688,0.39370080,0.00000000
4.23989488,0.39370080,0.00000000
4.24030288,0.78740160,0.00000000
4.24071088,0.39370080,0.00000000
4.24111888,0.39370080,-0.07874016
4.24152688,0.39370080,0.00000000
4.24193488,0.39370080,0.00000000
4.24234288,0.39370080,-0.07874016
4.24275088,0.39370080,-0.07874016
4.24315888,0.39370080,0.00000000
4.24356688,0.39370080,0.00000000
4.24397488,0.39370080,0.00000000
4.24438288,0.39370080,0.00000000
4.24479088,0.39370080,0.00000000
4.24519888,0.39370080,0.00000000
4.24560688,0.78740160,0.00000000
4.24601488,0.39370080,0.00000000
4.24642288,0.39370080,0.00000000
4.24683088,0.39370080,0.00000000
4.24723888,0.78740160,0.00000000
4.24764688,0.78740160,0.00000000
4.24805488,0.78740160,0.00000000
4.24846288,0.78740160,0.00000000
4.24887088,0.39370080,0.00000000
4.24927888,0.78740160,0.00000000
4.24968688,0.39370080,0.00000000
4.25009488,0.39370080,0.00000000
4.25050288,0.78740160,0.00000000
4.25091088,0.39370080,0.00000000
4.25131888,0.39370080,0.00000000
4.25172688,0.39370080,0.00000000
4.25213488,0.39370080,0.00000000
4.25254288,0.39370080,0.00000000
4.25295088,0.39370080,0.00000000
4.25335888,0.00000000,-0.07874016
4.25376688,0.00000000,0.00000000
4.25417488,0.78740160,-0.07874016
4.25458288,0.39370080,0.00000000
4.25499088,0.78740160,-0.07874016
4.25539888,0.00000000,-0.07874016
4.25580688,0.78740160,0.00000000
4.25621488,0.39370080,0.00000000
4.25662288,0.39370080,0.00000000
4.25703088,0.00000000,-0.07874016
4.25743888,0.00000000,0.00000000
4.25784688,0.78740160,0.00000000
4.25825488,0.39370080,-0.07874016
4.25866288,0.78740160,0.00000000
4.25907088,0.39370080,0.00000000
4.25947888,0.39370080,0.00000000
4.25988688,0.39370080,0.00000000
4.26029488,0.39370080,0.00000000
4.26070288,0.39370080,0.00000000
4.26111088,0.39370080,-0.07874016
4.26151888,0.39370080,0.00000000
4.26192688,0.78740160,0.00000000
4.26233488,0.39370080,0.00000000
4.26274288,0.00000000,0.00000000
4.26315088,0.39370080,0.00000000
4.26355888,0.39370080,0.00000000
4.26396688,0.39370080,-0.07874016
4.26437488,0.39370080,0.00000000
4.26478288,0.78740160,0.00000000
4.26519088,0.39370080,0.00000000
4.26559888,0.39370080,0.00000000
4.26600688,0.00000000,0.00000000
4.26641488,0.39370080,0.00000000
4.26682288,0.39370080,0.00000000
4.26723088,0.78740160,0.00000000
4.26763888,0.39370080,0.00000000
4.26804688,0.78740160,0.00000000
4.26845488,0.39370080,0.00000000
4.26886288,0.78740160,-0.07874016
4.26927088,0.39370080,0.00000000
4.26967888,0.39370080,0.00000000
4.27008688,0.78740160,0.00000000
4.27049488,0.78740160,0.00000000
4.27090288,0.39370080,0.00000000
4.27131088,0.39370080,0.00000000
4.27171888,0.39370080,0.00000000
4.27212688,0.39370080,-0.07874016
4.27253488,0.39370080,0.00000000
4.27294288,0.78740160,0.00000000
4.27335088,1.18110200,0.00000000
4.27375888,0.39370080,0.00000000
4.27416688,0.78740160,0.00000000
4.27457488,0.00000000,0.00000000
4.27498288,0.39370080,0.00000000
4.27539088,0.39370080,0.00000000
4.27579888,0.39370080,0.00000000
4.27620688,0.39370080,0.00000000
4.27661488,0.00000000,0.00000000
4.27702288,0.78740160,0.00000000
4.27743088,0.39370080,0.00000000
4.27783888,0.00000000,0.00000000
4.27824688,0.39370080,0.00000000
4.27865488,0.39370080,0.00000000
4.27906288,0.39370080,0.00000000
4.27947088,1.18110200,0.00000000
4.27987888,0.39370080,0.00000000
4.28028688,0.00000000,0.00000000
4.28069488,0.39370080,0.00000000
4.28110288,0.39370080,-0.07874016
4.28151088,0.39370080,0.00000000
4.28191888,0.39370080,0.00000000
4.28232688,0.39370080,0.00000000
4.28273488,0.39370080,0.00000000
4.28314288,0.39370080,-0.07874016
4.28355088,0.39370080,0.00000000
4.28395888,0.39370080,0.00000000
4.28436688,0.39370080,0.00000000
4.28477488,0.00000000,0.00000000
4.28518288,0.39370080,0.00000000
4.28559088,0.39370080,0.00000000
4.28599888,0.78740160,0.00000000
4.28640688,0.39370080,0.00000000
4.28681488,0.78740160,0.00000000
4.28722288,0.39370080,0.00000000
4.28763088,0.39370080,-0.07874016
4.28803888,0.39370080,0.00000000
4.28844688,0.39370080,-0.07874016
4.28885488,0.39370080,0.00000000
4.28926288,0.39370080,-0.07874016
4.28967088,0.00000000,-0.07874016
4.29007888,0.39370080,0.00000000
4.29048688,0.39370080,0.00000000
4.29089488,0.39370080,-0.07874016
4.29130288,0.39370080,0.00000000
4.29171088,0.39370080,-0.07874016
4.29211888,0.00000000,0.00000000
4.29252688,0.78740160,0.00000000
4.29293488,0.39370080,-0.07874016
4.29334288,0.39370080,0.00000000
4.29375088,0.78740160,0.00000000
4.29415888,0.39370080,0.00000000
4.29456688,0.39370080,0.00000000
4.29497488,0.39370080,0.00000000
4.29538288,0.00000000,0.00000000
4.29579087,0.39370080,-0.07874016
4.29619887,0.78740160,0.00000000
4.29660687,0.78740160,0.00000000
4.29701487,0.39370080,0.00000000
4.29742287,0.39370080,0.00000000
4.29783087,0.39370080,0.00000000
4.29823887,0.78740160,0.00000000
4.29864687,0.39370080,0.00000000
4.29905487,0.39370080,0.00000000
4.29946287,0.39370080,0.00000000
4.29987087,0.39370080,-0.07874016
4.30027887,0.39370080,0.00000000
4.30068687,0.39370080,-0.07874016
4.30109487,0.39370080,-0.07874016
4.30150287,0.39370080,0.00000000
4.30191087,0.39370080,-0.07874016
4.30231887,0.39370080,0.00000000
4.30272687,0.78740160,0.00000000
4.30313487,0.39370080,0.00000000
4.30354287,0.39370080,-0.07874016
4.30395087,0.00000000,0.00000000
4.30435887,0.39370080,0.00000000
4.30476687,0.78740160,0.00000000
4.30517487,0.00000000,0.00000000
4.30558287,0.78740160,0.00000000
4.30599087,0.39370080,0.00000000
4.30639887,0.39370080,-0.07874016
4.30680687,0.39370080,0.00000000
4.30721487,0.00000000,0.00000000
4.30762287,0.39370080,0.00000000
4.30803087,0.39370080,-0.07874016
4.30843887,0.39370080,0.00000000
4.30884687,0.78740160,0.00000000
4.30925487,0.39370080,0.00000000
4.30966287,0.39370080,0.00000000
4.31007087,0.39370080,0.00000000
4.31047887,0.78740160,-0.07874016
4.31088687,0.78740160,0.00000000
4.31129487,0.39370080,0.00000000
4.31170287,0.00000000,0.00000000
4.31211087,0.39370080,0.00000000
4.31251887,0.39370080,0.00000000
4.31292687,0.39370080,0.00000000
4.31333487,0.39370080,0.00000000
4.31374287,0.78740160,0.00000000
4.31415087,0.39370080,0.00000000
4.31455887,0.39370080,0.00000000
4.31496687,0.39370080,0.00000000
4.31537487,0.39370080,0.00000000
4.31578287,0.39370080,0.00000000
4.31619087,0.39370080,0.00000000
4.31659887,0.39370080,-0.07874016
4.31700687,0.39370080,0.00000000
4.31741487,0.39370080,-0.07874016
4.31782287,0.78740160,-0.07874016
4.31823087,0.39370080,0.00000000
4.31863887,0.78740160,0.00000000
4.31904687,0.78740160,0.00000000
4.31945487,0.39370080,0.00000000
4.31986287,0.78740160,-0.07874016
4.32027087,0.39370080,-0.07874016
4.32067887,0.39370080,0.00000000
4.32108687,0.39370080,0.00000000
4.32149487,0.39370080,-0.07874016
4.32190287,0.39370080,-0.07874016
4.32231087,0.00000000,0.00000000
4.32271887,0.78740160,-0.07874016
4.32312687,0.78740160,0.00000000
4.32353487,0.39370080,0.00000000
4.32394287,0.78740160,-0.07874016
4.32435087,0.39370080,0.00000000
4.32475887,0.78740160,0.00000000
4.32516687,0.39370080,0.00000000
4.32557487,0.39370080,0.00000000
4.32598287,0.78740160,0.00000000
4.32639087,0.39370080,0.00000000
4.32679887,0.39370080,-0.07874016
4.32720687,0.39370080,0.00000000
4.32761487,0.39370080,0.00000000
4.32802287,0.39370080,0.00000000
4.32843087,0.39370080,0.00000000
4.32883887,0.39370080,0.00000000
4.32924687,0.39370080,0.00000000
4.32965487,0.39370080,0.00000000
4.33006287,0.39370080,-0.07874016
4.33047087,0.39370080,-0.07874016
4.33087887,0.39370080,-0.07874016
4.33128687,0.39370080,-0.07874016
4.33169487,0.39370080,0.00000000
4.33210287,0.39370080,0.00000000
4.33251087,0.78740160,0.00000000
4.33291887,0.39370080,0.00000000
4.33332687,0.00000000,0.00000000
4.33373487,0.78740160,0.00000000
4.33414287,0.78740160,-0.07874016
4.33455087,0.39370080,0.00000000
4.33495887,0.39370080,0.00000000
4.33536687,0.39370080,0.00000000
4.33577487,0.78740160,0.00000000
4.33618287,0.39370080,0.00000000
4.33659087,0.39370080,-0.07874016
4.33699887,0.78740160,0.00000000
4.33740687,0.39370080,0.00000000
4.33781487,0.78740160,0.00000000
4.33822287,0.39370080,-0.07874016
4.33863087,0.39370080,0.00000000
4.33903887,0.39370080,-0.07874016
4.33944687,0.39370080,0.00000000
4.33985487,0.39370080,0.00000000
4.34026287,0.78740160,0.00000000
4.34067087,0.39370080,0.00000000
4.34107887,0.39370080,0.00000000
4.34148687,0.78740160,-0.07874016
4.34189487,0.39370080,0.00000000
4.34230287,0.39370080,0.00000000
4.34271087,0.39370080,0.00000000
4.34311887,0.39370080,-0.07874016
4.34352687,0.39370080,0.00000000
4.34393487,0.39370080,-0.07874016
4.34434287,0.00000000,0.00000000
4.34475087,0.78740160,-0.07874016
4.34515887,0.00000000,0.00000000
4.34556687,0.39370080,0.00000000
4.34597487,0.39370080,0.00000000
4.34638287,0.78740160,-0.07874016
4.34679087,0.39370080,0.00000000
4.34719887,0.39370080,0.00000000
4.34760687,0.39370080,-0.07874016
4.34801487,0.78740160,-0.07874016
4.34842287,0.78740160,0.00000000
4.34883087,0.78740160,0.00000000
4.34923887,0.78740160,0.00000000
4.34964687,0.39370080,0.00000000
4.35005487,0.39370080,0.00000000
4.35046287,0.39370080,0.00000000
4.35087087,0.00000000,0.00000000
4.35127887,0.78740160,0.00000000
4.35168687,0.39370080,0.00000000
4.35209487,0.78740160,0.00000000
4.35250287,0.39370080,0.00000000
4.35291087,0.39370080,-0.07874016
4.35331887,0.78740160,0.00000000
4.35372687,0.78740160,0.00000000
4.35413487,0.39370080,0.00000000
4.35454287,0.39370080,-0.07874016
4.35495087,0.39370080,0.00000000
4.35535887,0.78740160,0.00000000
4.35576687,0.39370080,0.00000000
4.35617487,0.39370080,0.00000000
4.35658287,0.39370080,0.00000000
4.35699087,0.39370080,-0.07874016
4.35739887,0.39370080,0.00000000
4.35780687,0.78740160,-0.07874016
4.35821487,0.00000000,0.00000000
4.35862287,0.39370080,0.00000000
4.35903087,0.00000000,0.00000000
4.35943887,0.39370080,-0.07874016
4.35984687,0.39370080,0.00000000
4.36025487,0.39370080,0.00000000
4.36066287,0.39370080,0.00000000
4.36107087,0.39370080,0.00000000
4.36147887,0.39370080,0.00000000
4.36188687,0.78740160,0.00000000
4.36229487,0.39370080,0.00000000
4.36270287,0.78740160,0.00000000
4.36311087,0.39370080,0.00000000
4.36351887,0.39370080,0.00000000
4.36392687,0.39370080,0.00000000
4.36433487,0.39370080,-0.07874016
4.36474287,0.39370080,-0.07874016
4.36515087,0.39370080,-0.07874016
4.36555887,0.39370080,-0.07874016
4.36596687,0.39370080,0.00000000
4.36637487,0.39370080,0.00000000
4.36678287,0.78740160,0.00000000
4.36719087,0.78740160,0.00000000
4.36759887,0.78740160,0.00000000
4.36800687,0.00000000,-0.07874016
4.36841487,0.39370080,0.00000000
4.36882287,0.78740160,0.00000000
4.36923087,0.78740160,-0.07874016
4.36963887,0.39370080,0.00000000
4.37004687,0.78740160,0.00000000
4.37045487,0.78740160,0.00000000
4.37086287,0.78740160,-0.07874016
4.37127087,0.39370080,0.00000000
4.37167887,0.39370080,0.00000000
4.37208687,0.39370080,0.00000000
4.37249487,0.39370080,-0.07874016
4.37290287,0.39370080,0.00000000
4.37331087,0.39370080,-0.07874016
4.37371887,0.78740160,0.00000000
4.37412687,0.39370080,-0.07874016
4.37453487,0.39370080,0.00000000
4.37494287,0.39370080,0.00000000
4.37535087,0.39370080,0.00000000
4.37575887,0.39370080,0.00000000
4.37616687,0.39370080,0.00000000
4.37657487,0.00000000,0.00000000
4.37698287,0.39370080,0.00000000
4.37739087,0.78740160,0.00000000
4.37779887,0.39370080,0.00000000
4.37820687,0.39370080,0.00000000
4.37861487,0.39370080,0.00000000
4.37902287,0.39370080,0.00000000
4.37943087,0.39370080,0.00000000
4.37983887,0.39370080,0.00000000
4.38024687,0.39370080,0.00000000
4.38065487,0.00000000,0.00000000
4.38106287,0.00000000,-0.07874016
4.38147087,0.78740160,0.00000000
4.38187887,0.39370080,0.00000000
4.38228687,0.39370080,0.00000000
4.38269487,0.00000000,0.00000000
4.38310287,0.39370080,0.00000000
4.38351087,0.78740160,0.00000000
4.38391887,0.00000000,-0.07874016
4.38432687,0.39370080,0.00000000
4.38473487,0.78740160,0.00000000
4.38514287,0.39370080,0.00000000
4.38555087,0.78740160,-0.07874016
4.38595887,0.39370080,0.00000000
4.38636687,0.39370080,0.00000000
4.38677487,0.39370080,0.00000000
4.38718287,0.78740160,-0.07874016
4.38759087,0.78740160,0.00000000
4.38799887,0.78740160,0.00000000
4.38840687,0.39370080,-0.07874016
4.38881487,0.39370080,0.00000000
4.38922287,0.39370080,0.00000000
4.38963087,0.39370080,0.00000000
4.39003887,0.39370080,0.00000000
4.39044687,0.39370080,0.00000000
4.39085487,0.78740160,0.00000000
4.39126287,0.78740160,-0.07874016
4.39167087,0.39370080,-0.07874016
4.39207887,0.39370080,-0.07874016
4.39248687,0.78740160,0.00000000
4.39289487,0.78740160,0.00000000
4.39330287,0.39370080,0.00000000
4.39371087,0.78740160,-0.07874016
4.39411887,0.78740160,0.00000000
4.39452687,0.39370080,0.00000000
4.39493487,0.39370080,0.00000000
4.39534287,0.78740160,-0.07874016
4.39575087,0.39370080,0.00000000
4.39615887,0.78740160,0.00000000
4.39656687,1.18110200,0.00000000
4.39697487,0.39370080,0.00000000
4.39738287,0.78740160,0.00000000
4.39779087,0.78740160,0.00000000
4.39819887,0.78740160,0.00000000
4.39860687,0.39370080,0.00000000
4.39901487,0.39370080,0.00000000
4.39942287,0.39370080,-0.07874016
4.39983087,0.78740160,0.00000000
4.40023887,0.39370080,0.00000000
4.40064687,0.78740160,0.00000000
4.40105487,0.39370080,0.00000000
4.40146287,0.39370080,0.00000000
4.40187087,0.78740160,-0.07874016
4.40227887,0.39370080,0.00000000
4.40268687,0.39370080,-0.07874016
4.40309487,0.39370080,0.00000000
4.40350287,0.00000000,0.00000000
4.40391087,0.00000000,0.00000000
4.40431887,0.39370080,0.00000000
4.40472687,0.39370080,0.00000000
4.40513487,0.39370080,0.00000000
4.40554287,0.00000000,0.00000000
4.40595087,0.00000000,0.00000000
4.40635887,0.00000000,-0.07874016
4.40676687,0.00000000,-0.07874016
4.40717487,0.39370080,0.00000000
4.40758287,0.39370080,0.00000000
4.40799087,0.39370080,0.00000000
4.40839887,0.39370080,0.00000000
4.40880687,0.39370080,0.00000000
4.40921487,0.39370080,-0.07874016
4.40962287,0.39370080,-0.07874016
4.41003087,0.39370080,0.00000000
4.41043887,0.39370080,0.00000000
4.41084687,0.78740160,0.00000000
4.41125487,0.39370080,0.00000000
4.41166287,0.78740160,0.00000000
4.41207087,0.39370080,0.00000000
4.41247887,0.78740160,0.00000000
4.41288687,0.39370080,0.00000000
4.41329487,0.78740160,0.00000000
4.41370287,1.18110200,0.00000000
4.41411087,0.78740160,0.00000000
4.41451887,0.39370080,0.00000000
4.41492687,1.18110200,0.00000000
4.41533487,0.78740160,0.00000000
4.41574287,1.18110200,-0.07874016
4.41615087,0.78740160,0.00000000
4.41655887,0.78740160,0.00000000
4.41696687,0.78740160,0.00000000
4.41737487,0.78740160,-0.07874016
4.41778287,0.78740160,0.00000000
4.41819087,0.78740160,-0.07874016
4.41859887,0.39370080,0.00000000
4.41900687,0.39370080,0.00000000
4.41941487,0.78740160,0.00000000
4.41982287,0.78740160,0.00000000
4.42023087,0.78740160,0.00000000
4.42063887,0.39370080,0.00000000
4.42104687,0.39370080,0.00000000
4.42145487,0.39370080,0.00000000
4.42186287,0.39370080,0.00000000
4.42227087,0.39370080,0.00000000
4.42267887,0.39370080,0.00000000
4.42308687,0.39370080,0.00000000
4.42349487,0.39370080,0.00000000
4.42390287,0.00000000,-0.07874016
4.42431087,0.00000000,0.00000000
4.42471887,0.39370080,-0.07874016
4.42512687,0.00000000,0.00000000
4.42553487,0.00000000,0.00000000
4.42594287,0.00000000,0.00000000
4.42635087,0.00000000,0.00000000
4.42675887,0.00000000,0.00000000
4.42716687,0.00000000,-0.07874016
4.42757487,0.00000000,0.00000000
4.42798287,0.39370080,0.00000000
4.42839087,0.00000000,0.00000000
4.42879887,0.00000000,-0.07874016
4.42920687,0.39370080,0.00000000
4.42961487,0.00000000,0.00000000
4.43002287,0.00000000,0.00000000
4.43043087,0.39370080,0.00000000
4.43083887,0.00000000,0.00000000
4.43124687,0.39370080,0.00000000
4.43165487,0.39370080,0.00000000
4.43206287,0.00000000,-0.07874016
4.43247087,0.78740160,0.00000000
4.43287887,0.39370080,-0.07874016
4.43328687,0.39370080,0.00000000
4.43369487,0.78740160,0.00000000
4.43410287,1.18110200,0.00000000
4.43451087,0.78740160,-0.07874016
4.43491887,0.78740160,0.00000000
4.43532687,1.18110200,-0.07874016
4.43573487,0.78740160,0.00000000
4.43614287,1.18110200,-0.07874016
4.43655087,1.18110200,0.00000000
4.43695887,1.18110200,0.00000000
4.43736687,1.18110200,0.00000000
4.43777487,1.18110200,-0.07874016
4.43818287,1.18110200,0.00000000
4.43859087,1.18110200,0.00000000
4.43899887,1.57480300,0.00000000
4.43940687,1.18110200,0.00000000
4.43981487,1.18110200,0.00000000
4.44022287,0.78740160,-0.07874016
4.44063087,1.18110200,0.00000000
4.44103887,1.18110200,-0.07874016
4.44144687,1.18110200,0.00000000
4.44185487,0.78740160,0.00000000
4.44226287,0.78740160,0.00000000
4.44267087,0.78740160,-0.07874016
4.44307887,0.78740160,0.00000000
4.44348687,0.78740160,0.00000000
4.44389487,0.39370080,0.00000000
4.44430287,0.39370080,0.00000000
4.44471087,0.00000000,0.00000000
4.44511887,0.39370080,-0.07874016
4.44552687,0.39370080,0.00000000
4.44593487,0.39370080,0.00000000
4.44634287,0.00000000,0.00000000
4.44675087,0.00000000,-0.07874016
4.44715887,-0.39370080,0.00000000
4.44756687,-0.39370080,0.00000000
4.44797487,-0.39370080,0.00000000
4.44838287,0.00000000,-0.07874016
4.44879087,-0.39370080,0.00000000
4.44919887,-0.39370080,0.00000000
4.44960687,-0.39370080,0.00000000
4.45001487,-0.39370080,0.00000000
4.45042287,-0.39370080,0.00000000
4.45083087,-0.39370080,-0.07874016
4.45123887,-0.39370080,0.00000000
4.45164687,-0.39370080,0.00000000
4.45205487,-0.39370080,0.00000000
4.45246287,-0.39370080,0.00000000
4.45287087,-0.39370080,0.00000000
4.45327887,-0.39370080,-0.07874016
4.45368687,0.00000000,-0.07874016
4.45409487,0.00000000,0.00000000
4.45450287,0.00000000,0.00000000
4.45491087,0.00000000,0.00000000
4.45531887,0.00000000,0.00000000
4.45572687,0.39370080,-0.07874016
4.45613487,0.39370080,0.00000000
4.45654287,0.39370080,0.00000000
4.45695087,0.39370080,0.00000000
4.45735887,0.78740160,0.00000000
4.45776687,0.78740160,0.00000000
4.45817487,1.18110200,0.00000000
4.45858287,1.18110200,0.00000000
4.45899087,1.18110200,-0.07874016
4.45939887,1.18110200,0.00000000
4.45980687,1.18110200,0.00000000
4.46021487,1.57480300,0.00000000
4.46062287,1.96850400,-0.07874016
4.46103087,1.57480300,0.00000000
4.46143887,1.57480300,0.00000000
4.46184687,1.57480300,0.00000000
4.46225487,1.57480300,0.00000000
4.46266287,1.57480300,0.00000000
4.46307087,1.57480300,-0.07874016
4.46347887,1.57480300,0.00000000
4.46388687,1.57480300,0.00000000
4.46429487,1.57480300,0.00000000
4.46470287,1.57480300,0.00000000
4.46511087,1.57480300,0.00000000
4.46551887,1.57480300,0.00000000
4.46592687,1.57480300,0.00000000
4.46633487,0.78740160,0.00000000
4.46674287,1.18110200,0.00000000
4.46715087,0.78740160,0.00000000
4.46755887,0.78740160,0.00000000
4.46796687,0.78740160,0.00000000
4.46837487,0.39370080,0.00000000
4.46878287,0.00000000,0.00000000
4.46919087,0.39370080,-0.07874016
4.46959887,-0.39370080,0.00000000
4.47000687,-0.39370080,0.00000000
4.47041487,-0.39370080,0.00000000
4.47082287,-0.78740160,0.00000000
4.47123087,-0.78740160,0.00000000
4.47163887,-0.78740160,-0.07874016
4.47204687,-0.78740160,0.00000000
4.47245486,-1.18110200,0.00000000
4.47286286,-1.18110200,-0.07874016
4.47327086,-1.18110200,-0.07874016
4.47367886,-1.18110200,0.00000000
4.47408686,-1.18110200,0.00000000
4.47449486,-1.18110200,0.00000000
4.47490286,-1.18110200,0.00000000
4.47531086,-1.18110200,0.00000000
4.47571886,-1.18110200,0.00000000
4.47612686,-1.18110200,0.00000000
4.47653486,-1.18110200,0.00000000
4.47694286,-0.78740160,0.00000000
4.47735086,-1.18110200,0.00000000
4.47775886,-0.78740160,0.00000000
4.47816686,-0.39370080,0.00000000
4.47857486,-0.39370080,0.00000000
4.47898286,-0.39370080,0.00000000
4.47939086,0.00000000,-0.07874016
4.47979886,0.39370080,0.00000000
4.48020686,0.39370080,0.00000000
4.48061486,0.39370080,0.00000000
4.48102286,0.78740160,0.00000000
4.48143086,0.78740160,0.00000000
4.48183886,1.18110200,0.00000000
4.48224686,1.18110200,0.00000000
4.48265486,1.57480300,0.00000000
4.48306286,1.57480300,0.00000000
4.48347086,2.36220500,-0.07874016
4.48387886,2.36220500,0.00000000
4.48428686,2.36220500,0.00000000
4.48469486,2.75590500,0.00000000
4.48510286,2.75590500,-0.07874016
4.48551086,2.75590500,0.00000000
4.48591886,2.75590500,0.00000000
4.48632686,3.14960600,0.00000000
4.48673486,2.75590500,-0.07874016
4.48714286,2.75590500,0.00000000
4.48755086,3.14960600,0.00000000
4.48795886,2.75590500,0.00000000
4.48836686,2.36220500,0.00000000
4.48877486,2.75590500,0.00000000
4.48918286,2.36220500,0.00000000
4.48959086,1.96850400,0.00000000
4.48999886,2.36220500,0.00000000
4.49040686,1.96850400,0.00000000
4.49081486,1.96850400,0.00000000
4.49122286,1.57480300,-0.07874016
4.49163086,1.18110200,0.00000000
4.49203886,1.18110200,0.00000000
4.49244686,0.78740160,0.00000000
4.49285486,0.00000000,0.00000000
4.49326286,0.00000000,0.00000000
4.49367086,0.00000000,0.00000000
4.49407886,-0.39370080,-0.07874016
4.49448686,-0.78740160,0.00000000
4.49489486,-0.78740160,0.00000000
4.49530286,-1.18110200,-0.07874016
4.49571086,-1.57480300,0.00000000
4.49611886,-1.96850400,0.00000000
4.49652686,-1.57480300,0.00000000
4.49693486,-1.96850400,0.00000000
4.49734286,-2.36220500,-0.07874016
4.49775086,-1.96850400,0.00000000
4.49815886,-2.36220500,0.00000000
4.49856686,-2.36220500,0.00000000
4.49897486,-2.36220500,0.00000000
4.49938286,-2.75590500,-0.07874016
4.49979086,-2.36220500,0.00000000
4.50019886,-1.96850400,0.00000000
4.50060686,-1.96850400,-0.07874016
4.50101486,-2.36220500,0.00000000
4.50142286,-1.96850400,0.00000000
4.50183086,-1.57480300,0.00000000
4.50223886,-1.57480300,0.00000000
4.50264686,-1.57480300,0.00000000
4.50305486,-0.78740160,0.00000000
4.50346286,-0.78740160,0.00000000
4.50387086,-0.39370080,-0.07874016
4.50427886,0.00000000,0.00000000
4.50468686,0.00000000,-0.07874016
4.50509486,0.39370080,0.00000000
4.50550286,0.78740160,0.00000000
4.50591086,1.57480300,0.00000000
4.50631886,1.57480300,0.00000000
4.50672686,2.36220500,0.00000000
4.50713486,2.36220500,0.00000000
4.50754286,2.36220500,0.00000000
4.50795086,3.14960600,0.00000000
4.50835886,3.54330700,0.00000000
4.50876686,3.54330700,0.00000000
4.50917486,3.54330700,0.00000000
4.50958286,3.54330700,0.00000000
4.50999086,3.54330700,0.00000000
4.51039886,3.93700800,0.00000000
4.51080686,3.93700800,-0.07874016
4.51121486,3.93700800,0.00000000
4.51162286,3.54330700,0.00000000
4.51203086,3.93700800,-0.07874016
4.51243886,3.93700800,0.00000000
4.51284686,3.54330700,0.00000000
4.51325486,3.54330700,0.00000000
4.51366286,3.93700800,-0.07874016
4.51407086,3.14960600,-0.07874016
4.51447886,2.75590500,0.00000000
4.51488686,2.36220500,0.00000000
4.51529486,2.36220500,0.00000000
4.51570286,1.96850400,0.00000000
4.51611086,1.57480300,0.00000000
4.51651886,1.18110200,0.00000000
4.51692686,0.78740160,0.00000000
4.51733486,0.39370080,0.00000000
4.51774286,0.00000000,0.00000000
4.51815086,-0.39370080,0.00000000
4.51855886,-0.78740160,0.00000000
4.51896686,-1.18110200,0.00000000
4.51937486,-1.96850400,-0.07874016
4.51978286,-1.96850400,0.00000000
4.52019086,-1.96850400,0.00000000
4.52059886,-2.75590500,0.00000000
4.52100686,-2.75590500,-0.07874016
4.52141486,-3.14960600,0.00000000
4.52182286,-3.14960600,0.00000000
4.52223086,-3.54330700,0.00000000
4.52263886,-3.54330700,-0.07874016
4.52304686,-3.54330700,0.00000000
4.52345486,-3.93700800,0.00000000
4.52386286,-3.54330700,0.00000000
4.52427086,-3.54330700,0.00000000
4.52467886,-3.54330700,0.00000000
4.52508686,-3.14960600,0.00000000
4.52549486,-3.54330700,0.00000000
4.52590286,-2.36220500,-0.07874016
4.52631086,-2.75590500,-0.07874016
4.52671886,-2.36220500,0.00000000
4.52712686,-2.36220500,0.00000000
4.52753486,-1.96850400,-0.07874016
4.52794286,-1.57480300,0.00000000
4.52835086,-0.78740160,0.00000000
4.52875886,-0.39370080,0.00000000
4.52916686,0.00000000,0.00000000
4.52957486,0.39370080,0.00000000
4.52998286,0.78740160,-0.07874016
4.53039086,1.57480300,0.00000000
4.53079886,1.96850400,0.00000000
4.53120686,2.36220500,0.00000000
4.53161486,2.75590500,0.00000000
4.53202286,2.75590500,0.00000000
4.53243086,3.54330700,0.00000000
4.53283886,3.93700800,0.00000000
4.53324686,4.33070900,0.00000000
4.53365486,4.33070900,0.00000000
4.53406286,4.72441000,0.00000000
4.53447086,5.11811000,0.00000000
4.53487886,4.72441000,-0.07874016
4.53528686,5.51181100,0.00000000
4.53569486,5.11811000,-0.07874016
4.53610286,5.51181100,0.00000000
4.53651086,5.51181100,0.00000000
4.53691886,5.11811000,0.00000000
4.53732686,4.72441000,0.00000000
4.53773486,5.11811000,0.00000000
4.53814286,4.33070900,0.00000000
4.53855086,4.33070900,0.00000000
4.53895886,3.93700800,-0.07874016
4.53936686,3.54330700,-0.07874016
4.53977486,3.54330700,0.00000000
4.54018286,2.75590500,0.00000000
4.54059086,1.96850400,-0.07874016
4.54099886,1.57480300,0.00000000
4.54140686,1.18110200,0.00000000
4.54181486,0.39370080,0.00000000
4.54222286,0.00000000,-0.07874016
4.54263086,-0.78740160,-0.07874016
4.54303886,-1.18110200,0.00000000
4.54344686,-1.18110200,0.00000000
4.54385486,-2.36220500,-0.07874016
4.54426286,-2.36220500,0.00000000
4.54467086,-2.75590500,0.00000000
4.54507886,-3.54330700,0.00000000
4.54548686,-3.93700800,0.00000000
4.54589486,-3.93700800,0.00000000
4.54630286,-4.33070900,-0.07874016
4.54671086,-4.33070900,0.00000000
4.54711886,-5.11811000,0.00000000
4.54752686,-5.11811000,0.00000000
4.54793486,-4.72441000,-0.07874016
4.54834286,-5.11811000,0.00000000
4.54875086,-4.72441000,0.00000000
4.54915886,-5.11811000,0.00000000
4.54956686,-4.33070900,-0.07874016
4.54997486,-4.72441000,-0.07874016
4.55038286,-3.93700800,-0.07874016
4.55079086,-3.93700800,-0.07874016
4.55119886,-3.14960600,0.00000000
4.55160686,-3.14960600,0.00000000
4.55201486,-2.36220500,0.00000000
4.55242286,-2.36220500,0.00000000
4.55283086,-1.57480300,0.00000000
4.55323886,-1.18110200,0.00000000
4.55364686,-0.39370080,-0.07874016
4.55405486,0.00000000,0.00000000
4.55446286,0.78740160,0.00000000
4.55487086,1.57480300,0.00000000
4.55527886,1.96850400,0.00000000
4.55568686,2.75590500,0.00000000
4.55609486,3.14960600,-0.07874016
4.55650286,3.54330700,0.00000000
4.55691086,4.33070900,0.00000000
4.55731886,4.72441000,0.00000000
4.55772686,5.11811000,-0.07874016
4.55813486,5.51181100,0.00000000
4.55854286,5.90551200,0.00000000
4.55895086,5.90551200,-0.07874016
4.55935886,6.29921200,-0.07874016
4.55976686,6.29921200,0.00000000
4.56017486,6.69291400,-0.07874016
4.56058286,6.69291400,0.00000000
4.56099086,7.08661400,-0.07874016
4.56139886,6.69291400,0.00000000
4.56180686,6.29921200,0.00000000
4.56221486,6.29921200,0.00000000
4.56262286,5.90551200,0.00000000
4.56303086,5.90551200,0.00000000
4.56343886,5.51181100,0.00000000
4.56384686,4.72441000,0.00000000
4.56425486,4.33070900,-0.07874016
4.56466286,3.54330700,0.00000000
4.56507086,3.14960600,0.00000000
4.56547886,2.36220500,0.00000000
4.56588686,1.57480300,0.00000000
4.56629486,0.78740160,0.00000000
4.56670286,0.39370080,0.00000000
4.56711086,-0.39370080,0.00000000
4.56751886,-0.78740160,0.00000000
4.56792686,-1.96850400,0.00000000
4.56833486,-2.36220500,0.00000000
4.56874286,-3.14960600,0.00000000
4.56915086,-3.54330700,-0.07874016
4.56955886,-3.93700800,0.00000000
4.56996686,-4.72441000,-0.07874016
4.57037486,-5.51181100,0.00000000
4.57078286,-5.51181100,-0.07874016
4.57119086,-6.29921200,0.00000000
4.57159886,-6.29921200,0.00000000
4.57200686,-6.29921200,0.00000000
4.57241486,-6.29921200,0.00000000
4.57282286,-6.69291400,0.00000000
4.57323086,-6.69291400,-0.07874016
4.57363886,-6.29921200,0.00000000
4.57404686,-5.90551200,0.00000000
4.57445486,-5.90551200,0.00000000
4.57486286,-5.90551200,0.00000000
4.57527086,-5.51181100,0.00000000
4.57567886,-5.11811000,0.00000000
4.57608686,-4.33070900,0.00000000
4.57649486,-3.93700800,-0.07874016
4.57690286,-3.54330700,0.00000000
4.57731086,-2.36220500,0.00000000
4.57771886,-1.96850400,0.00000000
4.57812686,-0.78740160,0.00000000
4.57853486,-0.39370080,0.00000000
4.57894286,0.39370080,0.00000000
4.57935086,0.78740160,0.00000000
4.57975886,1.96850400,0.00000000
4.58016686,2.36220500,-0.07874016
4.58057486,3.54330700,0.00000000
4.58098286,3.93700800,0.00000000
4.58139086,5.11811000,0.00000000
4.58179886,5.51181100,-0.07874016
4.58220686,5.90551200,-0.07874016
4.58261486,6.69291400,0.00000000
4.58302286,7.08661400,0.00000000
4.58343086,7.08661400,0.00000000
4.58383886,7.48031500,-0.07874016
4.58424686,7.87401600,0.00000000
4.58465486,7.87401600,0.00000000
4.58506286,8.26771600,0.00000000
4.58547086,8.26771600,-0.07874016
4.58587886,7.87401600,0.00000000
4.58628686,7.87401600,0.00000000
4.58669486,7.48031500,0.00000000
4.58710286,7.87401600,-0.07874016
4.58751086,7.08661400,0.00000000
4.58791886,6.29921200,0.00000000
4.58832686,6.29921200,0.00000000
4.58873486,5.51181100,0.00000000
4.58914286,4.72441000,0.00000000
4.58955086,3.93700800,-0.07874016
4.58995886,3.14960600,0.00000000
4.59036686,2.36220500,-0.07874016
4.59077486,1.57480300,0.00000000
4.59118286,0.78740160,0.00000000
4.59159086,0.39370080,0.00000000
4.59199886,-0.39370080,-0.07874016
4.59240686,-1.57480300,0.00000000
4.59281486,-1.96850400,-0.07874016
4.59322286,-3.14960600,0.00000000
4.59363086,-3.93700800,0.00000000
4.59403886,-4.72441000,0.00000000
4.59444686,-5.11811000,0.00000000
4.59485486,-5.90551200,0.00000000
4.59526286,-6.29921200,0.00000000
4.59567086,-6.69291400,0.00000000
4.59607886,-7.08661400,0.00000000
4.59648686,-7.87401600,-0.07874016
4.59689486,-7.87401600,-0.07874016
4.59730286,-7.87401600,0.00000000
4.59771086,-7.87401600,0.00000000
4.59811886,-7.87401600,0.00000000
4.59852686,-7.48031500,0.00000000
4.59893486,-7.87401600,0.00000000
4.59934286,-7.08661400,0.00000000
4.59975086,-7.08661400,-0.07874016
4.60015886,-6.29921200,0.00000000
4.60056686,-5.90551200,-0.07874016
4.60097486,-5.51181100,-0.07874016
4.60138286,-4.33070900,0.00000000
4.60179086,-3.93700800,-0.07874016
4.60219886,-3.14960600,0.00000000
4.60260686,-1.96850400,0.00000000
4.60301486,-1.18110200,0.00000000
4.60342286,-0.78740160,0.00000000
4.60383086,0.78740160,0.00000000
4.60423886,1.57480300,-0.07874016
4.60464686,1.96850400,0.00000000
4.60505486,3.14960600,0.00000000
4.60546286,3.54330700,0.00000000
4.60587086,4.72441000,-0.07874016
4.60627886,5.11811000,0.00000000
4.60668686,6.69291400,0.00000000
4.60709486,6.69291400,0.00000000
4.60750286,7.48031500,0.00000000
4.60791086,7.87401600,0.00000000
4.60831886,8.66141700,0.00000000
4.60872686,9.05511800,0.00000000
4.60913486,9.44881900,0.00000000
4.60954286,9.44881900,0.00000000
4.60995086,9.44881900,0.00000000
4.61035886,9.44881900,0.00000000
4.61076686,9.44881900,0.00000000
4.61117486,9.44881900,0.00000000
4.61158286,9.05511800,0.00000000
4.61199086,8.66141700,0.00000000
4.61239886,8.26771600,0.00000000
4.61280686,7.48031500,0.00000000
4.61321486,7.08661400,0.00000000
4.61362286,6.29921200,0.00000000
4.61403086,5.51181100,0.00000000
4.61443886,5.11811000,0.00000000
4.61484686,3.54330700,-0.07874016
4.61525486,3.14960600,0.00000000
4.61566286,1.96850400,-0.07874016
4.61607086,1.18110200,0.00000000
4.61647886,0.39370080,0.00000000
4.61688686,-0.78740160,0.00000000
4.61729486,-1.96850400,0.00000000
4.61770286,-2.75590500,0.00000000
4.61811086,-3.54330700,0.00000000
4.61851886,-4.72441000,0.00000000
4.61892686,-5.11811000,0.00000000
4.61933486,-5.90551200,0.00000000
4.61974286,-6.69291400,-0.07874016
4.62015086,-7.48031500,0.00000000
4.62055886,-7.87401600,0.00000000
4.62096686,-8.66141700,0.00000000
4.62137486,-9.05511800,0.00000000
4.62178286,-9.05511800,0.00000000
4.62219086,-9.44881900,0.00000000
4.62259886,-9.05511800,0.00000000
4.62300686,-9.05511800,0.00000000
4.62341486,-9.44881900,0.00000000
4.62382286,-9.05511800,-0.07874016
4.62423086,-8.66141700,0.00000000
4.62463886,-8.26771600,0.00000000
4.62504686,-7.48031500,-0.07874016
4.62545486,-7.08661400,0.00000000
4.62586286,-6.29921200,0.00000000
4.62627086,-5.51181100,0.00000000
4.62667886,-4.72441000,0.00000000
4.62708686,-3.54330700,0.00000000
4.62749486,-2.75590500,0.00000000
4.62790286,-1.57480300,0.00000000
4.62831086,-0.78740160,0.00000000
4.62871886,0.39370080,0.00000000
4.62912686,1.18110200,0.00000000
4.62953486,1.96850400,0.00000000
4.62994286,3.54330700,0.00000000
4.63035086,4.33070900,0.00000000
4.63075886,5.51181100,0.00000000
4.63116686,6.29921200,-0.07874016
4.63157486,7.08661400,0.00000000
4.63198286,7.87401600,0.00000000
4.63239086,8.66141700,0.00000000
4.63279886,9.44881900,-0.07874016
4.63320686,9.84252000,0.00000000
4.63361486,10.23622000,0.00000000
4.63402286,10.62992000,0.00000000
4.63443086,11.02362000,-0.07874016
4.63483886,11.02362000,0.00000000
4.63524686,11.02362000,0.00000000
4.63565486,11.02362000,0.00000000
4.63606286,11.02362000,0.00000000
4.63647086,10.62992000,0.00000000
4.63687886,9.84252000,0.00000000
4.63728686,9.05511800,0.00000000
4.63769486,9.05511800,-0.07874016
4.63810286,8.26771600,0.00000000
4.63851086,7.48031500,0.00000000
4.63891886,6.29921200,0.00000000
4.63932686,5.51181100,-0.07874016
4.63973486,4.72441000,0.00000000
4.64014286,3.54330700,0.00000000
4.64055086,2.36220500,0.00000000
4.64095886,1.57480300,-0.07874016
4.64136686,0.00000000,-0.07874016
4.64177486,-1.18110200,0.00000000
4.64218286,-2.36220500,0.00000000
4.64259086,-3.14960600,0.00000000
4.64299886,-4.33070900,0.00000000
4.64340686,-5.51181100,0.00000000
4.64381486,-6.69291400,0.00000000
4.64422286,-7.08661400,0.00000000
4.64463086,-7.87401600,0.00000000
4.64503886,-8.66141700,0.00000000
4.64544686,-9.05511800,0.00000000
4.64585486,-9.84252000,0.00000000
4.64626286,-10.23622000,-0.07874016
4.64667086,-10.62992000,0.00000000
4.64707886,-10.62992000,-0.07874016
4.64748686,-11.02362000,0.00000000
4.64789486,-11.02362000,0.00000000
4.64830286,-10.62992000,0.00000000
4.64871086,-10.23622000,0.00000000
4.64911885,-9.44881900,0.00000000
4.64952685,-9.44881900,0.00000000
4.64993485,-9.05511800,0.00000000
4.65034285,-7.87401600,0.00000000
4.65075085,-7.48031500,0.00000000
4.65115885,-6.29921200,0.00000000
4.65156685,-4.72441000,0.00000000
4.65197485,-4.33070900,0.00000000
4.65238285,-3.14960600,0.00000000
4.65279085,-1.96850400,0.00000000
4.65319885,-0.78740160,-0.07874016
4.65360685,0.00000000,0.00000000
4.65401485,1.57480300,-0.07874016
4.65442285,2.75590500,0.00000000
4.65483085,3.93700800,0.00000000
4.65523885,4.72441000,0.00000000
4.65564685,5.90551200,0.00000000
4.65605485,7.08661400,0.00000000
4.65646285,7.87401600,0.00000000
4.65687085,9.05511800,0.00000000
4.65727885,9.44881900,0.00000000
4.65768685,10.62992000,0.00000000
4.65809485,11.41732000,-0.07874016
4.65850285,11.02362000,0.00000000
4.65891085,11.81102000,0.00000000
4.65931885,11.81102000,0.00000000
4.65972685,12.20472000,0.00000000
4.66013485,12.59842000,0.00000000
4.66054285,12.20472000,0.00000000
4.66095085,12.20472000,0.00000000
4.66135885,11.81102000,0.00000000
4.66176685,11.02362000,0.00000000
4.66217485,11.02362000,0.00000000
4.66258285,10.23622000,0.00000000
4.66299085,9.05511800,-0.07874016
4.66339885,8.26771600,0.00000000
4.66380685,7.48031500,0.00000000
4.66421485,6.29921200,0.00000000
4.66462285,5.11811000,0.00000000
4.66503085,3.93700800,0.00000000
4.66543885,2.75590500,-0.07874016
4.66584685,1.57480300,0.00000000
4.66625485,0.39370080,-0.07874016
4.66666285,-1.18110200,0.00000000
4.66707085,-1.96850400,0.00000000
4.66747885,-3.14960600,0.00000000
4.66788685,-4.33070900,-0.07874016
4.66829485,-5.90551200,0.00000000
4.66870285,-6.69291400,-0.07874016
4.66911085,-7.48031500,0.00000000
4.66951885,-8.66141700,0.00000000
4.66992685,-9.44881900,0.00000000
4.67033485,-9.84252000,0.00000000
4.67074285,-10.62992000,-0.07874016
4.67115085,-11.02362000,0.00000000
4.67155885,-11.81102000,0.00000000
4.67196685,-11.81102000,-0.07874016
4.67237485,-11.81102000,0.00000000
4.67278285,-12.20472000,0.00000000
4.67319085,-12.20472000,0.00000000
4.67359885,-11.81102000,0.00000000
4.67400685,-11.02362000,0.00000000
4.67441485,-10.23622000,-0.07874016
4.67482285,-9.84252000,0.00000000
4.67523085,-9.05511800,0.00000000
4.67563885,-8.26771600,0.00000000
4.67604685,-7.48031500,0.00000000
4.67645485,-5.90551200,0.00000000
4.67686285,-5.11811000,0.00000000
4.67727085,-3.54330700,0.00000000
4.67767885,-2.36220500,0.00000000
4.67808685,-1.18110200,0.00000000
4.67849485,0.00000000,0.00000000
4.67890285,1.18110200,0.00000000
4.67931085,2.36220500,0.00000000
4.67971885,3.54330700,0.00000000
4.68012685,5.11811000,-0.07874016
4.68053485,5.90551200,0.00000000
4.68094285,7.48031500,0.00000000
4.68135085,8.66141700,0.00000000
4.68175885,9.44881900,-0.07874016
4.68216685,10.23622000,0.00000000
4.68257485,11.02362000,0.00000000
4.68298285,11.81102000,-0.07874016
4.68339085,12.59842000,-0.07874016
4.68379885,12.99213000,0.00000000
4.68420685,13.38583000,0.00000000
4.68461485,13.38583000,0.00000000
4.68502285,13.38583000,0.00000000
4.68543085,13.38583000,0.00000000
4.68583885,13.38583000,0.00000000
4.68624685,12.99213000,0.00000000
4.68665485,12.99213000,0.00000000
4.68706285,11.81102000,0.00000000
4.68747085,11.02362000,-0.07874016
4.68787885,10.62992000,0.00000000
4.68828685,9.05511800,0.00000000
4.68869485,8.26771600,0.00000000
4.68910285,7.08661400,0.00000000
4.68951085,5.90551200,0.00000000
4.68991885,4.72441000,0.00000000
4.69032685,3.14960600,0.00000000
4.69073485,1.96850400,0.00000000
4.69114285,0.39370080,0.00000000
4.69155085,-0.78740160,0.00000000
4.69195885,-1.96850400,-0.07874016
4.69236685,-3.54330700,0.00000000
4.69277485,-4.72441000,0.00000000
4.69318285,-6.29921200,0.00000000
4.69359085,-7.08661400,-0.07874016
4.69399885,-8.26771600,0.00000000
4.69440685,-9.44881900,0.00000000
4.69481485,-10.23622000,0.00000000
4.69522285,-11.02362000,0.00000000
4.69563085,-11.81102000,0.00000000
4.69603885,-12.20472000,0.00000000
4.69644685,-12.59842000,-0.07874016
4.69685485,-12.99213000,0.00000000
4.69726285,-13.38583000,0.00000000
4.69767085,-13.38583000,0.00000000
4.69807885,-13.38583000,0.00000000
4.69848685,-12.99213000,0.00000000
4.69889485,-12.20472000,0.00000000
4.69930285,-11.81102000,0.00000000
4.69971085,-11.02362000,-0.07874016
4.70011885,-9.84252000,0.00000000
4.70052685,-8.66141700,0.00000000
4.70093485,-8.26771600,0.00000000
4.70134285,-7.48031500,0.00000000
4.70175085,-5.90551200,0.00000000
4.70215885,-4.72441000,0.00000000
4.70256685,-3.14960600,0.00000000
4.70297485,-1.96850400,-0.07874016
4.70338285,-0.39370080,0.00000000
4.70379085,1.18110200,0.00000000
4.70419885,2.36220500,-0.07874016
4.70460685,3.54330700,-0.07874016
4.70501485,5.11811000,0.00000000
4.70542285,6.69291400,0.00000000
4.70583085,7.48031500,0.00000000
4.70623885,9.05511800,-0.07874016
4.70664685,9.84252000,0.00000000
4.70705485,11.41732000,0.00000000
4.70746285,11.81102000,0.00000000
4.70787085,12.99213000,0.00000000
4.70827885,13.38583000,0.00000000
4.70868685,13.77953000,0.00000000
4.70909485,14.56693000,0.00000000
4.70950285,14.56693000,0.00000000
4.70991085,14.96063000,-0.07874016
4.71031885,14.96063000,-0.07874016
4.71072685,14.56693000,0.00000000
4.71113485,13.77953000,0.00000000
4.71154285,13.77953000,0.00000000
4.71195085,12.99213000,0.00000000
4.71235885,12.20472000,0.00000000
4.71276685,11.02362000,-0.07874016
4.71317485,10.23622000,0.00000000
4.71358285,9.05511800,0.00000000
4.71399085,7.87401600,0.00000000
4.71439885,6.69291400,-0.07874016
4.71480685,5.11811000,0.00000000
4.71521485,3.93700800,0.00000000
4.71562285,2.36220500,0.00000000
4.71603085,0.78740160,0.00000000
4.71643885,-0.78740160,0.00000000
4.71684685,-2.36220500,-0.07874016
4.71725485,-3.54330700,0.00000000
4.71766285,-4.72441000,0.00000000
4.71807085,-5.90551200,0.00000000
4.71847885,-7.87401600,0.00000000
4.71888685,-9.05511800,0.00000000
4.71929485,-10.23622000,0.00000000
4.71970285,-11.02362000,0.00000000
4.72011085,-11.81102000,-0.07874016
4.72051885,-12.59842000,0.00000000
4.72092685,-12.99213000,0.00000000
4.72133485,-13.77953000,0.00000000
4.72174285,-13.77953000,-0.07874016
4.72215085,-14.56693000,0.00000000
4.72255885,-14.17323000,0.00000000
4.72296685,-14.56693000,-0.07874016
4.72337485,-13.77953000,0.00000000
4.72378285,-13.38583000,0.00000000
4.72419085,-12.99213000,-0.07874016
4.72459885,-11.81102000,0.00000000
4.72500685,-11.02362000,0.00000000
4.72541485,-10.23622000,0.00000000
4.72582285,-9.05511800,0.00000000
4.72623085,-8.26771600,0.00000000
4.72663885,-6.69291400,-0.07874016
4.72704685,-5.11811000,0.00000000
4.72745485,-3.93700800,-0.07874016
4.72786285,-1.96850400,0.00000000
4.72827085,-0.78740160,0.00000000
4.72867885,0.78740160,0.00000000
4.72908685,2.36220500,-0.07874016
4.72949485,3.54330700,0.00000000
4.72990285,5.51181100,-0.07874016
4.73031085,6.69291400,0.00000000
4.73071885,7.87401600,0.00000000
4.73112685,9.44881900,0.00000000
4.73153485,10.23622000,0.00000000
4.73194285,11.81102000,0.00000000
4.73235085,12.99213000,0.00000000
4.73275885,13.77953000,0.00000000
4.73316685,14.96063000,0.00000000
4.73357485,14.96063000,0.00000000
4.73398285,15.35433000,-0.07874016
4.73439085,15.74803000,0.00000000
4.73479885,16.14173000,0.00000000
4.73520685,15.74803000,0.00000000
4.73561485,15.35433000,0.00000000
4.73602285,14.96063000,-0.07874016
4.73643085,14.96063000,-0.07874016
4.73683885,13.38583000,0.00000000
4.73724685,13.38583000,0.00000000
4.73765485,12.20472000,0.00000000
4.73806285,11.02362000,-0.07874016
4.73847085,9.84252000,0.00000000
4.73887885,8.66141700,0.00000000
4.73928685,7.08661400,0.00000000
4.73969485,5.90551200,0.00000000
4.74010285,3.93700800,0.00000000
4.74051085,2.75590500,0.00000000
4.74091885,1.57480300,0.00000000
4.74132685,-0.39370080,-0.07874016
4.74173485,-1.96850400,0.00000000
4.74214285,-3.54330700,-0.07874016
4.74255085,-5.11811000,0.00000000
4.74295885,-6.29921200,-0.07874016
4.74336685,-7.87401600,0.00000000
4.74377485,-9.05511800,0.00000000
4.74418285,-10.62992000,0.00000000
4.74459085,-11.41732000,0.00000000
4.74499885,-12.20472000,0.00000000
4.74540685,-13.38583000,0.00000000
4.74581485,-13.77953000,0.00000000
4.74622285,-14.56693000,0.00000000
4.74663085,-14.96063000,0.00000000
4.74703885,-14.96063000,0.00000000
4.74744685,-14.96063000,0.00000000
4.74785485,-14.96063000,-0.07874016
4.74826285,-14.56693000,0.00000000
4.74867085,-14.56693000,0.00000000
4.74907885,-13.77953000,0.00000000
4.74948685,-12.99213000,0.00000000
4.74989485,-12.20472000,0.00000000
4.75030285,-11.02362000,-0.07874016
4.75071085,-9.84252000,0.00000000
4.75111885,-8.66141700,-0.07874016
4.75152685,-7.48031500,0.00000000
4.75193485,-5.90551200,-0.07874016
4.75234285,-4.72441000,0.00000000
4.75275085,-2.36220500,0.00000000
4.75315885,-1.57480300,0.00000000
4.75356685,0.39370080,0.00000000
4.75397485,1.96850400,0.00000000
4.75438285,3.54330700,-0.07874016
4.75479085,5.51181100,0.00000000
4.75519885,6.69291400,0.00000000
4.75560685,8.26771600,0.00000000
4.75601485,9.84252000,-0.07874016
4.75642285,11.02362000,0.00000000
4.75683085,12.59842000,0.00000000
4.75723885,12.99213000,0.00000000
4.75764685,14.17323000,0.00000000
4.75805485,14.96063000,-0.07874016
4.75846285,15.74803000,0.00000000
4.75887085,16.14173000,0.00000000
4.75927885,16.92913000,0.00000000
4.75968685,16.53543000,0.00000000
4.76009485,16.53543000,0.00000000
4.76050285,16.53543000,0.00000000
4.76091085,15.74803000,-0.07874016
4.76131885,15.74803000,0.00000000
4.76172685,14.96063000,-0.07874016
4.76213485,13.77953000,0.00000000
4.76254285,13.38583000,0.00000000
4.76295085,11.41732000,0.00000000
4.76335885,11.02362000,-0.07874016
4.76376685,9.05511800,0.00000000
4.76417485,7.87401600,0.00000000
4.76458285,6.29921200,0.00000000
4.76499085,4.72441000,-0.07874016
4.76539885,3.54330700,-0.07874016
4.76580685,1.57480300,0.00000000
4.76621485,0.00000000,0.00000000
4.76662285,-1.96850400,0.00000000
4.76703085,-3.14960600,0.00000000
4.76743885,-5.11811000,0.00000000
4.76784685,-6.29921200,0.00000000
4.76825485,-8.26771600,0.00000000
4.76866285,-9.44881900,0.00000000
4.76907085,-10.62992000,0.00000000
4.76947885,-12.20472000,0.00000000
4.76988685,-12.99213000,-0.07874016
4.77029485,-13.77953000,0.00000000
4.77070285,-14.56693000,0.00000000
4.77111085,-15.35433000,-0.07874016
4.77151885,-15.74803000,0.00000000
4.77192685,-16.14173000,0.00000000
4.77233485,-16.14173000,0.00000000
4.77274285,-16.14173000,0.00000000
4.77315085,-15.74803000,0.00000000
4.77355885,-15.35433000,0.00000000
4.77396685,-14.96063000,-0.07874016
4.77437485,-13.77953000,0.00000000
4.77478285,-12.99213000,-0.07874016
4.77519085,-11.81102000,0.00000000
4.77559885,-10.62992000,-0.07874016
4.77600685,-9.44881900,0.00000000
4.77641485,-7.87401600,0.00000000
4.77682285,-6.69291400,0.00000000
4.77723085,-5.11811000,0.00000000
4.77763885,-3.54330700,0.00000000
4.77804685,-1.96850400,-0.07874016
4.77845485,0.00000000,0.00000000
4.77886285,1.96850400,0.00000000
4.77927085,3.14960600,0.00000000
4.77967885,5.11811000,-0.07874016
4.78008685,6.69291400,0.00000000
4.78049485,7.87401600,0.00000000
4.78090285,9.84252000,0.00000000
4.78131085,11.02362000,0.00000000
4.78171885,12.20472000,0.00000000
4.78212685,13.38583000,0.00000000
4.78253485,14.17323000,0.00000000
4.78294285,15.74803000,0.00000000
4.78335085,16.53543000,0.00000000
4.78375885,16.92913000,0.00000000
4.78416685,16.92913000,0.00000000
4.78457485,17.32283000,-0.07874016
4.78498285,17.32283000,0.00000000
4.78539085,17.32283000,0.00000000
4.78579885,16.92913000,0.00000000
4.78620685,16.53543000,0.00000000
4.78661485,15.74803000,0.00000000
4.78702285,14.96063000,-0.07874016
4.78743085,14.17323000,0.00000000
4.78783885,12.59842000,0.00000000
4.78824685,11.81102000,0.00000000
4.78865485,10.23622000,0.00000000
4.78906285,8.66141700,0.00000000
4.78947085,7.08661400,0.00000000
4.78987885,5.51181100,0.00000000
4.79028685,3.54330700,0.00000000
4.79069485,1.96850400,0.00000000
4.79110285,0.39370080,-0.07874016
4.79151085,-1.18110200,0.00000000
4.79191885,-2.75590500,0.00000000
4.79232685,-5.11811000,0.00000000
4.79273485,-6.29921200,0.00000000
4.79314285,-7.87401600,0.00000000
4.79355085,-9.84252000,-0.07874016
4.79395885,-11.02362000,0.00000000
4.79436685,-12.20472000,0.00000000
4.79477485,-13.38583000,-0.07874016
4.79518285,-14.17323000,0.00000000
4.79559085,-15.35433000,0.00000000
4.79599885,-16.14173000,-0.07874016
4.79640685,-16.53543000,0.00000000
4.79681485,-16.53543000,0.00000000
4.79722285,-16.92913000,0.00000000
4.79763085,-16.53543000,0.00000000
4.79803885,-16.92913000,0.00000000
4.79844685,-16.14173000,0.00000000
4.79885485,-15.74803000,0.00000000
4.79926285,-14.96063000,-0.07874016
4.79967085,-13.77953000,0.00000000
4.80007885,-12.59842000,0.00000000
4.80048685,-11.81102000,0.00000000
4.80089485,-9.84252000,-0.07874016
4.80130285,-8.66141700,0.00000000
4.80171085,-7.08661400,0.00000000
4.80211885,-5.90551200,0.00000000
4.80252685,-3.93700800,-0.07874016
4.80293485,-2.36220500,0.00000000
4.80334285,-0.39370080,-0.07874016
4.80375085,1.18110200,-0.07874016
4.80415885,3.54330700,0.00000000
4.80456685,4.72441000,-0.07874016
4.80497485,7.08661400,0.00000000
4.80538285,8.26771600,0.00000000
4.80579085,9.84252000,0.00000000
4.80619885,11.41732000,0.00000000
4.80660685,12.59842000,0.00000000
4.80701485,14.17323000,0.00000000
4.80742285,14.96063000,0.00000000
4.80783085,16.14173000,0.00000000
4.80823885,16.92913000,0.00000000
4.80864685,17.32283000,0.00000000
4.80905485,17.71653000,-0.07874016
4.80946285,18.11024000,0.00000000
4.80987085,18.11024000,0.00000000
4.81027885,17.71653000,0.00000000
4.81068685,17.71653000,0.00000000
4.81109485,17.32283000,0.00000000
4.81150285,16.92913000,0.00000000
4.81191085,15.74803000,0.00000000
4.81231885,14.56693000,0.00000000
4.81272685,13.77953000,0.00000000
4.81313485,12.59842000,0.00000000
4.81354285,11.02362000,0.00000000
4.81395085,9.44881900,0.00000000
4.81435885,7.87401600,0.00000000
4.81476685,6.29921200,0.00000000
4.81517485,4.33070900,0.00000000
4.81558285,2.36220500,0.00000000
4.81599085,0.78740160,0.00000000
4.81639885,-1.18110200,0.00000000
4.81680685,-3.14960600,0.00000000
4.81721485,-4.72441000,0.00000000
4.81762285,-6.69291400,0.00000000
4.81803085,-7.87401600,0.00000000
4.81843885,-9.84252000,0.00000000
4.81884685,-11.02362000,0.00000000
4.81925485,-12.59842000,0.00000000
4.81966285,-13.38583000,0.00000000
4.82007085,-14.96063000,-0.07874016
4.82047885,-15.35433000,-0.07874016
4.82088685,-16.53543000,0.00000000
4.82129485,-16.92913000,0.00000000
4.82170285,-17.32283000,0.00000000
4.82211085,-17.71653000,0.00000000
4.82251885,-17.32283000,0.00000000
4.82292685,-17.32283000,0.00000000
4.82333485,-16.92913000,0.00000000
4.82374285,-16.53543000,0.00000000
4.82415085,-15.74803000,0.00000000
4.82455885,-14.56693000,0.00000000
4.82496685,-13.77953000,0.00000000
4.82537485,-12.20472000,-0.07874016
4.82578284,-11.02362000,0.00000000
4.82619084,-9.44881900,-0.07874016
4.82659884,-7.87401600,0.00000000
4.82700684,-5.90551200,0.00000000
4.82741484,-4.33070900,0.00000000
4.82782284,-2.36220500,0.00000000
4.82823084,-0.78740160,0.00000000
4.82863884,0.78740160,-0.07874016
4.82904684,2.75590500,0.00000000
4.82945484,5.11811000,0.00000000
4.82986284,6.29921200,-0.07874016
4.83027084,8.26771600,0.00000000
4.83067884,9.84252000,0.00000000
4.83108684,11.02362000,0.00000000
4.83149484,12.59842000,0.00000000
4.83190284,14.17323000,-0.07874016
4.83231084,15.35433000,0.00000000
4.83271884,16.14173000,0.00000000
4.83312684,16.92913000,0.00000000
4.83353484,17.71653000,-0.07874016
4.83394284,18.11024000,0.00000000
4.83435084,18.50394000,0.00000000
4.83475884,18.89764000,0.00000000
4.83516684,18.89764000,0.00000000
4.83557484,18.50394000,0.00000000
4.83598284,18.11024000,0.00000000
4.83639084,16.92913000,0.00000000
4.83679884,16.53543000,0.00000000
4.83720684,15.35433000,0.00000000
4.83761484,14.17323000,0.00000000
4.83802284,12.99213000,0.00000000
4.83843084,11.81102000,0.00000000
4.83883884,10.23622000,0.00000000
4.83924684,8.66141700,0.00000000
4.83965484,7.08661400,0.00000000
4.84006284,4.72441000,0.00000000
4.84047084,3.14960600,0.00000000
4.84087884,1.18110200,0.00000000
4.84128684,-1.18110200,0.00000000
4.84169484,-2.75590500,-0.07874016
4.84210284,-4.72441000,0.00000000
4.84251084,-5.90551200,0.00000000
4.84291884,-7.87401600,0.00000000
4.84332684,-9.84252000,0.00000000
4.84373484,-11.41732000,0.00000000
4.84414284,-12.20472000,0.00000000
4.84455084,-13.77953000,0.00000000
4.84495884,-14.96063000,0.00000000
4.84536684,-15.74803000,0.00000000
4.84577484,-16.53543000,-0.07874016
4.84618284,-17.32283000,0.00000000
4.84659084,-17.71653000,0.00000000
4.84699884,-17.71653000,0.00000000
4.84740684,-17.71653000,0.00000000
4.84781484,-17.71653000,0.00000000
4.84822284,-17.32283000,0.00000000
4.84863084,-16.92913000,0.00000000
4.84903884,-15.74803000,0.00000000
4.84944684,-15.35433000,0.00000000
4.84985484,-14.17323000,0.00000000
4.85026284,-12.99213000,0.00000000
4.85067084,-11.41732000,-0.07874016
4.85107884,-9.84252000,0.00000000
4.85148684,-8.66141700,0.00000000
4.85189484,-6.69291400,0.00000000
4.85230284,-5.11811000,0.00000000
4.85271084,-3.14960600,0.00000000
4.85311884,-1.57480300,-0.07874016
4.85352684,0.39370080,0.00000000
4.85393484,2.75590500,-0.07874016
4.85434284,4.72441000,0.00000000
4.85475084,5.90551200,-0.07874016
4.85515884,8.26771600,0.00000000
4.85556684,9.84252000,0.00000000
4.85597484,11.41732000,0.00000000
4.85638284,12.99213000,0.00000000
4.85679084,14.17323000,0.00000000
4.85719884,15.35433000,-0.07874016
4.85760684,16.53543000,0.00000000
4.85801484,17.71653000,-0.07874016
4.85842284,18.50394000,-0.07874016
4.85883084,18.89764000,-0.07874016
4.85923884,19.29134000,0.00000000
4.85964684,18.89764000,0.00000000
4.86005484,18.89764000,0.00000000
4.86046284,18.50394000,0.00000000
4.86087084,18.50394000,0.00000000
4.86127884,17.71653000,0.00000000
4.86168684,16.92913000,0.00000000
4.86209484,15.74803000,0.00000000
4.86250284,14.96063000,-0.07874016
4.86291084,13.77953000,0.00000000
4.86331884,12.20472000,0.00000000
4.86372684,10.62992000,0.00000000
4.86413484,8.66141700,0.00000000
4.86454284,7.08661400,-0.07874016
4.86495084,5.51181100,0.00000000
4.86535884,3.54330700,0.00000000
4.86576684,1.18110200,0.00000000
4.86617484,-0.39370080,0.00000000
4.86658284,-2.36220500,0.00000000
4.86699084,-3.93700800,0.00000000
4.86739884,-6.29921200,0.00000000
4.86780684,-7.87401600,-0.07874016
4.86821484,-9.44881900,0.00000000
4.86862284,-11.02362000,-0.07874016
4.86903084,-12.59842000,0.00000000
4.86943884,-13.77953000,0.00000000
4.86984684,-15.35433000,0.00000000
4.87025484,-15.74803000,0.00000000
4.87066284,-16.53543000,0.00000000
4.87107084,-17.71653000,-0.07874016
4.87147884,-17.71653000,0.00000000
4.87188684,-18.50394000,0.00000000
4.87229484,-18.50394000,0.00000000
4.87270284,-18.11024000,0.00000000
4.87311084,-18.11024000,0.00000000
4.87351884,-17.32283000,0.00000000
4.87392684,-16.53543000,0.00000000
4.87433484,-15.74803000,0.00000000
4.87474284,-14.56693000,0.00000000
4.87515084,-13.38583000,0.00000000
4.87555884,-11.81102000,0.00000000
4.87596684,-10.23622000,0.00000000
4.87637484,-9.05511800,0.00000000
4.87678284,-7.48031500,0.00000000
4.87719084,-5.51181100,0.00000000
4.87759884,-3.54330700,-0.07874016
4.87800684,-1.57480300,0.00000000
4.87841484,0.39370080,-0.07874016
4.87882284,1.96850400,0.00000000
4.87923084,3.93700800,0.00000000
4.87963884,5.90551200,-0.07874016
4.88004684,7.87401600,-0.07874016
4.88045484,9.84252000,0.00000000
4.88086284,11.41732000,-0.07874016
4.88127084,12.99213000,0.00000000
4.88167884,14.17323000,0.00000000
4.88208684,15.35433000,0.00000000
4.88249484,16.92913000,0.00000000
4.88290284,17.71653000,0.00000000
4.88331084,18.11024000,0.00000000
4.88371884,18.89764000,0.00000000
4.88412684,19.68504000,0.00000000
4.88453484,19.29134000,0.00000000
4.88494284,19.68504000,0.00000000
4.88535084,19.29134000,0.00000000
4.88575884,18.89764000,0.00000000
4.88616684,18.11024000,0.00000000
4.88657484,17.32283000,-0.07874016
4.88698284,16.53543000,0.00000000
4.88739084,15.35433000,0.00000000
4.88779884,13.77953000,0.00000000
4.88820684,12.20472000,0.00000000
4.88861484,11.02362000,0.00000000
4.88902284,9.44881900,0.00000000
4.88943084,7.48031500,0.00000000
4.88983884,5.90551200,0.00000000
4.89024684,3.54330700,-0.07874016
4.89065484,1.96850400,0.00000000
4.89106284,0.00000000,0.00000000
4.89147084,-1.96850400,-0.07874016
4.89187884,-3.93700800,0.00000000
4.89228684,-5.51181100,0.00000000
4.89269484,-7.87401600,0.00000000
4.89310284,-9.44881900,0.00000000
4.89351084,-10.62992000,0.00000000
4.89391884,-12.59842000,0.00000000
4.89432684,-13.77953000,0.00000000
4.89473484,-14.96063000,0.00000000
4.89514284,-16.14173000,0.00000000
4.89555084,-17.32283000,0.00000000
4.89595884,-17.32283000,0.00000000
4.89636684,-18.11024000,0.00000000
4.89677484,-18.89764000,0.00000000
4.89718284,-18.50394000,0.00000000
4.89759084,-18.50394000,0.00000000
4.89799884,-18.11024000,0.00000000
4.89840684,-17.71653000,0.00000000
4.89881484,-17.32283000,0.00000000
4.89922284,-16.53543000,0.00000000
4.89963084,-15.35433000,0.00000000
4.90003884,-14.17323000,0.00000000
4.90044684,-12.59842000,0.00000000
4.90085484,-11.41732000,-0.07874016
4.90126284,-9.44881900,0.00000000
4.90167084,-7.87401600,0.00000000
4.90207884,-5.90551200,0.00000000
4.90248684,-3.93700800,0.00000000
4.90289484,-1.96850400,0.00000000
4.90330284,0.00000000,0.00000000
4.90371084,1.96850400,0.00000000
4.90411884,3.54330700,0.00000000
4.90452684,5.90551200,-0.07874016
4.90493484,7.48031500,0.00000000
4.90534284,9.05511800,0.00000000
4.90575084,11.41732000,-0.07874016
4.90615884,12.59842000,0.00000000
4.90656684,14.17323000,0.00000000
4.90697484,15.74803000,0.00000000
4.90738284,16.53543000,0.00000000
4.90779084,17.71653000,0.00000000
4.90819884,18.50394000,-0.07874016
4.90860684,18.89764000,0.00000000
4.90901484,19.29134000,0.00000000
4.90942284,19.29134000,0.00000000
4.90983084,20.07874000,0.00000000
4.91023884,19.29134000,-0.07874016
4.91064684,19.29134000,0.00000000
4.91105484,18.50394000,-0.07874016
4.91146284,17.71653000,0.00000000
4.91187084,16.92913000,-0.07874016
4.91227884,15.74803000,0.00000000
4.91268684,14.56693000,0.00000000
4.91309484,12.99213000,0.00000000
4.91350284,11.41732000,0.00000000
4.91391084,9.44881900,0.00000000
4.91431884,8.26771600,0.00000000
4.91472684,6.29921200,0.00000000
4.91513484,4.33070900,0.00000000
4.91554284,2.36220500,0.00000000
4.91595084,0.00000000,-0.07874016
4.91635884,-1.96850400,0.00000000
4.91676684,-3.54330700,0.00000000
4.91717484,-5.90551200,0.00000000
4.91758284,-7.48031500,0.00000000
4.91799084,-9.05511800,0.00000000
4.91839884,-10.62992000,0.00000000
4.91880684,-12.59842000,0.00000000
4.91921484,-13.38583000,-0.07874016
4.91962284,-14.96063000,0.00000000
4.92003084,-15.74803000,-0.07874016
4.92043884,-17.32283000,-0.07874016
4.92084684,-17.32283000,0.00000000
4.92125484,-18.11024000,0.00000000
4.92166284,-18.50394000,-0.07874016
4.92207084,-18.89764000,-0.07874016
4.92247884,-18.89764000,0.00000000
4.92288684,-18.50394000,0.00000000
4.92329484,-18.11024000,-0.07874016
4.92370284,-17.32283000,0.00000000
4.92411084,-16.53543000,0.00000000
4.92451884,-15.74803000,0.00000000
4.92492684,-14.56693000,0.00000000
4.92533484,-12.99213000,0.00000000
4.92574284,-11.41732000,0.00000000
4.92615084,-9.84252000,0.00000000
4.92655884,-8.26771600,-0.07874016
4.92696684,-6.69291400,0.00000000
4.92737484,-4.33070900,0.00000000
4.92778284,-2.75590500,0.00000000
4.92819084,-0.39370080,-0.07874016
4.92859884,1.57480300,0.00000000
4.92900684,3.54330700,-0.07874016
4.92941484,5.11811000,0.00000000
4.92982284,7.48031500,-0.07874016
4.93023084,9.05511800,0.00000000
4.93063884,11.02362000,0.00000000
4.93104684,12.59842000,0.00000000
4.93145484,14.17323000,-0.07874016
4.93186284,15.35433000,-0.07874016
4.93227084,16.53543000,0.00000000
4.93267884,17.71653000,0.00000000
4.93308684,18.50394000,0.00000000
4.93349484,18.89764000,0.00000000
4.93390284,19.29134000,0.00000000
4.93431084,19.68504000,0.00000000
4.93471884,19.68504000,-0.07874016
4.93512684,19.68504000,0.00000000
4.93553484,19.68504000,0.00000000
4.93594284,18.50394000,0.00000000
4.93635084,18.50394000,0.00000000
4.93675884,16.92913000,0.00000000
4.93716684,16.14173000,0.00000000
4.93757484,15.35433000,0.00000000
4.93798284,13.38583000,-0.07874016
4.93839084,12.20472000,0.00000000
4.93879884,10.23622000,0.00000000
4.93920684,8.66141700,0.00000000
4.93961484,6.69291400,0.00000000
4.94002284,4.72441000,0.00000000
4.94043084,3.14960600,0.00000000
4.94083884,0.78740160,0.00000000
4.94124684,-1.18110200,-0.07874016
4.94165484,-3.54330700,0.00000000
4.94206284,-5.11811000,-0.07874016
4.94247084,-6.69291400,0.00000000
4.94287884,-8.66141700,0.00000000
4.94328684,-10.62992000,0.00000000
4.94369484,-11.81102000,0.00000000
4.94410284,-13.38583000,0.00000000
4.94451084,-14.96063000,-0.07874016
4.94491884,-15.74803000,0.00000000
4.94532684,-17.32283000,0.00000000
4.94573484,-17.71653000,0.00000000
4.94614284,-18.11024000,0.00000000
4.94655084,-18.89764000,0.00000000
4.94695884,-19.29134000,0.00000000
4.94736684,-18.89764000,0.00000000
4.94777484,-18.89764000,0.00000000
4.94818284,-18.50394000,0.00000000
4.94859084,-17.71653000,0.00000000
4.94899884,-17.32283000,0.00000000
4.94940684,-15.74803000,0.00000000
4.94981484,-14.96063000,0.00000000
4.95022284,-13.38583000,0.00000000
4.95063084,-12.20472000,0.00000000
4.95103884,-10.23622000,0.00000000
4.95144684,-8.66141700,0.00000000
4.95185484,-6.69291400,-0.07874016
4.95226284,-5.11811000,0.00000000
4.95267084,-2.75590500,-0.07874016
4.95307884,-0.78740160,0.00000000
4.95348684,1.18110200,-0.07874016
4.95389484,3.14960600,0.00000000
4.95430284,4.72441000,0.00000000
4.95471084,7.08661400,0.00000000
4.95511884,9.05511800,0.00000000
4.95552684,10.62992000,-0.07874016
4.95593484,12.20472000,-0.07874016
4.95634284,13.77953000,0.00000000
4.95675084,14.96063000,0.00000000
4.95715884,16.53543000,-0.07874016
4.95756684,17.32283000,0.00000000
4.95797484,18.50394000,-0.07874016
4.95838284,19.29134000,0.00000000
4.95879084,19.68504000,0.00000000
4.95919884,20.07874000,0.00000000
4.95960684,19.68504000,0.00000000
4.96001484,20.07874000,0.00000000
4.96042284,19.68504000,0.00000000
4.96083084,18.89764000,0.00000000
4.96123884,18.50394000,0.00000000
4.96164684,17.71653000,0.00000000
4.96205484,16.14173000,0.00000000
4.96246284,15.35433000,-0.07874016
4.96287084,13.77953000,0.00000000
4.96327884,12.20472000,-0.07874016
4.96368684,10.62992000,0.00000000
4.96409484,9.05511800,0.00000000
4.96450284,7.08661400,0.00000000
4.96491084,5.11811000,0.00000000
4.96531884,3.14960600,0.00000000
4.96572684,1.18110200,0.00000000
4.96613484,-0.78740160,0.00000000
4.96654284,-2.75590500,0.00000000
4.96695084,-4.72441000,0.00000000
4.96735884,-6.29921200,-0.07874016
4.96776684,-8.26771600,0.00000000
4.96817484,-10.23622000,0.00000000
4.96858284,-11.81102000,0.00000000
4.96899084,-12.99213000,0.00000000
4.96939884,-14.96063000,0.00000000
4.96980684,-16.14173000,0.00000000
4.97021484,-16.92913000,0.00000000
4.97062284,-17.71653000,0.00000000
4.97103084,-18.11024000,0.00000000
4.97143884,-18.89764000,0.00000000
4.97184684,-19.29134000,0.00000000
4.97225484,-19.29134000,-0.07874016
4.97266284,-18.89764000,0.00000000
4.97307084,-18.89764000,-0.07874016
4.97347884,-17.71653000,0.00000000
4.97388684,-16.92913000,0.00000000
4.97429484,-16.14173000,0.00000000
4.97470284,-14.96063000,0.00000000
4.97511084,-13.77953000,-0.07874016
4.97551884,-12.20472000,0.00000000
4.97592684,-11.02362000,0.00000000
4.97633484,-9.05511800,0.00000000
4.97674284,-7.08661400,0.00000000
4.97715084,-5.11811000,-0.07874016
4.97755884,-3.54330700,0.00000000
4.97796684,-1.57480300,-0.07874016
4.97837484,0.39370080,0.00000000
4.97878284,2.36220500,0.00000000
4.97919084,4.72441000,0.00000000
4.97959884,6.29921200,0.00000000
4.98000684,8.26771600,0.00000000
4.98041484,9.84252000,0.00000000
4.98082284,11.81102000,0.00000000
4.98123084,13.38583000,-0.07874016
4.98163884,14.96063000,0.00000000
4.98204684,16.14173000,-0.07874016
4.98245484,17.32283000,0.00000000
4.98286284,18.50394000,-0.07874016
4.98327084,18.89764000,0.00000000
4.98367884,19.68504000,0.00000000
4.98408684,19.68504000,0.00000000
4.98449484,20.07874000,0.00000000
4.98490284,20.07874000,0.00000000
4.98531084,19.68504000,-0.07874016
4.98571884,19.68504000,0.00000000
4.98612684,18.50394000,0.00000000
4.98653484,17.71653000,0.00000000
4.98694284,16.92913000,0.00000000
4.98735084,15.35433000,0.00000000
4.98775884,14.17323000,0.00000000
4.98816684,12.99213000,0.00000000
4.98857484,11.02362000,-0.07874016
4.98898284,9.44881900,0.00000000
4.98939084,7.08661400,0.00000000
4.98979884,5.51181100,0.00000000
4.99020684,3.54330700,-0.07874016
4.99061484,1.57480300,0.00000000
4.99102284,-0.39370080,-0.07874016
4.99143084,-2.36220500,0.00000000
4.99183884,-4.33070900,0.00000000
4.99224684,-6.29921200,0.00000000
4.99265484,-8.26771600,0.00000000
4.99306284,-9.84252000,0.00000000
4.99347084,-11.81102000,-0.07874016
4.99387884,-12.59842000,0.00000000
4.99428684,-14.56693000,-0.07874016
4.99469484,-15.74803000,0.00000000
4.99510284,-16.53543000,0.00000000
4.99551084,-17.71653000,0.00000000
4.99591884,-18.50394000,0.00000000
4.99632684,-18.89764000,0.00000000
4.99673484,-18.89764000,0.00000000
4.99714284,-19.29134000,0.00000000
4.99755084,-18.89764000,-0.07874016
4.99795884,-18.50394000,0.00000000
4.99836684,-17.71653000,0.00000000
4.99877484,-17.71653000,0.00000000
4.99918284,-16.14173000,0.00000000
4.99959084,-15.74803000,-0.07874016
4.99999884,-13.77953000,-0.07874016
5.00040684,-12.59842000,-0.07874016
5.00081484,-11.41732000,-0.07874016
5.00122284,-9.05511800,0.00000000
5.00163084,-7.87401600,-0.07874016
5.00203884,-5.51181100,0.00000000
5.00244683,-3.54330700,0.00000000
5.00285483,-1.57480300,0.00000000
5.00326283,0.39370080,0.00000000
5.00367083,1.96850400,0.00000000
5.00407883,4.33070900,-0.07874016
5.00448683,6.29921200,0.00000000
5.00489483,7.87401600,-0.07874016
5.00530283,10.23622000,0.00000000
5.00571083,11.81102000,0.00000000
5.00611883,12.99213000,0.00000000
5.00652683,14.96063000,0.00000000
5.00693483,15.74803000,0.00000000
5.00734283,16.92913000,0.00000000
5.00775083,18.11024000,0.00000000
5.00815883,18.89764000,0.00000000
5.00856683,19.68504000,0.00000000
5.00897483,19.68504000,0.00000000
5.00938283,20.07874000,0.00000000
5.00979083,20.47244000,0.00000000
5.01019883,20.07874000,0.00000000
5.01060683,19.29134000,0.00000000
5.01101483,18.89764000,0.00000000
5.01142283,18.11024000,0.00000000
5.01183083,16.92913000,-0.07874016
5.01223883,16.14173000,0.00000000
5.01264683,14.56693000,0.00000000
5.01305483,13.38583000,0.00000000
5.01346283,11.41732000,0.00000000
5.01387083,9.84252000,0.00000000
5.01427883,7.87401600,0.00000000
5.01468683,5.90551200,0.00000000
5.01509483,3.93700800,0.00000000
5.01550283,1.96850400,0.00000000
5.01591083,0.00000000,0.00000000
5.01631883,-1.96850400,-0.07874016
5.01672683,-3.93700800,0.00000000
5.01713483,-5.51181100,0.00000000
5.01754283,-7.48031500,0.00000000
5.01795083,-9.44881900,0.00000000
5.01835883,-11.02362000,0.00000000
5.01876683,-12.99213000,0.00000000
5.01917483,-14.17323000,0.00000000
5.01958283,-15.35433000,0.00000000
5.01999083,-16.53543000,0.00000000
5.02039883,-16.92913000,-0.07874016
5.02080683,-18.11024000,0.00000000
5.02121483,-18.50394000,0.00000000
5.02162283,-19.29134000,-0.07874016
5.02203083,-19.29134000,0.00000000
5.02243883,-19.29134000,0.00000000
5.02284683,-18.50394000,0.00000000
5.02325483,-18.50394000,0.00000000
5.02366283,-17.71653000,0.00000000
5.02407083,-16.92913000,0.00000000
5.02447883,-15.35433000,0.00000000
5.02488683,-14.56693000,0.00000000
5.02529483,-12.99213000,0.00000000
5.02570283,-11.81102000,0.00000000
5.02611083,-9.84252000,0.00000000
5.02651883,-7.87401600,0.00000000
5.02692683,-5.90551200,0.00000000
5.02733483,-3.93700800,0.00000000
5.02774283,-2.36220500,-0.07874016
5.02815083,-0.39370080,0.00000000
5.02855883,1.96850400,-0.07874016
5.02896683,3.93700800,-0.07874016
5.02937483,5.51181100,-0.07874016
5.02978283,7.08661400,0.00000000
5.03019083,9.44881900,0.00000000
5.03059883,11.02362000,0.00000000
5.03100683,12.99213000,-0.07874016
5.03141483,14.17323000,0.00000000
5.03182283,16.14173000,0.00000000
5.03223083,16.92913000,0.00000000
5.03263883,17.71653000,-0.07874016
5.03304683,18.50394000,0.00000000
5.03345483,19.29134000,0.00000000
5.03386283,19.68504000,0.00000000
5.03427083,20.47244000,-0.07874016
5.03467883,20.07874000,0.00000000
5.03508683,20.07874000,-0.07874016
5.03549483,19.29134000,0.00000000
5.03590283,18.89764000,-0.07874016
5.03631083,18.11024000,0.00000000
5.03671883,17.32283000,0.00000000
5.03712683,16.14173000,0.00000000
5.03753483,14.96063000,0.00000000
5.03794283,13.38583000,0.00000000
5.03835083,11.81102000,0.00000000
5.03875883,9.84252000,-0.07874016
5.03916683,8.26771600,0.00000000
5.03957483,6.29921200,0.00000000
5.03998283,4.72441000,0.00000000
5.04039083,2.36220500,0.00000000
5.04079883,0.39370080,0.00000000
5.04120683,-1.57480300,0.00000000
5.04161483,-3.93700800,0.00000000
5.04202283,-5.90551200,0.00000000
5.04243083,-7.48031500,-0.07874016
5.04283883,-9.44881900,0.00000000
5.04324683,-10.62992000,0.00000000
5.04365483,-12.59842000,0.00000000
5.04406283,-13.77953000,-0.07874016
5.04447083,-15.35433000,0.00000000
5.04487883,-16.53543000,0.00000000
5.04528683,-17.32283000,0.00000000
5.04569483,-17.71653000,0.00000000
5.04610283,-18.89764000,0.00000000
5.04651083,-18.89764000,0.00000000
5.04691883,-19.29134000,0.00000000
5.04732683,-19.29134000,-0.07874016
5.04773483,-18.89764000,0.00000000
5.04814283,-18.11024000,0.00000000
5.04855083,-17.71653000,0.00000000
5.04895883,-16.92913000,0.00000000
5.04936683,-15.74803000,0.00000000
5.04977483,-14.17323000,0.00000000
5.05018283,-12.99213000,0.00000000
5.05059083,-11.81102000,0.00000000
5.05099883,-9.84252000,0.00000000
5.05140683,-8.66141700,0.00000000
5.05181483,-6.69291400,0.00000000
5.05222283,-4.72441000,0.00000000
5.05263083,-2.75590500,0.00000000
5.05303883,-0.39370080,0.00000000
5.05344683,1.18110200,0.00000000
5.05385483,3.14960600,0.00000000
5.05426283,5.11811000,0.00000000
5.05467083,7.08661400,0.00000000
5.05507883,8.66141700,0.00000000
5.05548683,11.02362000,0.00000000
5.05589483,12.20472000,0.00000000
5.05630283,13.77953000,-0.07874016
5.05671083,14.96063000,0.00000000
5.05711883,16.92913000,0.00000000
5.05752683,17.32283000,0.00000000
5.05793483,18.50394000,0.00000000
5.05834283,19.29134000,0.00000000
5.05875083,20.07874000,0.00000000
5.05915883,19.68504000,0.00000000
5.05956683,20.47244000,0.00000000
5.05997483,19.68504000,0.00000000
5.06038283,18.89764000,0.00000000
5.06079083,18.89764000,0.00000000
5.06119883,18.50394000,-0.07874016
5.06160683,17.32283000,0.00000000
5.06201483,16.53543000,0.00000000
5.06242283,14.96063000,-0.07874016
5.06283083,13.38583000,0.00000000
5.06323883,12.20472000,0.00000000
5.06364683,10.62992000,0.00000000
5.06405483,8.66141700,0.00000000
5.06446283,7.08661400,0.00000000
5.06487083,5.11811000,0.00000000
5.06527883,2.75590500,-0.07874016
5.06568683,0.78740160,0.00000000
5.06609483,-1.18110200,0.00000000
5.06650283,-3.14960600,0.00000000
5.06691083,-5.11811000,-0.07874016
5.06731883,-6.69291400,0.00000000
5.06772683,-8.26771600,0.00000000
5.06813483,-10.23622000,0.00000000
5.06854283,-11.81102000,0.00000000
5.06895083,-13.77953000,0.00000000
5.06935883,-14.56693000,0.00000000
5.06976683,-16.14173000,0.00000000
5.07017483,-16.92913000,0.00000000
5.07058283,-18.11024000,0.00000000
5.07099083,-18.50394000,0.00000000
5.07139883,-18.89764000,-0.07874016
5.07180683,-18.89764000,0.00000000
5.07221483,-19.29134000,0.00000000
5.07262283,-18.89764000,0.00000000
5.07303083,-18.50394000,0.00000000
5.07343883,-17.71653000,0.00000000
5.07384683,-16.92913000,0.00000000
5.07425483,-16.53543000,0.00000000
5.07466283,-15.35433000,0.00000000
5.07507083,-13.38583000,0.00000000
5.07547883,-11.81102000,0.00000000
5.07588683,-10.62992000,0.00000000
5.07629483,-8.66141700,0.00000000
5.07670283,-7.08661400,-0.07874016
5.07711083,-5.11811000,0.00000000
5.07751883,-2.75590500,0.00000000
5.07792683,-1.18110200,0.00000000
5.07833483,1.18110200,-0.07874016
5.07874283,2.75590500,0.00000000
5.07915083,4.72441000,0.00000000
5.07955883,6.69291400,-0.07874016
5.07996683,8.66141700,-0.07874016
5.08037483,10.23622000,0.00000000
5.08078283,12.20472000,0.00000000
5.08119083,13.77953000,-0.07874016
5.08159883,14.96063000,0.00000000
5.08200683,16.14173000,0.00000000
5.08241483,17.71653000,-0.07874016
5.08282283,18.50394000,0.00000000
5.08323083,18.89764000,0.00000000
5.08363883,19.68504000,0.00000000
5.08404683,20.07874000,-0.07874016
5.08445483,20.07874000,0.00000000
5.08486283,19.68504000,-0.07874016
5.08527083,19.68504000,-0.07874016
5.08567883,19.29134000,0.00000000
5.08608683,18.50394000,0.00000000
5.08649483,17.32283000,0.00000000
5.08690283,16.14173000,0.00000000
5.08731083,15.74803000,0.00000000
5.08771883,14.17323000,0.00000000
5.08812683,12.59842000,-0.07874016
5.08853483,10.62992000,0.00000000
5.08894283,9.05511800,0.00000000
5.08935083,7.08661400,0.00000000
5.08975883,5.51181100,-0.07874016
5.09016683,3.14960600,0.00000000
5.09057483,1.57480300,0.00000000
5.09098283,-0.39370080,0.00000000
5.09139083,-2.75590500,0.00000000
5.09179883,-4.72441000,0.00000000
5.09220683,-6.69291400,-0.07874016
5.09261483,-8.26771600,0.00000000
5.09302283,-9.84252000,0.00000000
5.09343083,-11.81102000,0.00000000
5.09383883,-12.99213000,0.00000000
5.09424683,-14.56693000,0.00000000
5.09465483,-15.74803000,0.00000000
5.09506283,-16.53543000,0.00000000
5.09547083,-17.32283000,0.00000000
5.09587883,-18.11024000,0.00000000
5.09628683,-18.50394000,0.00000000
5.09669483,-19.29134000,0.00000000
5.09710283,-18.89764000,0.00000000
5.09751083,-18.89764000,0.00000000
5.09791883,-18.50394000,0.00000000
5.09832683,-17.71653000,-0.07874016
5.09873483,-17.32283000,0.00000000
5.09914283,-16.14173000,0.00000000
5.09955083,-15.35433000,0.00000000
5.09995883,-14.17323000,0.00000000
5.10036683,-12.59842000,0.00000000
5.10077483,-10.62992000,0.00000000
5.10118283,-9.44881900,-0.07874016
5.10159083,-7.87401600,0.00000000
5.10199883,-5.90551200,-0.07874016
5.10240683,-3.54330700,0.00000000
5.10281483,-1.96850400,0.00000000
5.10322283,0.39370080,0.00000000
5.10363083,1.96850400,0.00000000
5.10403883,4.33070900,0.00000000
5.10444683,6.29921200,-0.07874016
5.10485483,8.26771600,0.00000000
5.10526283,9.84252000,0.00000000
5.10567083,11.41732000,0.00000000
5.10607883,12.99213000,0.00000000
5.10648683,14.96063000,0.00000000
5.10689483,15.74803000,-0.07874016
5.10730283,16.92913000,0.00000000
5.10771083,17.71653000,-0.07874016
5.10811883,18.89764000,0.00000000
5.10852683,19.29134000,0.00000000
5.10893483,19.68504000,0.00000000
5.10934283,20.07874000,0.00000000
5.10975083,19.68504000,-0.07874016
5.11015883,19.68504000,0.00000000
5.11056683,18.89764000,0.00000000
5.11097483,18.50394000,0.00000000
5.11138283,17.71653000,0.00000000
5.11179083,16.92913000,0.00000000
5.11219883,15.35433000,0.00000000
5.11260683,14.17323000,0.00000000
5.11301483,12.99213000,0.00000000
5.11342283,11.41732000,0.00000000
5.11383083,9.44881900,-0.07874016
5.11423883,7.48031500,0.00000000
5.11464683,5.90551200,0.00000000
5.11505483,3.93700800,0.00000000
5.11546283,1.96850400,0.00000000
5.11587083,0.00000000,0.00000000
5.11627883,-2.36220500,0.00000000
5.11668683,-3.93700800,0.00000000
5.11709483,-5.90551200,0.00000000
5.11750283,-7.87401600,-0.07874016
5.11791083,-9.84252000,0.00000000
5.11831883,-11.41732000,0.00000000
5.11872683,-12.99213000,0.00000000
5.11913483,-14.17323000,0.00000000
5.11954283,-15.35433000,0.00000000
5.11995083,-16.53543000,0.00000000
5.12035883,-17.32283000,0.00000000
5.12076683,-18.11024000,0.00000000
5.12117483,-18.50394000,0.00000000
5.12158283,-19.29134000,0.00000000
5.12199083,-19.29134000,0.00000000
5.12239883,-18.89764000,0.00000000
5.12280683,-18.89764000,0.00000000
5.12321483,-18.11024000,0.00000000
5.12362283,-17.32283000,0.00000000
5.12403083,-16.53543000,0.00000000
5.12443883,-15.35433000,0.00000000
5.12484683,-14.17323000,0.00000000
5.12525483,-12.99213000,0.00000000
5.12566283,-11.02362000,0.00000000
5.12607083,-9.44881900,0.00000000
5.12647883,-7.87401600,0.00000000
5.12688683,-5.90551200,0.00000000
5.12729483,-4.33070900,0.00000000
5.12770283,-2.36220500,0.00000000
5.12811083,0.00000000,0.00000000
5.12851883,1.57480300,0.00000000
5.12892683,3.54330700,-0.07874016
5.12933483,5.51181100,0.00000000
5.12974283,7.48031500,-0.07874016
5.13015083,9.44881900,0.00000000
5.13055883,11.41732000,0.00000000
5.13096683,12.99213000,0.00000000
5.13137483,14.56693000,0.00000000
5.13178283,15.74803000,0.00000000
5.13219083,16.92913000,0.00000000
5.13259883,17.71653000,-0.07874016
5.13300683,18.89764000,0.00000000
5.13341483,19.29134000,0.00000000
5.13382283,19.68504000,-0.07874016
5.13423083,20.07874000,0.00000000
5.13463883,20.07874000,0.00000000
5.13504683,19.68504000,0.00000000
5.13545483,19.68504000,0.00000000
5.13586283,18.89764000,0.00000000
5.13627083,18.11024000,0.00000000
5.13667883,17.32283000,0.00000000
5.13708683,16.14173000,-0.07874016
5.13749483,14.96063000,0.00000000
5.13790283,13.38583000,0.00000000
5.13831083,11.81102000,0.00000000
5.13871883,10.23622000,0.00000000
5.13912683,7.87401600,0.00000000
5.13953483,5.90551200,-0.07874016
5.13994283,4.72441000,0.00000000
5.14035083,1.96850400,0.00000000
5.14075883,0.39370080,-0.07874016
5.14116683,-1.57480300,0.00000000
5.14157483,-3.54330700,0.00000000
5.14198283,-5.51181100,0.00000000
5.14239083,-7.48031500,0.00000000
5.14279883,-9.05511800,0.00000000
5.14320683,-11.02362000,0.00000000
5.14361483,-12.20472000,0.00000000
5.14402283,-14.17323000,0.00000000
5.14443083,-15.35433000,0.00000000
5.14483883,-16.53543000,0.00000000
5.14524683,-16.92913000,-0.07874016
5.14565483,-18.11024000,0.00000000
5.14606283,-18.50394000,0.00000000
5.14647083,-18.89764000,0.00000000
5.14687883,-18.89764000,0.00000000
5.14728683,-19.29134000,0.00000000
5.14769483,-18.50394000,0.00000000
5.14810283,-18.11024000,0.00000000
5.14851083,-17.32283000,0.00000000
5.14891883,-17.32283000,0.00000000
5.14932683,-15.74803000,-0.07874016
5.14973483,-14.56693000,0.00000000
5.15014283,-12.99213000,-0.07874016
5.15055083,-11.81102000,-0.07874016
5.15095883,-9.84252000,0.00000000
5.15136683,-8.26771600,0.00000000
5.15177483,-6.29921200,0.00000000
5.15218283,-4.33070900,0.00000000
5.15259083,-2.75590500,-0.07874016
5.15299883,-0.39370080,0.00000000
5.15340683,1.57480300,-0.07874016
5.15381483,3.14960600,0.00000000
5.15422283,5.51181100,0.00000000
5.15463083,7.08661400,0.00000000
5.15503883,9.05511800,0.00000000
5.15544683,11.02362000,0.00000000
5.15585483,12.59842000,0.00000000
5.15626283,14.17323000,0.00000000
5.15667083,15.74803000,0.00000000
5.15707883,16.53543000,0.00000000
5.15748683,17.71653000,-0.07874016
5.15789483,18.50394000,0.00000000
5.15830283,19.29134000,0.00000000
5.15871083,19.68504000,0.00000000
5.15911883,20.07874000,-0.07874016
5.15952683,20.07874000,0.00000000
5.15993483,19.68504000,0.00000000
5.16034283,19.29134000,-0.07874016
5.16075083,18.89764000,0.00000000
5.16115883,18.11024000,0.00000000
5.16156683,17.32283000,0.00000000
5.16197483,16.14173000,0.00000000
5.16238283,14.56693000,-0.07874016
5.16279083,13.38583000,0.00000000
5.16319883,11.81102000,0.00000000
5.16360683,10.23622000,0.00000000
5.16401483,8.66141700,0.00000000
5.16442283,6.29921200,0.00000000
5.16483083,4.33070900,-0.07874016
5.16523883,2.36220500,0.00000000
5.16564683,0.78740160,0.00000000
5.16605483,-1.57480300,0.00000000
5.16646283,-3.14960600,0.00000000
5.16687083,-5.11811000,0.00000000
5.16727883,-7.08661400,0.00000000
5.16768683,-8.66141700,0.00000000
5.16809483,-10.62992000,0.00000000
5.16850283,-12.20472000,0.00000000
5.16891083,-13.77953000,-0.07874016
5.16931883,-14.96063000,0.00000000
5.16972683,-16.14173000,0.00000000
5.17013483,-16.92913000,0.00000000
5.17054283,-17.71653000,0.00000000
5.17095083,-18.50394000,0.00000000
5.17135883,-18.50394000,0.00000000
5.17176683,-18.89764000,0.00000000
5.17217483,-19.29134000,-0.07874016
5.17258283,-18.50394000,-0.07874016
5.17299083,-18.11024000,0.00000000
5.17339883,-17.32283000,0.00000000
5.17380683,-16.53543000,0.00000000
5.17421483,-15.74803000,0.00000000
5.17462283,-14.56693000,-0.07874016
5.17503083,-12.99213000,-0.07874016
5.17543883,-11.81102000,0.00000000
5.17584683,-9.84252000,0.00000000
5.17625483,-8.26771600,-0.07874016
5.17666283,-6.29921200,0.00000000
5.17707083,-4.72441000,0.00000000
5.17747883,-2.75590500,0.00000000
5.17788683,-0.39370080,0.00000000
5.17829483,1.18110200,0.00000000
5.17870283,3.14960600,0.00000000
5.17911082,5.11811000,0.00000000
5.17951882,7.08661400,0.00000000
5.17992682,8.66141700,0.00000000
5.18033482,10.62992000,-0.07874016
5.18074282,12.20472000,0.00000000
5.18115082,13.77953000,-0.07874016
5.18155882,14.96063000,0.00000000
5.18196682,16.14173000,-0.07874016
5.18237482,17.32283000,0.00000000
5.18278282,17.71653000,-0.07874016
5.18319082,18.89764000,0.00000000
5.18359882,19.29134000,0.00000000
5.18400682,19.29134000,0.00000000
5.18441482,19.68504000,0.00000000
5.18482282,19.29134000,0.00000000
5.18523082,19.29134000,-0.07874016
5.18563882,18.50394000,0.00000000
5.18604682,17.71653000,0.00000000
5.18645482,16.92913000,0.00000000
5.18686282,16.14173000,0.00000000
5.18727082,14.56693000,0.00000000
5.18767882,13.38583000,0.00000000
5.18808682,11.81102000,0.00000000
5.18849482,9.84252000,0.00000000
5.18890282,8.66141700,0.00000000
5.18931082,6.29921200,0.00000000
5.18971882,4.72441000,0.00000000
5.19012682,3.14960600,0.00000000
5.19053482,0.78740160,0.00000000
5.19094282,-1.18110200,0.00000000
5.19135082,-3.14960600,0.00000000
5.19175882,-4.72441000,-0.07874016
5.19216682,-6.69291400,0.00000000
5.19257482,-8.26771600,0.00000000
5.19298282,-9.84252000,0.00000000
5.19339082,-11.81102000,-0.07874016
5.19379882,-12.99213000,0.00000000
5.19420682,-14.56693000,-0.07874016
5.19461482,-15.35433000,0.00000000
5.19502282,-16.14173000,-0.07874016
5.19543082,-17.32283000,-0.07874016
5.19583882,-17.71653000,0.00000000
5.19624682,-18.50394000,0.00000000
5.19665482,-18.11024000,0.00000000
5.19706282,-18.11024000,0.00000000
5.19747082,-18.11024000,0.00000000
5.19787882,-17.71653000,0.00000000
5.19828682,-17.32283000,0.00000000
5.19869482,-16.53543000,0.00000000
5.19910282,-15.35433000,0.00000000
5.19951082,-14.17323000,-0.07874016
5.19991882,-12.99213000,0.00000000
5.20032682,-11.41732000,0.00000000
5.20073482,-9.84252000,-0.07874016
5.20114282,-7.87401600,0.00000000
5.20155082,-6.29921200,0.00000000
5.20195882,-4.33070900,0.00000000
5.20236682,-3.14960600,0.00000000
5.20277482,-1.18110200,0.00000000
5.20318282,1.18110200,0.00000000
5.20359082,2.75590500,0.00000000
5.20399882,5.11811000,0.00000000
5.20440682,6.29921200,0.00000000
5.20481482,8.26771600,0.00000000
5.20522282,9.84252000,0.00000000
5.20563082,11.41732000,0.00000000
5.20603882,12.99213000,0.00000000
5.20644682,14.56693000,0.00000000
5.20685482,15.74803000,0.00000000
5.20726282,16.53543000,0.00000000
5.20767082,17.71653000,0.00000000
5.20807882,18.11024000,0.00000000
5.20848682,18.89764000,0.00000000
5.20889482,18.89764000,-0.07874016
5.20930282,18.89764000,0.00000000
5.20971082,18.89764000,0.00000000
5.21011882,18.50394000,0.00000000
5.21052682,18.11024000,0.00000000
5.21093482,17.71653000,0.00000000
5.21134282,16.53543000,0.00000000
5.21175082,15.74803000,-0.07874016
5.21215882,14.17323000,0.00000000
5.21256682,12.99213000,0.00000000
5.21297482,11.41732000,0.00000000
5.21338282,9.84252000,0.00000000
5.21379082,8.66141700,0.00000000
5.21419882,6.69291400,0.00000000
5.21460682,5.11811000,0.00000000
5.21501482,3.14960600,-0.07874016
5.21542282,1.18110200,0.00000000
5.21583082,-0.78740160,0.00000000
5.21623882,-2.75590500,0.00000000
5.21664682,-4.33070900,0.00000000
5.21705482,-6.29921200,0.00000000
5.21746282,-7.87401600,0.00000000
5.21787082,-9.44881900,0.00000000
5.21827882,-11.41732000,0.00000000
5.21868682,-12.59842000,0.00000000
5.21909482,-13.77953000,0.00000000
5.21950282,-14.96063000,0.00000000
5.21991082,-15.74803000,0.00000000
5.22031882,-16.53543000,0.00000000
5.22072682,-17.32283000,0.00000000
5.22113482,-17.71653000,0.00000000
5.22154282,-17.32283000,0.00000000
5.22195082,-17.71653000,-0.07874016
5.22235882,-17.32283000,0.00000000
5.22276682,-17.32283000,0.00000000
5.22317482,-16.14173000,0.00000000
5.22358282,-15.74803000,-0.07874016
5.22399082,-14.96063000,0.00000000
5.22439882,-13.77953000,-0.07874016
5.22480682,-12.59842000,0.00000000
5.22521482,-11.41732000,0.00000000
5.22562282,-9.84252000,0.00000000
5.22603082,-7.87401600,-0.07874016
5.22643882,-6.29921200,0.00000000
5.22684682,-4.33070900,0.00000000
5.22725482,-2.75590500,0.00000000
5.22766282,-1.18110200,0.00000000
5.22807082,0.78740160,-0.07874016
5.22847882,2.75590500,0.00000000
5.22888682,4.33070900,0.00000000
5.22929482,6.69291400,0.00000000
5.22970282,7.87401600,0.00000000
5.23011082,9.05511800,0.00000000
5.23051882,11.02362000,0.00000000
5.23092682,12.59842000,0.00000000
5.23133482,13.77953000,0.00000000
5.23174282,14.96063000,0.00000000
5.23215082,16.14173000,0.00000000
5.23255882,16.92913000,0.00000000
5.23296682,16.92913000,-0.07874016
5.23337482,17.71653000,0.00000000
5.23378282,18.11024000,0.00000000
5.23419082,18.11024000,0.00000000
5.23459882,18.11024000,0.00000000
5.23500682,18.11024000,0.00000000
5.23541482,16.92913000,0.00000000
5.23582282,16.53543000,0.00000000
5.23623082,15.74803000,0.00000000
5.23663882,14.96063000,0.00000000
5.23704682,13.38583000,0.00000000
5.23745482,12.59842000,0.00000000
5.23786282,11.02362000,0.00000000
5.23827082,9.44881900,0.00000000
5.23867882,8.26771600,0.00000000
5.23908682,6.69291400,0.00000000
5.23949482,4.72441000,0.00000000
5.23990282,3.14960600,0.00000000
5.24031082,1.18110200,0.00000000
5.24071882,-0.78740160,-0.07874016
5.24112682,-1.96850400,0.00000000
5.24153482,-3.93700800,-0.07874016
5.24194282,-5.90551200,0.00000000
5.24235082,-7.48031500,0.00000000
5.24275882,-9.05511800,0.00000000
5.24316682,-10.62992000,0.00000000
5.24357482,-11.81102000,0.00000000
5.24398282,-12.99213000,0.00000000
5.24439082,-13.77953000,0.00000000
5.24479882,-14.56693000,0.00000000
5.24520682,-15.35433000,0.00000000
5.24561482,-15.74803000,0.00000000
5.24602282,-16.53543000,0.00000000
5.24643082,-16.53543000,-0.07874016
5.24683882,-16.53543000,0.00000000
5.24724682,-16.53543000,-0.07874016
5.24765482,-16.14173000,0.00000000
5.24806282,-15.35433000,0.00000000
5.24847082,-14.56693000,0.00000000
5.24887882,-13.38583000,-0.07874016
5.24928682,-12.99213000,0.00000000
5.24969482,-11.81102000,-0.07874016
5.25010282,-10.62992000,0.00000000
5.25051082,-9.44881900,0.00000000
5.25091882,-7.87401600,0.00000000
5.25132682,-6.29921200,-0.07874016
5.25173482,-4.72441000,0.00000000
5.25214282,-2.75590500,-0.07874016
5.25255082,-1.18110200,-0.07874016
5.25295882,0.78740160,-0.07874016
5.25336682,1.96850400,-0.07874016
5.25377482,3.93700800,0.00000000
5.25418282,5.51181100,0.00000000
5.25459082,7.08661400,0.00000000
5.25499882,8.66141700,0.00000000
5.25540682,10.23622000,0.00000000
5.25581482,11.41732000,0.00000000
5.25622282,12.59842000,0.00000000
5.25663082,13.77953000,0.00000000
5.25703882,14.56693000,-0.07874016
5.25744682,15.35433000,0.00000000
5.25785482,16.14173000,0.00000000
5.25826282,16.53543000,0.00000000
5.25867082,16.92913000,-0.07874016
5.25907882,16.92913000,0.00000000
5.25948682,16.92913000,0.00000000
5.25989482,16.53543000,0.00000000
5.26030282,16.14173000,-0.07874016
5.26071082,15.74803000,0.00000000
5.26111882,14.96063000,0.00000000
5.26152682,14.17323000,0.00000000
5.26193482,12.99213000,0.00000000
5.26234282,12.20472000,0.00000000
5.26275082,10.62992000,0.00000000
5.26315882,9.44881900,0.00000000
5.26356682,7.87401600,-0.07874016
5.26397482,5.90551200,0.00000000
5.26438282,4.72441000,0.00000000
5.26479082,3.14960600,0.00000000
5.26519882,1.57480300,0.00000000
5.26560682,0.00000000,-0.07874016
5.26601482,-1.96850400,-0.07874016
5.26642282,-3.14960600,0.00000000
5.26683082,-4.72441000,0.00000000
5.26723882,-6.69291400,0.00000000
5.26764682,-7.87401600,0.00000000
5.26805482,-9.44881900,0.00000000
5.26846282,-10.62992000,0.00000000
5.26887082,-11.81102000,-0.07874016
5.26927882,-12.59842000,0.00000000
5.26968682,-13.38583000,0.00000000
5.27009482,-13.77953000,-0.07874016
5.27050282,-14.96063000,0.00000000
5.27091082,-15.35433000,0.00000000
5.27131882,-15.35433000,0.00000000
5.27172682,-15.35433000,-0.07874016
5.27213482,-14.96063000,0.00000000
5.27254282,-14.96063000,0.00000000
5.27295082,-14.56693000,0.00000000
5.27335882,-13.77953000,-0.07874016
5.27376682,-13.38583000,0.00000000
5.27417482,-11.81102000,0.00000000
5.27458282,-11.41732000,0.00000000
5.27499082,-9.84252000,0.00000000
5.27539882,-8.66141700,0.00000000
5.27580682,-7.48031500,0.00000000
5.27621482,-5.90551200,0.00000000
5.27662282,-4.33070900,0.00000000
5.27703082,-2.75590500,0.00000000
5.27743882,-1.18110200,0.00000000
5.27784682,0.00000000,0.00000000
5.27825482,1.96850400,0.00000000
5.27866282,3.54330700,-0.07874016
5.27907082,4.72441000,0.00000000
5.27947882,6.69291400,0.00000000
5.27988682,7.87401600,-0.07874016
5.28029482,9.05511800,-0.07874016
5.28070282,10.62992000,0.00000000
5.28111082,11.41732000,0.00000000
5.28151882,12.99213000,0.00000000
5.28192682,13.38583000,0.00000000
5.28233482,14.56693000,0.00000000
5.28274282,14.56693000,-0.07874016
5.28315082,15.35433000,0.00000000
5.28355882,15.74803000,0.00000000
5.28396682,15.74803000,0.00000000
5.28437482,15.35433000,0.00000000
5.28478282,15.35433000,0.00000000
5.28519082,14.96063000,0.00000000
5.28559882,14.96063000,0.00000000
5.28600682,14.17323000,0.00000000
5.28641482,12.99213000,0.00000000
5.28682282,12.20472000,0.00000000
5.28723082,11.41732000,-0.07874016
5.28763882,10.23622000,0.00000000
5.28804682,9.05511800,-0.07874016
5.28845482,7.48031500,0.00000000
5.28886282,5.90551200,-0.07874016
5.28927082,4.72441000,0.00000000
5.28967882,3.54330700,0.00000000
5.29008682,1.18110200,0.00000000
5.29049482,0.00000000,-0.07874016
5.29090282,-1.18110200,0.00000000
5.29131082,-3.14960600,0.00000000
5.29171882,-4.33070900,0.00000000
5.29212682,-5.51181100,0.00000000
5.29253482,-7.08661400,0.00000000
5.29294282,-8.26771600,0.00000000
5.29335082,-9.84252000,-0.07874016
5.29375882,-10.62992000,0.00000000
5.29416682,-11.81102000,0.00000000
5.29457482,-11.81102000,0.00000000
5.29498282,-12.99213000,0.00000000
5.29539082,-13.38583000,0.00000000
5.29579882,-13.77953000,0.00000000
5.29620682,-13.77953000,0.00000000
5.29661482,-13.77953000,0.00000000
5.29702282,-14.17323000,0.00000000
5.29743082,-13.38583000,0.00000000
5.29783882,-13.38583000,0.00000000
5.29824682,-12.20472000,0.00000000
5.29865482,-11.81102000,0.00000000
5.29906282,-11.41732000,0.00000000
5.29947082,-9.84252000,0.00000000
5.29987882,-9.44881900,0.00000000
5.30028682,-7.87401600,0.00000000
5.30069482,-6.69291400,0.00000000
5.30110282,-5.51181100,0.00000000
5.30151082,-3.93700800,0.00000000
5.30191882,-2.75590500,0.00000000
5.30232682,-1.57480300,0.00000000
5.30273482,0.00000000,0.00000000
5.30314282,1.57480300,0.00000000
5.30355082,3.14960600,0.00000000
5.30395882,4.72441000,0.00000000
5.30436682,5.90551200,0.00000000
5.30477482,7.08661400,-0.07874016
5.30518282,8.26771600,-0.07874016
5.30559082,9.05511800,0.00000000
5.30599882,10.23622000,-0.07874016
5.30640682,11.41732000,0.00000000
5.30681482,12.20472000,0.00000000
5.30722282,12.59842000,0.00000000
5.30763082,13.38583000,-0.07874016
5.30803882,13.77953000,0.00000000
5.30844682,13.77953000,0.00000000
5.30885482,14.17323000,0.00000000
5.30926282,13.77953000,0.00000000
5.30967082,13.38583000,0.00000000
5.31007882,13.77953000,0.00000000
5.31048682,12.99213000,0.00000000
5.31089482,12.59842000,0.00000000
5.31130282,11.81102000,0.00000000
5.31171082,11.41732000,-0.07874016
5.31211882,10.23622000,0.00000000
5.31252682,9.05511800,0.00000000
5.31293482,7.87401600,0.00000000
5.31334282,7.08661400,0.00000000
5.31375082,5.51181100,0.00000000
5.31415882,4.33070900,0.00000000
5.31456682,2.75590500,0.00000000
5.31497482,1.57480300,-0.07874016
5.31538282,0.39370080,-0.07874016
5.31579082,-1.18110200,0.00000000
5.31619882,-2.36220500,0.00000000
5.31660682,-3.93700800,0.00000000
5.31701482,-5.11811000,0.00000000
5.31742282,-5.90551200,-0.07874016
5.31783082,-7.48031500,-0.07874016
5.31823882,-8.26771600,0.00000000
5.31864682,-9.44881900,0.00000000
5.31905482,-10.23622000,0.00000000
5.31946282,-10.62992000,0.00000000
5.31987082,-11.41732000,0.00000000
5.32027882,-11.81102000,0.00000000
5.32068682,-12.20472000,0.00000000
5.32109482,-12.20472000,0.00000000
5.32150282,-12.20472000,-0.07874016
5.32191082,-12.20472000,0.00000000
5.32231882,-11.81102000,0.00000000
5.32272682,-11.81102000,0.00000000
5.32313482,-11.41732000,0.00000000
5.32354282,-11.02362000,0.00000000
5.32395082,-9.84252000,-0.07874016
5.32435882,-9.44881900,0.00000000
5.32476682,-8.26771600,0.00000000
5.32517482,-7.08661400,0.00000000
5.32558282,-6.29921200,0.00000000
5.32599082,-5.11811000,0.00000000
5.32639882,-3.54330700,0.00000000
5.32680682,-2.75590500,0.00000000
5.32721482,-1.18110200,0.00000000
5.32762282,-0.39370080,0.00000000
5.32803082,1.18110200,0.00000000
5.32843882,2.75590500,0.00000000
5.32884682,3.54330700,0.00000000
5.32925482,4.72441000,0.00000000
5.32966282,5.90551200,-0.07874016
5.33007082,7.08661400,0.00000000
5.33047882,8.26771600,0.00000000
5.33088682,9.05511800,0.00000000
5.33129482,9.84252000,0.00000000
5.33170282,11.02362000,0.00000000
5.33211082,11.41732000,0.00000000
5.33251882,11.81102000,0.00000000
5.33292682,12.20472000,-0.07874016
5.33333482,12.59842000,0.00000000
5.33374282,12.99213000,-0.07874016
5.33415082,12.99213000,0.00000000
5.33455882,12.59842000,-0.07874016
5.33496682,12.59842000,0.00000000
5.33537482,11.81102000,-0.07874016
5.33578282,11.41732000,0.00000000
5.33619082,11.02362000,0.00000000
5.33659882,10.23622000,0.00000000
5.33700682,9.44881900,-0.07874016
5.33741482,8.66141700,0.00000000
5.33782282,7.48031500,0.00000000
5.33823082,6.29921200,0.00000000
5.33863882,5.51181100,0.00000000
5.33904682,4.33070900,0.00000000
5.33945482,3.14960600,0.00000000
5.33986282,1.96850400,0.00000000
5.34027082,0.39370080,0.00000000
5.34067882,-0.78740160,0.00000000
5.34108682,-1.96850400,0.00000000
5.34149482,-3.14960600,0.00000000
5.34190282,-3.93700800,0.00000000
5.34231082,-5.11811000,0.00000000
5.34271882,-5.90551200,0.00000000
5.34312682,-7.08661400,0.00000000
5.34353482,-7.87401600,0.00000000
5.34394282,-8.66141700,0.00000000
5.34435082,-9.44881900,0.00000000
5.34475882,-9.84252000,0.00000000
5.34516682,-10.23622000,-0.07874016
5.34557482,-10.62992000,0.00000000
5.34598282,-10.23622000,-0.07874016
5.34639082,-11.02362000,0.00000000
5.34679882,-11.02362000,0.00000000
5.34720682,-11.02362000,0.00000000
5.34761482,-10.23622000,0.00000000
5.34802282,-9.84252000,0.00000000
5.34843082,-9.44881900,0.00000000
5.34883882,-9.05511800,0.00000000
5.34924682,-8.26771600,-0.07874016
5.34965482,-7.48031500,-0.07874016
5.35006282,-6.69291400,0.00000000
5.35047082,-5.51181100,-0.07874016
5.35087882,-4.72441000,-0.07874016
5.35128682,-3.54330700,0.00000000
5.35169482,-2.36220500,0.00000000
5.35210282,-1.18110200,0.00000000
5.35251082,0.00000000,0.00000000
5.35291882,0.78740160,0.00000000
5.35332682,1.96850400,0.00000000
5.35373482,3.14960600,0.00000000
5.35414282,3.93700800,-0.07874016
5.35455082,4.72441000,0.00000000
5.35495882,5.90551200,0.00000000
5.35536682,7.08661400,0.00000000
5.35577482,7.87401600,-0.07874016
5.35618281,8.66141700,0.00000000
5.35659081,9.44881900,-0.07874016
5.35699881,9.84252000,0.00000000
5.35740681,10.62992000,-0.07874016
5.35781481,10.62992000,-0.07874016
5.35822281,11.02362000,0.00000000
5.35863081,11.02362000,0.00000000
5.35903881,11.02362000,0.00000000
5.35944681,11.02362000,0.00000000
5.35985481,11.02362000,0.00000000
5.36026281,10.23622000,0.00000000
5.36067081,10.23622000,0.00000000
5.36107881,9.44881900,0.00000000
5.36148681,9.05511800,0.00000000
5.36189481,8.66141700,-0.07874016
5.36230281,7.48031500,0.00000000
5.36271081,7.08661400,0.00000000
5.36311881,5.90551200,0.00000000
5.36352681,4.72441000,0.00000000
5.36393481,4.33070900,-0.07874016
5.36434281,3.14960600,0.00000000
5.36475081,2.36220500,0.00000000
5.36515881,0.78740160,0.00000000
5.36556681,0.00000000,0.00000000
5.36597481,-1.18110200,0.00000000
5.36638281,-1.96850400,0.00000000
5.36679081,-3.14960600,0.00000000
5.36719881,-4.33070900,0.00000000
5.36760681,-5.11811000,0.00000000
5.36801481,-5.90551200,-0.07874016
5.36842281,-6.29921200,0.00000000
5.36883081,-7.08661400,0.00000000
5.36923881,-7.87401600,0.00000000
5.36964681,-8.66141700,-0.07874016
5.37005481,-8.66141700,0.00000000
5.37046281,-9.44881900,0.00000000
5.37087081,-9.84252000,0.00000000
5.37127881,-9.44881900,0.00000000
5.37168681,-9.44881900,0.00000000
5.37209481,-9.05511800,0.00000000
5.37250281,-8.66141700,-0.07874016
5.37291081,-8.66141700,0.00000000
5.37331881,-8.26771600,0.00000000
5.37372681,-7.87401600,0.00000000
5.37413481,-6.69291400,-0.07874016
5.37454281,-6.29921200,-0.07874016
5.37495081,-5.51181100,0.00000000
5.37535881,-4.72441000,0.00000000
5.37576681,-3.93700800,0.00000000
5.37617481,-2.75590500,-0.07874016
5.37658281,-2.36220500,0.00000000
5.37699081,-1.18110200,0.00000000
5.37739881,-0.39370080,0.00000000
5.37780681,0.78740160,0.00000000
5.37821481,1.57480300,0.00000000
5.37862281,2.36220500,-0.07874016
5.37903081,3.54330700,0.00000000
5.37943881,4.33070900,0.00000000
5.37984681,5.11811000,0.00000000
5.38025481,5.90551200,0.00000000
5.38066281,7.08661400,0.00000000
5.38107081,7.48031500,-0.07874016
5.38147881,8.26771600,0.00000000
5.38188681,8.26771600,0.00000000
5.38229481,8.66141700,0.00000000
5.38270281,9.05511800,-0.07874016
5.38311081,9.44881900,0.00000000
5.38351881,9.44881900,-0.07874016
5.38392681,9.44881900,0.00000000
5.38433481,9.05511800,0.00000000
5.38474281,9.44881900,0.00000000
5.38515081,9.05511800,0.00000000
5.38555881,8.66141700,0.00000000
5.38596681,9.05511800,0.00000000
5.38637481,7.48031500,0.00000000
5.38678281,7.48031500,0.00000000
5.38719081,6.69291400,0.00000000
5.38759881,6.29921200,0.00000000
5.38800681,5.11811000,0.00000000
5.38841481,4.72441000,0.00000000
5.38882281,3.54330700,0.00000000
5.38923081,2.75590500,0.00000000
5.38963881,1.57480300,0.00000000
5.39004681,1.18110200,0.00000000
5.39045481,0.00000000,0.00000000
5.39086281,-0.78740160,0.00000000
5.39127081,-1.96850400,0.00000000
5.39167881,-2.36220500,-0.07874016
5.39208681,-3.54330700,0.00000000
5.39249481,-3.93700800,0.00000000
5.39290281,-4.72441000,0.00000000
5.39331081,-5.11811000,0.00000000
5.39371881,-6.29921200,0.00000000
5.39412681,-6.29921200,0.00000000
5.39453481,-7.08661400,0.00000000
5.39494281,-7.08661400,0.00000000
5.39535081,-7.48031500,0.00000000
5.39575881,-7.48031500,0.00000000
5.39616681,-7.87401600,0.00000000
5.39657481,-7.87401600,0.00000000
5.39698281,-7.87401600,0.00000000
5.39739081,-7.48031500,0.00000000
5.39779881,-7.48031500,0.00000000
5.39820681,-7.08661400,0.00000000
5.39861481,-6.29921200,0.00000000
5.39902281,-5.90551200,0.00000000
5.39943081,-5.90551200,0.00000000
5.39983881,-5.11811000,-0.07874016
5.40024681,-3.93700800,0.00000000
5.40065481,-3.54330700,0.00000000
5.40106281,-2.75590500,-0.07874016
5.40147081,-1.96850400,0.00000000
5.40187881,-1.18110200,0.00000000
5.40228681,0.00000000,0.00000000
5.40269481,0.00000000,0.00000000
5.40310281,0.78740160,0.00000000
5.40351081,2.36220500,0.00000000
5.40391881,3.14960600,-0.07874016
5.40432681,3.54330700,0.00000000
5.40473481,3.93700800,0.00000000
5.40514281,5.11811000,0.00000000
5.40555081,5.51181100,0.00000000
5.40595881,5.90551200,0.00000000
5.40636681,7.08661400,0.00000000
5.40677481,7.08661400,0.00000000
5.40718281,7.48031500,0.00000000
5.40759081,7.87401600,0.00000000
5.40799881,8.26771600,-0.07874016
5.40840681,8.26771600,0.00000000
5.40881481,8.26771600,-0.07874016
5.40922281,8.26771600,0.00000000
5.40963081,8.26771600,-0.07874016
5.41003881,7.87401600,0.00000000
5.41044681,7.48031500,-0.07874016
5.41085481,7.08661400,0.00000000
5.41126281,6.69291400,-0.07874016
5.41167081,6.69291400,0.00000000
5.41207881,5.90551200,0.00000000
5.41248681,5.11811000,0.00000000
5.41289481,4.72441000,0.00000000
5.41330281,4.33070900,0.00000000
5.41371081,3.54330700,0.00000000
5.41411881,2.36220500,0.00000000
5.41452681,1.96850400,-0.07874016
5.41493481,1.18110200,0.00000000
5.41534281,0.78740160,-0.07874016
5.41575081,-0.78740160,0.00000000
5.41615881,-0.78740160,0.00000000
5.41656681,-1.96850400,0.00000000
5.41697481,-2.75590500,0.00000000
5.41738281,-3.14960600,0.00000000
5.41779081,-3.54330700,0.00000000
5.41819881,-4.33070900,0.00000000
5.41860681,-5.11811000,-0.07874016
5.41901481,-5.11811000,0.00000000
5.41942281,-5.51181100,0.00000000
5.41983081,-6.29921200,0.00000000
5.42023881,-5.90551200,0.00000000
5.42064681,-6.29921200,0.00000000
5.42105481,-6.29921200,-0.07874016
5.42146281,-6.29921200,0.00000000
5.42187081,-6.29921200,0.00000000
5.42227881,-6.69291400,0.00000000
5.42268681,-5.90551200,-0.07874016
5.42309481,-5.90551200,0.00000000
5.42350281,-5.51181100,0.00000000
5.42391081,-5.11811000,0.00000000
5.42431881,-4.72441000,-0.07874016
5.42472681,-3.93700800,0.00000000
5.42513481,-3.93700800,0.00000000
5.42554281,-3.14960600,-0.07874016
5.42595081,-2.36220500,0.00000000
5.42635881,-1.96850400,0.00000000
5.42676681,-1.18110200,-0.07874016
5.42717481,0.00000000,0.00000000
5.42758281,0.39370080,0.00000000
5.42799081,1.18110200,0.00000000
5.42839881,1.96850400,0.00000000
5.42880681,2.36220500,0.00000000
5.42921481,3.14960600,0.00000000
5.42962281,3.54330700,0.00000000
5.43003081,4.33070900,0.00000000
5.43043881,4.72441000,0.00000000
5.43084681,5.11811000,0.00000000
5.43125481,5.51181100,0.00000000
5.43166281,5.51181100,0.00000000
5.43207081,6.29921200,0.00000000
5.43247881,6.69291400,0.00000000
5.43288681,6.69291400,0.00000000
5.43329481,7.08661400,0.00000000
5.43370281,7.08661400,0.00000000
5.43411081,7.08661400,0.00000000
5.43451881,6.69291400,0.00000000
5.43492681,6.69291400,0.00000000
5.43533481,5.90551200,0.00000000
5.43574281,6.29921200,0.00000000
5.43615081,5.51181100,0.00000000
5.43655881,5.51181100,0.00000000
5.43696681,5.11811000,0.00000000
5.43737481,4.33070900,-0.07874016
5.43778281,3.93700800,0.00000000
5.43819081,3.54330700,0.00000000
5.43859881,2.75590500,0.00000000
5.43900681,2.36220500,0.00000000
5.43941481,1.57480300,0.00000000
5.43982281,1.18110200,0.00000000
5.44023081,0.39370080,0.00000000
5.44063881,0.00000000,0.00000000
5.44104681,-0.78740160,-0.07874016
5.44145481,-1.57480300,-0.07874016
5.44186281,-1.96850400,0.00000000
5.44227081,-2.36220500,0.00000000
5.44267881,-3.14960600,0.00000000
5.44308681,-3.54330700,0.00000000
5.44349481,-3.93700800,0.00000000
5.44390281,-3.93700800,0.00000000
5.44431081,-4.33070900,0.00000000
5.44471881,-4.72441000,0.00000000
5.44512681,-5.11811000,-0.07874016
5.44553481,-5.11811000,0.00000000
5.44594281,-5.11811000,0.00000000
5.44635081,-5.51181100,0.00000000
5.44675881,-4.72441000,0.00000000
5.44716681,-5.11811000,0.00000000
5.44757481,-4.72441000,0.00000000
5.44798281,-4.72441000,0.00000000
5.44839081,-3.93700800,0.00000000
5.44879881,-3.93700800,0.00000000
5.44920681,-3.54330700,0.00000000
5.44961481,-3.14960600,-0.07874016
5.45002281,-2.75590500,0.00000000
5.45043081,-2.36220500,-0.07874016
5.45083881,-1.96850400,0.00000000
5.45124681,-1.18110200,0.00000000
5.45165481,-0.78740160,0.00000000
5.45206281,-0.39370080,-0.07874016
5.45247081,0.00000000,0.00000000
5.45287881,0.78740160,0.00000000
5.45328681,1.57480300,0.00000000
5.45369481,1.96850400,-0.07874016
5.45410281,2.36220500,0.00000000
5.45451081,3.14960600,-0.07874016
5.45491881,3.14960600,0.00000000
5.45532681,3.54330700,0.00000000
5.45573481,3.93700800,-0.07874016
5.45614281,4.33070900,0.00000000
5.45655081,4.72441000,0.00000000
5.45695881,4.72441000,-0.07874016
5.45736681,5.11811000,0.00000000
5.45777481,5.51181100,0.00000000
5.45818281,5.51181100,0.00000000
5.45859081,5.90551200,0.00000000
5.45899881,5.51181100,0.00000000
5.45940681,5.51181100,-0.07874016
5.45981481,5.11811000,-0.07874016
5.46022281,5.51181100,0.00000000
5.46063081,5.11811000,0.00000000
5.46103881,5.11811000,0.00000000
5.46144681,4.33070900,0.00000000
5.46185481,3.93700800,0.00000000
5.46226281,3.54330700,0.00000000
5.46267081,3.54330700,-0.07874016
5.46307881,2.75590500,0.00000000
5.46348681,2.36220500,-0.07874016
5.46389481,1.96850400,0.00000000
5.46430281,1.57480300,0.00000000
5.46471081,0.78740160,0.00000000
5.46511881,0.39370080,0.00000000
5.46552681,0.39370080,0.00000000
5.46593481,-0.39370080,0.00000000
5.46634281,-1.18110200,0.00000000
5.46675081,-1.57480300,-0.07874016
5.46715881,-1.96850400,0.00000000
5.46756681,-1.96850400,0.00000000
5.46797481,-2.36220500,0.00000000
5.46838281,-2.75590500,0.00000000
5.46879081,-3.14960600,0.00000000
5.46919881,-3.14960600,-0.07874016
5.46960681,-3.54330700,0.00000000
5.47001481,-3.54330700,0.00000000
5.47042281,-3.93700800,0.00000000
5.47083081,-3.93700800,-0.07874016
5.47123881,-4.33070900,-0.07874016
5.47164681,-3.93700800,0.00000000
5.47205481,-3.93700800,0.00000000
5.47246281,-3.93700800,0.00000000
5.47287081,-3.93700800,0.00000000
5.47327881,-3.14960600,0.00000000
5.47368681,-3.14960600,0.00000000
5.47409481,-2.75590500,0.00000000
5.47450281,-2.36220500,0.00000000
5.47491081,-1.96850400,0.00000000
5.47531881,-1.96850400,0.00000000
5.47572681,-1.57480300,0.00000000
5.47613481,-1.18110200,0.00000000
5.47654281,-0.39370080,0.00000000
5.47695081,-0.39370080,0.00000000
5.47735881,0.39370080,-0.07874016
5.47776681,0.78740160,0.00000000
5.47817481,0.78740160,0.00000000
5.47858281,1.57480300,0.00000000
5.47899081,1.96850400,0.00000000
5.47939881,2.36220500,0.00000000
5.47980681,2.75590500,0.00000000
5.48021481,3.14960600,0.00000000
5.48062281,3.54330700,0.00000000
5.48103081,3.54330700,0.00000000
5.48143881,3.54330700,-0.07874016
5.48184681,3.93700800,0.00000000
5.48225481,4.33070900,0.00000000
5.48266281,3.93700800,-0.07874016
5.48307081,4.33070900,-0.07874016
5.48347881,4.33070900,0.00000000
5.48388681,4.72441000,0.00000000
5.48429481,4.33070900,0.00000000
5.48470281,3.93700800,-0.07874016
5.48511081,4.33070900,0.00000000
5.48551881,3.93700800,0.00000000
5.48592681,3.93700800,0.00000000
5.48633481,3.54330700,0.00000000
5.48674281,3.14960600,0.00000000
5.48715081,3.14960600,0.00000000
5.48755881,2.75590500,0.00000000
5.48796681,2.36220500,0.00000000
5.48837481,1.96850400,-0.07874016
5.48878281,1.57480300,0.00000000
5.48919081,1.18110200,0.00000000
5.48959881,0.78740160,0.00000000
5.49000681,0.39370080,0.00000000
5.49041481,0.00000000,0.00000000
5.49082281,0.00000000,0.00000000
5.49123081,-0.78740160,-0.07874016
5.49163881,-1.18110200,0.00000000
5.49204681,-1.57480300,0.00000000
5.49245481,-1.18110200,0.00000000
5.49286281,-1.96850400,-0.07874016
5.49327081,-2.36220500,0.00000000
5.49367881,-2.36220500,0.00000000
5.49408681,-2.75590500,-0.07874016
5.49449481,-2.75590500,0.00000000
5.49490281,-2.75590500,0.00000000
5.49531081,-2.36220500,0.00000000
5.49571881,-3.14960600,0.00000000
5.49612681,-2.75590500,0.00000000
5.49653481,-2.75590500,0.00000000
5.49694281,-2.75590500,0.00000000
5.49735081,-2.75590500,-0.07874016
5.49775881,-2.36220500,-0.07874016
5.49816681,-2.36220500,0.00000000
5.49857481,-1.96850400,-0.07874016
5.49898281,-1.96850400,0.00000000
5.49939081,-1.96850400,0.00000000
5.49979881,-1.57480300,0.00000000
5.50020681,-1.18110200,-0.07874016
5.50061481,-0.78740160,0.00000000
5.50102281,-0.78740160,0.00000000
5.50143081,0.00000000,-0.07874016
5.50183881,0.00000000,-0.07874016
5.50224681,0.00000000,-0.07874016
5.50265481,0.78740160,0.00000000
5.50306281,1.18110200,0.00000000
5.50347081,1.57480300,0.00000000
5.50387881,1.18110200,0.00000000
5.50428681,1.96850400,0.00000000
5.50469481,2.36220500,0.00000000
5.50510281,2.36220500,0.00000000
5.50551081,2.75590500,0.00000000
5.50591881,3.14960600,-0.07874016
5.50632681,3.14960600,0.00000000
5.50673481,3.54330700,-0.07874016
5.50714281,3.93700800,0.00000000
5.50755081,3.54330700,-0.07874016
5.50795881,3.54330700,0.00000000
5.50836681,3.54330700,0.00000000
5.50877481,3.54330700,0.00000000
5.50918281,3.54330700,0.00000000
5.50959081,3.54330700,0.00000000
5.50999881,3.54330700,0.00000000
5.51040681,3.14960600,0.00000000
5.51081481,3.14960600,-0.07874016
5.51122281,2.75590500,0.00000000
5.51163081,2.75590500,0.00000000
5.51203881,2.36220500,-0.07874016
5.51244681,1.96850400,-0.07874016
5.51285481,1.96850400,0.00000000
5.51326281,1.57480300,0.00000000
5.51367081,1.57480300,0.00000000
5.51407881,0.78740160,0.00000000
5.51448681,0.39370080,0.00000000
5.51489481,0.39370080,0.00000000
5.51530281,0.00000000,0.00000000
5.51571081,-0.39370080,0.00000000
5.51611881,0.00000000,0.00000000
5.51652681,-0.78740160,0.00000000
5.51693481,-0.78740160,0.00000000
5.51734281,-1.18110200,0.00000000
5.51775081,-1.57480300,-0.07874016
5.51815881,-1.57480300,0.00000000
5.51856681,-1.57480300,0.00000000
5.51897481,-1.57480300,0.00000000
5.51938281,-1.96850400,-0.07874016
5.51979081,-1.96850400,-0.07874016
5.52019881,-1.96850400,0.00000000
5.52060681,-2.36220500,0.00000000
5.52101481,-2.36220500,0.00000000
5.52142281,-2.36220500,0.00000000
5.52183081,-1.96850400,0.00000000
5.52223881,-1.96850400,0.00000000
5.52264681,-1.57480300,0.00000000
5.52305481,-1.57480300,-0.07874016
5.52346281,-1.57480300,0.00000000
5.52387081,-1.57480300,0.00000000
5.52427881,-1.57480300,-0.07874016
5.52468681,-1.18110200,0.00000000
5.52509481,-0.78740160,0.00000000
5.52550281,-0.39370080,0.00000000
5.52591081,-0.39370080,0.00000000
5.52631881,-0.39370080,-0.07874016
5.52672681,0.39370080,-0.07874016
5.52713481,0.39370080,0.00000000
5.52754281,0.78740160,0.00000000
5.52795081,1.18110200,0.00000000
5.52835881,0.78740160,0.00000000
5.52876681,1.57480300,0.00000000
5.52917481,1.57480300,0.00000000
5.52958281,1.57480300,-0.07874016
5.52999081,1.96850400,0.00000000
5.53039881,1.96850400,0.00000000
5.53080681,2.36220500,0.00000000
5.53121481,2.75590500,0.00000000
5.53162281,2.36220500,0.00000000
5.53203081,2.75590500,0.00000000
5.53243881,2.75590500,0.00000000
5.53284680,3.14960600,-0.07874016
5.53325480,2.75590500,0.00000000
5.53366280,3.14960600,0.00000000
5.53407080,2.75590500,0.00000000
5.53447880,2.75590500,0.00000000
5.53488680,2.36220500,0.00000000
5.53529480,2.75590500,0.00000000
5.53570280,2.36220500,0.00000000
5.53611080,2.36220500,0.00000000
5.53651880,1.96850400,0.00000000
5.53692680,1.96850400,0.00000000
5.53733480,1.57480300,0.00000000
5.53774280,1.57480300,-0.07874016
5.53815080,1.18110200,0.00000000
5.53855880,1.18110200,0.00000000
5.53896680,1.18110200,0.00000000
5.53937480,0.78740160,0.00000000
5.53978280,0.39370080,0.00000000
5.54019080,0.39370080,-0.07874016
5.54059880,0.00000000,0.00000000
5.54100680,0.00000000,0.00000000
5.54141480,-0.39370080,0.00000000
5.54182280,-0.39370080,-0.07874016
5.54223080,-0.78740160,0.00000000
5.54263880,-0.78740160,0.00000000
5.54304680,-0.78740160,0.00000000
5.54345480,-1.18110200,0.00000000
5.54386280,-1.18110200,0.00000000
5.54427080,-1.18110200,0.00000000
5.54467880,-1.18110200,0.00000000
5.54508680,-1.57480300,0.00000000
5.54549480,-1.18110200,0.00000000
5.54590280,-1.18110200,0.00000000
5.54631080,-1.18110200,0.00000000
5.54671880,-1.57480300,0.00000000
5.54712680,-1.18110200,0.00000000
5.54753480,-1.18110200,-0.07874016
5.54794280,-0.78740160,0.00000000
5.54835080,-0.78740160,0.00000000
5.54875880,-0.78740160,0.00000000
5.54916680,-0.39370080,0.00000000
5.54957480,0.00000000,0.00000000
5.54998280,-0.39370080,0.00000000
5.55039080,-0.39370080,0.00000000
5.55079880,0.00000000,0.00000000
5.55120680,0.00000000,0.00000000
5.55161480,0.39370080,0.00000000
5.55202280,0.39370080,0.00000000
5.55243080,0.39370080,0.00000000
5.55283880,1.18110200,0.00000000
5.55324680,0.78740160,-0.07874016
5.55365480,1.18110200,0.00000000
5.55406280,1.57480300,0.00000000
5.55447080,1.18110200,0.00000000
5.55487880,1.57480300,0.00000000
5.55528680,1.57480300,0.00000000
5.55569480,1.57480300,0.00000000
5.55610280,1.96850400,0.00000000
5.55651080,1.96850400,0.00000000
5.55691880,1.96850400,0.00000000
5.55732680,1.96850400,0.00000000
5.55773480,1.96850400,0.00000000
5.55814280,2.36220500,0.00000000
5.55855080,1.96850400,0.00000000
5.55895880,1.57480300,-0.07874016
5.55936680,1.96850400,-0.07874016
5.55977480,1.96850400,-0.07874016
5.56018280,1.96850400,0.00000000
5.56059080,1.96850400,0.00000000
5.56099880,1.57480300,0.00000000
5.56140680,1.18110200,0.00000000
5.56181480,1.18110200,0.00000000
5.56222280,1.18110200,-0.07874016
5.56263080,1.18110200,0.00000000
5.56303880,0.78740160,-0.07874016
5.56344680,0.78740160,-0.07874016
5.56385480,0.39370080,0.00000000
5.56426280,0.39370080,0.00000000
5.56467080,0.00000000,0.00000000
5.56507880,0.39370080,0.00000000
5.56548680,0.00000000,0.00000000
5.56589480,0.00000000,0.00000000
5.56630280,-0.39370080,0.00000000
5.56671080,-0.39370080,0.00000000
5.56711880,0.00000000,0.00000000
5.56752680,-0.39370080,0.00000000
5.56793480,-0.78740160,0.00000000
5.56834280,-0.39370080,0.00000000
5.56875080,-0.78740160,0.00000000
5.56915880,-0.78740160,-0.07874016
5.56956680,-0.78740160,-0.07874016
5.56997480,-0.78740160,0.00000000
5.57038280,-0.78740160,0.00000000
5.57079080,-0.78740160,0.00000000
5.57119880,-0.39370080,-0.07874016
5.57160680,-0.39370080,0.00000000
5.57201480,-0.39370080,-0.07874016
5.57242280,-0.39370080,0.00000000
5.57283080,0.00000000,-0.07874016
5.57323880,-0.39370080,0.00000000
5.57364680,0.00000000,0.00000000
5.57405480,0.00000000,0.00000000
5.57446280,0.39370080,-0.07874016
5.57487080,0.00000000,0.00000000
5.57527880,0.00000000,0.00000000
5.57568680,0.39370080,0.00000000
5.57609480,0.39370080,0.00000000
5.57650280,0.39370080,0.00000000
5.57691080,0.78740160,-0.07874016
5.57731880,0.78740160,0.00000000
5.57772680,0.78740160,-0.07874016
5.57813480,0.78740160,0.00000000
5.57854280,1.18110200,-0.07874016
5.57895080,1.18110200,0.00000000
5.57935880,1.18110200,0.00000000
5.57976680,1.18110200,0.00000000
5.58017480,1.57480300,0.00000000
5.58058280,1.18110200,0.00000000
5.58099080,1.18110200,-0.07874016
5.58139880,1.18110200,0.00000000
5.58180680,1.57480300,0.00000000
5.58221480,1.57480300,0.00000000
5.58262280,1.57480300,-0.07874016
5.58303080,1.57480300,0.00000000
5.58343880,1.57480300,0.00000000
5.58384680,1.18110200,0.00000000
5.58425480,1.18110200,0.00000000
5.58466280,1.57480300,0.00000000
5.58507080,1.18110200,0.00000000
5.58547880,1.18110200,0.00000000
5.58588680,1.18110200,0.00000000
5.58629480,0.78740160,0.00000000
5.58670280,0.78740160,-0.07874016
5.58711080,0.78740160,-0.07874016
5.58751880,0.78740160,0.00000000
5.58792680,0.78740160,0.00000000
5.58833480,0.78740160,0.00000000
5.58874280,0.39370080,0.00000000
5.58915080,0.39370080,0.00000000
5.58955880,0.39370080,0.00000000
5.58996680,0.00000000,0.00000000
5.59037480,0.00000000,0.00000000
5.59078280,0.00000000,0.00000000
5.59119080,0.39370080,0.00000000
5.59159880,0.00000000,-0.07874016
5.59200680,0.00000000,0.00000000
5.59241480,0.00000000,-0.07874016
5.59282280,-0.39370080,0.00000000
5.59323080,0.00000000,-0.07874016
5.59363880,-0.39370080,0.00000000
5.59404680,-0.39370080,-0.07874016
5.59445480,0.00000000,0.00000000
5.59486280,0.00000000,0.00000000
5.59527080,0.00000000,0.00000000
5.59567880,0.00000000,0.00000000
5.59608680,-0.39370080,0.00000000
5.59649480,0.00000000,-0.07874016
5.59690280,0.00000000,0.00000000
5.59731080,0.39370080,0.00000000
5.59771880,0.00000000,0.00000000
5.59812680,0.00000000,0.00000000
5.59853480,0.00000000,0.00000000
5.59894280,0.39370080,0.00000000
5.59935080,0.00000000,0.00000000
5.59975880,0.39370080,0.00000000
5.60016680,0.39370080,0.00000000
5.60057480,0.78740160,0.00000000
5.60098280,0.78740160,0.00000000
5.60139080,0.39370080,-0.07874016
5.60179880,0.78740160,0.00000000
5.60220680,0.78740160,0.00000000
5.60261480,0.78740160,0.00000000
5.60302280,1.18110200,0.00000000
5.60343080,0.78740160,0.00000000
5.60383880,1.18110200,0.00000000
5.60424680,0.78740160,0.00000000
5.60465480,0.78740160,0.00000000
5.60506280,1.18110200,0.00000000
5.60547080,1.18110200,0.00000000
5.60587880,1.18110200,0.00000000
5.60628680,1.18110200,0.00000000
5.60669480,1.18110200,0.00000000
5.60710280,0.78740160,0.00000000
5.60751080,1.18110200,0.00000000
5.60791880,0.78740160,0.00000000
5.60832680,1.18110200,0.00000000
5.60873480,1.18110200,-0.07874016
5.60914280,0.78740160,0.00000000
5.60955080,1.18110200,0.00000000
5.60995880,0.78740160,0.00000000
5.61036680,0.78740160,0.00000000
5.61077480,0.39370080,0.00000000
5.61118280,0.39370080,-0.07874016
5.61159080,0.78740160,0.00000000
5.61199880,0.39370080,-0.07874016
5.61240680,0.00000000,0.00000000
5.61281480,0.39370080,0.00000000
5.61322280,0.39370080,0.00000000
5.61363080,0.00000000,-0.07874016
5.61403880,0.78740160,0.00000000
5.61444680,0.39370080,0.00000000
5.61485480,0.39370080,0.00000000
5.61526280,0.39370080,0.00000000
5.61567080,0.00000000,0.00000000
5.61607880,0.39370080,-0.07874016
5.61648680,0.00000000,0.00000000
5.61689480,0.00000000,0.00000000
5.61730280,0.39370080,0.00000000
5.61771080,0.39370080,-0.07874016
5.61811880,0.00000000,0.00000000
5.61852680,0.39370080,0.00000000
5.61893480,0.00000000,0.00000000
5.61934280,0.00000000,-0.07874016
5.61975080,0.39370080,-0.07874016
5.62015880,0.00000000,0.00000000
5.62056680,0.39370080,0.00000000
5.62097480,0.00000000,-0.07874016
5.62138280,0.39370080,0.00000000
5.62179080,0.39370080,0.00000000
5.62219880,0.39370080,0.00000000
5.62260680,0.78740160,-0.07874016
5.62301480,0.39370080,0.00000000
5.62342280,0.39370080,0.00000000
5.62383080,0.78740160,0.00000000
5.62423880,0.78740160,0.00000000
5.62464680,0.39370080,0.00000000
5.62505480,0.78740160,0.00000000
5.62546280,0.78740160,0.00000000
5.62587080,1.18110200,0.00000000
5.62627880,0.78740160,0.00000000
5.62668680,0.78740160,-0.07874016
5.62709480,0.78740160,0.00000000
5.62750280,0.39370080,0.00000000
5.62791080,0.78740160,0.00000000
5.62831880,1.18110200,-0.07874016
5.62872680,0.78740160,0.00000000
5.62913480,0.78740160,0.00000000
5.62954280,0.78740160,0.00000000
5.62995080,0.39370080,0.00000000
5.63035880,0.78740160,0.00000000
5.63076680,0.78740160,0.00000000
5.63117480,0.39370080,0.00000000
5.63158280,0.78740160,0.00000000
5.63199080,0.39370080,0.00000000
5.63239880,0.78740160,-0.07874016
5.63280680,0.39370080,-0.07874016
5.63321480,0.39370080,-0.07874016
5.63362280,0.78740160,0.00000000
5.63403080,0.39370080,0.00000000
5.63443880,0.39370080,0.00000000
5.63484680,0.39370080,0.00000000
5.63525480,0.39370080,-0.07874016
5.63566280,0.39370080,-0.07874016
5.63607080,0.39370080,0.00000000
5.63647880,0.00000000,0.00000000
5.63688680,0.78740160,-0.07874016
5.63729480,0.39370080,0.00000000
5.63770280,0.39370080,0.00000000
5.63811080,0.39370080,-0.07874016
5.63851880,0.00000000,0.00000000
5.63892680,0.00000000,0.00000000
5.63933480,0.00000000,0.00000000
5.63974280,0.39370080,0.00000000
5.64015080,0.00000000,0.00000000
5.64055880,0.00000000,0.00000000
5.64096680,0.00000000,0.00000000
5.64137480,0.39370080,0.00000000
5.64178280,0.39370080,0.00000000
5.64219080,0.39370080,-0.07874016
5.64259880,0.39370080,0.00000000
5.64300680,0.78740160,0.00000000
5.64341480,0.39370080,0.00000000
5.64382280,0.39370080,0.00000000
5.64423080,0.39370080,0.00000000
5.64463880,0.78740160,0.00000000
5.64504680,0.78740160,0.00000000
5.64545480,1.18110200,-0.07874016
5.64586280,0.78740160,0.00000000
5.64627080,0.39370080,-0.07874016
5.64667880,0.78740160,0.00000000
5.64708680,0.39370080,0.00000000
5.64749480,0.78740160,0.00000000
5.64790280,0.78740160,0.00000000
5.64831080,0.78740160,0.00000000
5.64871880,0.78740160,0.00000000
5.64912680,1.18110200,0.00000000
5.64953480,0.78740160,0.00000000
5.64994280,0.78740160,0.00000000
5.65035080,0.78740160,0.00000000
5.65075880,1.18110200,0.00000000
5.65116680,0.78740160,-0.07874016
5.65157480,0.39370080,0.00000000
5.65198280,0.78740160,0.00000000
5.65239080,0.39370080,0.00000000
5.65279880,0.78740160,0.00000000
5.65320680,0.39370080,-0.07874016
5.65361480,0.39370080,0.00000000
5.65402280,0.39370080,0.00000000
5.65443080,0.39370080,-0.07874016
5.65483880,0.78740160,0.00000000
5.65524680,0.78740160,0.00000000
5.65565480,0.78740160,0.00000000
5.65606280,0.39370080,0.00000000
5.65647080,0.39370080,0.00000000
5.65687880,0.39370080,0.00000000
5.65728680,0.39370080,0.00000000
5.65769480,0.00000000,0.00000000
5.65810280,0.00000000,0.00000000
5.65851080,0.39370080,-0.07874016
5.65891880,0.00000000,0.00000000
5.65932680,0.00000000,-0.07874016
5.65973480,0.00000000,0.00000000
5.66014280,0.39370080,-0.07874016
5.66055080,0.00000000,0.00000000
5.66095880,0.00000000,-0.07874016
5.66136680,0.00000000,0.00000000
5.66177480,0.39370080,0.00000000
5.66218280,0.00000000,-0.07874016
5.66259080,0.39370080,-0.07874016
5.66299880,0.00000000,0.00000000
5.66340680,0.39370080,0.00000000
5.66381480,0.00000000,0.00000000
5.66422280,0.39370080,0.00000000
5.66463080,0.00000000,0.00000000
5.66503880,0.00000000,-0.07874016
5.66544680,0.39370080,0.00000000
5.66585480,0.39370080,-0.07874016
5.66626280,0.39370080,0.00000000
5.66667080,0.00000000,0.00000000
5.66707880,0.39370080,0.00000000
5.66748680,0.78740160,0.00000000
5.66789480,0.78740160,0.00000000
5.66830280,0.78740160,0.00000000
5.66871080,0.78740160,0.00000000
5.66911880,0.78740160,-0.07874016
5.66952680,0.78740160,0.00000000
5.66993480,0.78740160,0.00000000
5.67034280,0.78740160,0.00000000
5.67075080,0.78740160,0.00000000
5.67115880,1.18110200,0.00000000
5.67156680,0.78740160,-0.07874016
5.67197480,0.78740160,-0.07874016
5.67238280,1.18110200,-0.07874016
5.67279080,0.78740160,0.00000000
5.67319880,1.18110200,0.00000000
5.67360680,0.78740160,-0.07874016
5.67401480,0.78740160,0.00000000
5.67442280,0.78740160,0.00000000
5.67483080,0.39370080,0.00000000
5.67523880,1.18110200,0.00000000
5.67564680,0.78740160,-0.07874016
5.67605480,0.39370080,-0.07874016
5.67646280,0.78740160,0.00000000
5.67687080,1.18110200,0.00000000
5.67727880,0.39370080,0.00000000
5.67768680,0.39370080,0.00000000
5.67809480,0.39370080,0.00000000
5.67850280,0.39370080,0.00000000
5.67891080,0.39370080,0.00000000
5.67931880,0.39370080,-0.07874016
5.67972680,0.39370080,-0.07874016
5.68013480,0.00000000,0.00000000
5.68054280,0.00000000,0.00000000
5.68095080,0.00000000,0.00000000
5.68135880,0.00000000,-0.07874016
5.68176680,0.00000000,0.00000000
5.68217480,0.39370080,0.00000000
5.68258280,0.00000000,0.00000000
5.68299080,0.00000000,0.00000000
5.68339880,0.00000000,0.00000000
5.68380680,0.00000000,0.00000000
5.68421480,0.00000000,0.00000000
5.68462280,0.00000000,0.00000000
5.68503080,-0.39370080,0.00000000
5.68543880,0.00000000,0.00000000
5.68584680,0.00000000,0.00000000
5.68625480,0.00000000,0.00000000
5.68666280,0.00000000,0.00000000
5.68707080,0.00000000,-0.07874016
5.68747880,0.00000000,0.00000000
5.68788680,0.39370080,0.00000000
5.68829480,0.00000000,0.00000000
5.68870280,0.00000000,0.00000000
5.68911080,0.00000000,0.00000000
5.68951880,0.39370080,-0.07874016
5.68992680,0.00000000,0.00000000
5.69033480,0.00000000,0.00000000
5.69074280,0.39370080,0.00000000
5.69115080,0.39370080,0.00000000
5.69155880,0.78740160,0.00000000
5.69196680,0.78740160,-0.07874016
5.69237480,0.39370080,0.00000000
5.69278280,0.39370080,-0.07874016
5.69319080,0.78740160,0.00000000
5.69359880,0.78740160,-0.07874016
5.69400680,0.78740160,0.00000000
5.69441480,0.78740160,0.00000000
5.69482280,1.18110200,0.00000000
5.69523080,1.18110200,0.00000000
5.69563880,0.78740160,0.00000000
5.69604680,1.18110200,0.00000000
5.69645480,1.18110200,0.00000000
5.69686280,1.18110200,-0.07874016
5.69727080,1.18110200,0.00000000
5.69767880,1.18110200,-0.07874016
5.69808680,1.18110200,0.00000000
5.69849480,1.57480300,-0.07874016
5.69890280,1.18110200,0.00000000
5.69931080,1.18110200,0.00000000
5.69971880,1.18110200,0.00000000
5.70012680,0.78740160,0.00000000
5.70053480,0.78740160,0.00000000
5.70094280,0.39370080,0.00000000
5.70135080,0.78740160,0.00000000
5.70175880,0.39370080,0.00000000
5.70216680,0.39370080,-0.07874016
5.70257480,0.78740160,-0.07874016
5.70298280,0.00000000,0.00000000
5.70339080,0.39370080,-0.07874016
5.70379880,0.39370080,0.00000000
5.70420680,0.39370080,0.00000000
5.70461480,0.00000000,0.00000000
5.70502280,0.00000000,0.00000000
5.70543080,0.00000000,0.00000000
5.70583880,0.00000000,0.00000000
5.70624680,0.39370080,0.00000000
5.70665480,0.00000000,0.00000000
5.70706280,0.00000000,0.00000000
5.70747080,0.00000000,0.00000000
5.70787880,0.00000000,0.00000000
5.70828680,0.00000000,-0.07874016
5.70869480,0.00000000,0.00000000
5.70910280,0.00000000,0.00000000
5.70951079,-0.39370080,0.00000000
5.70991879,0.00000000,-0.07874016
5.71032679,-0.39370080,0.00000000
5.71073479,0.00000000,-0.07874016
5.71114279,0.00000000,0.00000000
5.71155079,0.00000000,-0.07874016
5.71195879,0.00000000,0.00000000
5.71236679,0.39370080,-0.07874016
5.71277479,0.00000000,0.00000000
5.71318279,0.00000000,0.00000000
5.71359079,0.00000000,0.00000000
5.71399879,0.39370080,0.00000000
5.71440679,0.39370080,0.00000000
5.71481479,0.78740160,0.00000000
5.71522279,0.39370080,0.00000000
5.71563079,0.78740160,-0.07874016
5.71603879,0.78740160,0.00000000
5.71644679,0.78740160,0.00000000
5.71685479,0.39370080,0.00000000
5.71726279,0.78740160,0.00000000
5.71767079,0.78740160,0.00000000
5.71807879,1.18110200,0.00000000
5.71848679,1.18110200,0.00000000
5.71889479,1.18110200,0.00000000
5.71930279,1.18110200,0.00000000
5.71971079,1.18110200,0.00000000
5.72011879,1.18110200,0.00000000
5.72052679,1.18110200,0.00000000
5.72093479,1.18110200,0.00000000
5.72134279,1.18110200,0.00000000
5.72175079,1.18110200,0.00000000
5.72215879,0.78740160,0.00000000
5.72256679,1.57480300,-0.07874016
5.72297479,1.18110200,0.00000000
5.72338279,1.18110200,0.00000000
5.72379079,1.18110200,0.00000000
5.72419879,0.78740160,0.00000000
5.72460679,1.18110200,0.00000000
5.72501479,0.78740160,0.00000000
5.72542279,0.78740160,0.00000000
5.72583079,0.78740160,0.00000000
5.72623879,0.78740160,0.00000000
5.72664679,0.78740160,0.00000000
5.72705479,0.78740160,0.00000000
5.72746279,0.39370080,0.00000000
5.72787079,0.39370080,0.00000000
5.72827879,0.39370080,0.00000000
5.72868679,0.39370080,0.00000000
5.72909479,0.39370080,0.00000000
5.72950279,0.00000000,0.00000000
5.72991079,0.00000000,-0.07874016
5.73031879,0.00000000,0.00000000
5.73072679,0.00000000,0.00000000
5.73113479,0.00000000,-0.07874016
5.73154279,0.00000000,-0.07874016
5.73195079,-0.39370080,0.00000000
5.73235879,0.00000000,0.00000000
5.73276679,0.00000000,-0.07874016
5.73317479,-0.39370080,0.00000000
5.73358279,0.00000000,0.00000000
5.73399079,0.00000000,0.00000000
5.73439879,0.00000000,0.00000000
5.73480679,-0.39370080,0.00000000
5.73521479,0.00000000,-0.07874016
5.73562279,0.00000000,-0.07874016
5.73603079,0.00000000,0.00000000
5.73643879,0.00000000,-0.07874016
5.73684679,0.00000000,0.00000000
5.73725479,0.00000000,0.00000000
5.73766279,0.00000000,0.00000000
5.73807079,0.00000000,0.00000000
5.73847879,0.00000000,0.00000000
5.73888679,0.39370080,-0.07874016
5.73929479,0.78740160,0.00000000
5.73970279,0.39370080,-0.07874016
5.74011079,0.39370080,0.00000000
5.74051879,0.78740160,0.00000000
5.74092679,0.78740160,-0.07874016
5.74133479,0.78740160,0.00000000
5.74174279,0.78740160,0.00000000
5.74215079,0.78740160,0.00000000
5.74255879,0.78740160,-0.07874016
5.74296679,1.18110200,0.00000000
5.74337479,1.18110200,-0.07874016
5.74378279,1.18110200,0.00000000
5.74419079,1.18110200,0.00000000
5.74459879,1.18110200,0.00000000
5.74500679,1.18110200,-0.07874016
5.74541479,1.18110200,0.00000000
5.74582279,1.18110200,-0.07874016
5.74623079,1.18110200,0.00000000
5.74663879,0.78740160,0.00000000
5.74704679,1.57480300,0.00000000
5.74745479,1.18110200,0.00000000
5.74786279,1.18110200,0.00000000
5.74827079,1.18110200,0.00000000
5.74867879,1.18110200,0.00000000
5.74908679,1.18110200,0.00000000
5.74949479,1.18110200,0.00000000
5.74990279,0.78740160,0.00000000
5.75031079,0.78740160,0.00000000
5.75071879,0.78740160,0.00000000
5.75112679,0.39370080,0.00000000
5.75153479,0.78740160,-0.07874016
5.75194279,0.39370080,0.00000000
5.75235079,0.39370080,0.00000000
5.75275879,0.39370080,0.00000000
5.75316679,0.39370080,0.00000000
5.75357479,0.00000000,0.00000000
5.75398279,0.39370080,0.00000000
5.75439079,0.00000000,0.00000000
5.75479879,0.00000000,0.00000000
5.75520679,0.00000000,0.00000000
5.75561479,0.00000000,0.00000000
5.75602279,0.00000000,0.00000000
5.75643079,0.00000000,0.00000000
5.75683879,0.00000000,0.00000000
5.75724679,0.00000000,-0.07874016
5.75765479,0.00000000,0.00000000
5.75806279,0.00000000,0.00000000
5.75847079,0.00000000,0.00000000
5.75887879,0.00000000,-0.07874016
5.75928679,0.00000000,-0.07874016
5.75969479,-0.39370080,-0.07874016
5.76010279,-0.39370080,0.00000000
5.76051079,0.00000000,-0.07874016
5.76091879,0.00000000,0.00000000
5.76132679,0.00000000,0.00000000
5.76173479,0.00000000,0.00000000
5.76214279,0.00000000,0.00000000
5.76255079,0.39370080,0.00000000
5.76295879,0.39370080,0.00000000
5.76336679,0.00000000,0.00000000
5.76377479,0.39370080,-0.07874016
5.76418279,0.39370080,0.00000000
5.76459079,0.39370080,-0.07874016
5.76499879,0.39370080,0.00000000
5.76540679,0.78740160,0.00000000
5.76581479,0.78740160,0.00000000
5.76622279,0.78740160,0.00000000
5.76663079,0.78740160,0.00000000
5.76703879,1.18110200,0.00000000
5.76744679,0.78740160,-0.07874016
5.76785479,1.18110200,0.00000000
5.76826279,1.57480300,-0.07874016
5.76867079,1.18110200,0.00000000
5.76907879,1.18110200,0.00000000
5.76948679,1.18110200,-0.07874016
5.76989479,1.18110200,0.00000000
5.77030279,1.18110200,0.00000000
5.77071079,1.18110200,0.00000000
5.77111879,1.18110200,0.00000000
5.77152679,0.78740160,0.00000000
5.77193479,1.18110200,0.00000000
5.77234279,1.18110200,0.00000000
5.77275079,1.57480300,-0.07874016
5.77315879,0.78740160,0.00000000
5.77356679,0.78740160,0.00000000
5.77397479,0.78740160,0.00000000
5.77438279,0.78740160,0.00000000
5.77479079,0.78740160,0.00000000
5.77519879,0.78740160,0.00000000
5.77560679,0.39370080,0.00000000
5.77601479,0.78740160,0.00000000
5.77642279,0.78740160,0.00000000
5.77683079,0.78740160,0.00000000
5.77723879,0.39370080,0.00000000
5.77764679,0.00000000,0.00000000
5.77805479,0.00000000,0.00000000
5.77846279,0.39370080,-0.07874016
5.77887079,0.00000000,-0.07874016
5.77927879,0.00000000,-0.07874016
5.77968679,0.39370080,0.00000000
5.78009479,0.00000000,0.00000000
5.78050279,0.00000000,0.00000000
5.78091079,0.00000000,-0.07874016
5.78131879,0.00000000,0.00000000
5.78172679,0.00000000,0.00000000
5.78213479,-0.39370080,0.00000000
5.78254279,-0.39370080,0.00000000
5.78295079,0.00000000,0.00000000
5.78335879,0.00000000,0.00000000
5.78376679,0.00000000,-0.07874016
5.78417479,0.00000000,-0.07874016
5.78458279,0.00000000,-0.07874016
5.78499079,0.00000000,-0.07874016
5.78539879,0.00000000,0.00000000
5.78580679,0.00000000,-0.07874016
5.78621479,0.00000000,0.00000000
5.78662279,0.39370080,0.00000000
5.78703079,0.00000000,0.00000000
5.78743879,0.39370080,0.00000000
5.78784679,0.00000000,-0.07874016
5.78825479,0.39370080,0.00000000
5.78866279,0.39370080,0.00000000
5.78907079,0.39370080,0.00000000
5.78947879,0.78740160,0.00000000
5.78988679,0.78740160,0.00000000
5.79029479,0.78740160,0.00000000
5.79070279,0.78740160,-0.07874016
5.79111079,0.78740160,0.00000000
5.79151879,1.18110200,0.00000000
5.79192679,1.18110200,0.00000000
5.79233479,0.78740160,0.00000000
5.79274279,0.78740160,0.00000000
5.79315079,1.18110200,0.00000000
5.79355879,1.18110200,0.00000000
5.79396679,1.18110200,0.00000000
5.79437479,1.18110200,0.00000000
5.79478279,0.78740160,0.00000000
5.79519079,1.18110200,0.00000000
5.79559879,1.18110200,0.00000000
5.79600679,1.18110200,0.00000000
5.79641479,1.18110200,-0.07874016
5.79682279,0.78740160,0.00000000
5.79723079,1.18110200,0.00000000
5.79763879,1.18110200,-0.07874016
5.79804679,0.78740160,0.00000000
5.79845479,0.78740160,0.00000000
5.79886279,1.18110200,0.00000000
5.79927079,0.78740160,0.00000000
5.79967879,0.78740160,0.00000000
5.80008679,0.39370080,-0.07874016
5.80049479,0.39370080,-0.07874016
5.80090279,0.39370080,0.00000000
5.80131079,0.00000000,0.00000000
5.80171879,0.39370080,0.00000000
5.80212679,0.39370080,0.00000000
5.80253479,0.00000000,0.00000000
5.80294279,0.39370080,0.00000000
5.80335079,0.00000000,0.00000000
5.80375879,0.00000000,-0.07874016
5.80416679,0.00000000,0.00000000
5.80457479,0.00000000,0.00000000
5.80498279,0.00000000,0.00000000
5.80539079,0.00000000,-0.07874016
5.80579879,0.00000000,0.00000000
5.80620679,0.00000000,0.00000000
5.80661479,0.00000000,0.00000000
5.80702279,0.00000000,0.00000000
5.80743079,-0.39370080,0.00000000
5.80783879,-0.39370080,0.00000000
5.80824679,0.00000000,0.00000000
5.80865479,0.39370080,0.00000000
5.80906279,0.00000000,0.00000000
5.80947079,0.00000000,0.00000000
5.80987879,0.00000000,0.00000000
5.81028679,0.00000000,0.00000000
5.81069479,0.00000000,0.00000000
5.81110279,0.00000000,0.00000000
5.81151079,0.00000000,0.00000000
5.81191879,0.39370080,0.00000000
5.81232679,0.39370080,0.00000000
5.81273479,0.39370080,0.00000000
5.81314279,0.78740160,0.00000000
5.81355079,0.39370080,0.00000000
5.81395879,0.78740160,0.00000000
5.81436679,0.78740160,-0.07874016
5.81477479,0.78740160,0.00000000
5.81518279,0.78740160,0.00000000
5.81559079,1.18110200,0.00000000
5.81599879,1.18110200,-0.07874016
5.81640679,1.18110200,-0.07874016
5.81681479,0.78740160,-0.07874016
5.81722279,1.18110200,0.00000000
5.81763079,1.18110200,0.00000000
5.81803879,1.18110200,0.00000000
5.81844679,0.78740160,0.00000000
5.81885479,1.57480300,0.00000000
5.81926279,1.18110200,0.00000000
5.81967079,1.18110200,0.00000000
5.82007879,1.18110200,0.00000000
5.82048679,1.18110200,-0.07874016
5.82089479,1.18110200,0.00000000
5.82130279,1.18110200,0.00000000
5.82171079,0.78740160,0.00000000
5.82211879,0.78740160,0.00000000
5.82252679,0.78740160,0.00000000
5.82293479,0.78740160,-0.07874016
5.82334279,0.78740160,0.00000000
5.82375079,0.78740160,-0.07874016
5.82415879,0.78740160,0.00000000
5.82456679,0.78740160,0.00000000
5.82497479,0.39370080,-0.07874016
5.82538279,0.39370080,0.00000000
5.82579079,0.39370080,0.00000000
5.82619879,0.39370080,0.00000000
5.82660679,0.39370080,0.00000000
5.82701479,0.00000000,0.00000000
5.82742279,0.39370080,-0.07874016
5.82783079,0.00000000,0.00000000
5.82823879,0.00000000,-0.07874016
5.82864679,0.39370080,-0.07874016
5.82905479,0.00000000,-0.07874016
5.82946279,0.00000000,0.00000000
5.82987079,0.39370080,0.00000000
5.83027879,0.00000000,0.00000000
5.83068679,0.00000000,0.00000000
5.83109479,0.00000000,0.00000000
5.83150279,0.00000000,-0.07874016
5.83191079,0.00000000,-0.07874016
5.83231879,0.00000000,-0.07874016
5.83272679,0.00000000,0.00000000
5.83313479,0.00000000,-0.07874016
5.83354279,0.00000000,0.00000000
5.83395079,0.00000000,0.00000000
5.83435879,0.00000000,0.00000000
5.83476679,0.00000000,0.00000000
5.83517479,0.39370080,0.00000000
5.83558279,0.39370080,0.00000000
5.83599079,0.00000000,0.00000000
5.83639879,0.39370080,0.00000000
5.83680679,0.39370080,0.00000000
5.83721479,0.39370080,-0.07874016
5.83762279,0.39370080,-0.07874016
5.83803079,0.78740160,0.00000000
5.83843879,0.39370080,0.00000000
5.83884679,0.39370080,-0.07874016
5.83925479,0.39370080,0.00000000
5.83966279,0.78740160,0.00000000
5.84007079,1.18110200,0.00000000
5.84047879,0.78740160,0.00000000
5.84088679,0.78740160,0.00000000
5.84129479,0.78740160,0.00000000
5.84170279,1.18110200,0.00000000
5.84211079,1.18110200,-0.07874016
5.84251879,1.18110200,0.00000000
5.84292679,0.78740160,-0.07874016
5.84333479,1.18110200,0.00000000
5.84374279,1.18110200,0.00000000
5.84415079,0.78740160,-0.07874016
5.84455879,1.18110200,0.00000000
5.84496679,1.18110200,-0.07874016
5.84537479,1.18110200,0.00000000
5.84578279,0.78740160,0.00000000
5.84619079,1.18110200,0.00000000
5.84659879,1.18110200,0.00000000
5.84700679,0.39370080,0.00000000
5.84741479,0.78740160,0.00000000
5.84782279,1.18110200,-0.07874016
5.84823079,0.78740160,0.00000000
5.84863879,0.78740160,0.00000000
5.84904679,0.78740160,0.00000000
5.84945479,0.78740160,0.00000000
5.84986279,0.78740160,0.00000000
5.85027079,0.39370080,-0.07874016
5.85067879,0.39370080,0.00000000
5.85108679,0.39370080,0.00000000
5.85149479,0.00000000,0.00000000
5.85190279,0.39370080,0.00000000
5.85231079,0.39370080,0.00000000
5.85271879,0.39370080,0.00000000
5.85312679,0.00000000,-0.07874016
5.85353479,0.00000000,0.00000000
5.85394279,0.39370080,0.00000000
5.85435079,0.00000000,0.00000000
5.85475879,0.00000000,0.00000000
5.85516679,0.00000000,0.00000000
5.85557479,0.00000000,0.00000000
5.85598279,0.00000000,-0.07874016
5.85639079,-0.39370080,0.00000000
5.85679879,0.00000000,0.00000000
5.85720679,0.00000000,0.00000000
5.85761479,0.00000000,0.00000000
5.85802279,0.00000000,0.00000000
5.85843079,0.00000000,0.00000000
5.85883879,0.00000000,0.00000000
5.85924679,0.39370080,0.00000000
5.85965479,0.00000000,0.00000000
5.86006279,0.39370080,0.00000000
5.86047079,0.00000000,0.00000000
5.86087879,0.39370080,0.00000000
5.86128679,0.00000000,0.00000000
5.86169479,0.78740160,0.00000000
5.86210279,0.39370080,0.00000000
5.86251079,0.39370080,0.00000000
5.86291879,0.78740160,0.00000000
5.86332679,0.78740160,0.00000000
5.86373479,0.39370080,0.00000000
5.86414279,0.78740160,0.00000000
5.86455079,0.78740160,0.00000000
5.86495879,0.78740160,0.00000000
5.86536679,0.78740160,0.00000000
5.86577479,0.78740160,-0.07874016
5.86618279,0.78740160,0.00000000
5.86659079,1.18110200,0.00000000
5.86699879,0.78740160,0.00000000
5.86740679,1.18110200,-0.07874016
5.86781479,0.78740160,0.00000000
5.86822279,1.18110200,0.00000000
5.86863079,1.18110200,0.00000000
5.86903879,1.18110200,0.00000000
5.86944679,1.18110200,0.00000000
5.86985479,1.18110200,-0.07874016
5.87026279,0.78740160,0.00000000
5.87067079,1.18110200,-0.07874016
5.87107879,0.78740160,0.00000000
5.87148679,1.18110200,0.00000000
5.87189479,0.78740160,0.00000000
5.87230279,0.78740160,0.00000000
5.87271079,0.78740160,0.00000000
5.87311879,0.78740160,0.00000000
5.87352679,0.39370080,0.00000000
5.87393479,0.78740160,-0.07874016
5.87434279,0.39370080,-0.07874016
5.87475079,0.78740160,-0.07874016
5.87515879,0.78740160,0.00000000
5.87556679,0.39370080,-0.07874016
5.87597479,0.00000000,0.00000000
5.87638279,0.39370080,0.00000000
5.87679079,0.39370080,0.00000000
5.87719879,0.39370080,-0.07874016
5.87760679,0.39370080,0.00000000
5.87801479,0.39370080,0.00000000
5.87842279,0.00000000,0.00000000
5.87883079,0.00000000,0.00000000
5.87923879,0.00000000,0.00000000
5.87964679,0.39370080,0.00000000
5.88005479,0.00000000,0.00000000
5.88046279,0.39370080,0.00000000
5.88087079,-0.39370080,0.00000000
5.88127879,0.00000000,-0.07874016
5.88168679,0.39370080,0.00000000
5.88209479,0.00000000,0.00000000
5.88250279,0.00000000,-0.07874016
5.88291079,0.39370080,0.00000000
5.88331879,0.00000000,0.00000000
5.88372679,0.39370080,-0.07874016
5.88413479,0.00000000,-0.07874016
5.88454279,0.00000000,-0.07874016
5.88495079,0.00000000,0.00000000
5.88535879,0.39370080,0.00000000
5.88576679,0.39370080,0.00000000
5.88617478,0.39370080,-0.07874016
5.88658278,0.39370080,0.00000000
5.88699078,0.78740160,-0.07874016
5.88739878,0.78740160,-0.07874016
5.88780678,0.78740160,0.00000000
5.88821478,0.78740160,0.00000000
5.88862278,0.78740160,0.00000000
5.88903078,0.78740160,0.00000000
5.88943878,0.39370080,-0.07874016
5.88984678,0.39370080,0.00000000
5.89025478,1.18110200,0.00000000
5.89066278,1.18110200,0.00000000
5.89107078,1.18110200,-0.07874016
5.89147878,0.78740160,0.00000000
5.89188678,0.78740160,0.00000000
5.89229478,0.78740160,0.00000000
5.89270278,1.18110200,0.00000000
5.89311078,0.78740160,0.00000000
5.89351878,0.78740160,-0.07874016
5.89392678,1.18110200,0.00000000
5.89433478,0.78740160,0.00000000
5.89474278,0.78740160,0.00000000
5.89515078,0.78740160,-0.07874016
5.89555878,0.78740160,0.00000000
5.89596678,0.78740160,0.00000000
5.89637478,0.78740160,0.00000000
5.89678278,0.78740160,0.00000000
5.89719078,0.78740160,0.00000000
5.89759878,0.78740160,0.00000000
5.89800678,0.78740160,0.00000000
5.89841478,0.78740160,-0.07874016
5.89882278,0.78740160,0.00000000
5.89923078,0.39370080,-0.07874016
5.89963878,0.39370080,0.00000000
5.90004678,0.78740160,0.00000000
5.90045478,0.39370080,0.00000000
5.90086278,0.39370080,-0.07874016
5.90127078,0.00000000,0.00000000
5.90167878,0.39370080,0.00000000
5.90208678,0.00000000,0.00000000
5.90249478,0.39370080,0.00000000
5.90290278,0.39370080,0.00000000
5.90331078,0.39370080,0.00000000
5.90371878,0.39370080,0.00000000
5.90412678,0.00000000,-0.07874016
5.90453478,0.00000000,-0.07874016
5.90494278,0.00000000,0.00000000
5.90535078,0.00000000,0.00000000
5.90575878,0.00000000,0.00000000
5.90616678,0.00000000,0.00000000
5.90657478,0.00000000,-0.07874016
5.90698278,0.39370080,0.00000000
5.90739078,0.00000000,0.00000000
5.90779878,0.39370080,0.00000000
5.90820678,0.00000000,0.00000000
5.90861478,0.39370080,0.00000000
5.90902278,0.00000000,0.00000000
5.90943078,0.00000000,0.00000000
5.90983878,0.39370080,-0.07874016
5.91024678,0.39370080,0.00000000
5.91065478,0.00000000,0.00000000
5.91106278,0.39370080,0.00000000
5.91147078,0.39370080,0.00000000
5.91187878,0.39370080,0.00000000
5.91228678,0.39370080,-0.07874016
5.91269478,0.39370080,0.00000000
5.91310278,0.78740160,-0.07874016
5.91351078,0.78740160,0.00000000
5.91391878,0.78740160,0.00000000
5.91432678,0.39370080,0.00000000
5.91473478,0.78740160,0.00000000
5.91514278,0.78740160,0.00000000
5.91555078,0.78740160,0.00000000
5.91595878,0.78740160,0.00000000
5.91636678,0.78740160,-0.07874016
5.91677478,0.78740160,0.00000000
5.91718278,0.78740160,0.00000000
5.91759078,1.18110200,0.00000000
5.91799878,1.18110200,-0.07874016
5.91840678,1.18110200,0.00000000
5.91881478,1.18110200,0.00000000
5.91922278,1.18110200,-0.07874016
5.91963078,0.78740160,0.00000000
5.92003878,0.78740160,0.00000000
5.92044678,0.78740160,0.00000000
5.92085478,0.78740160,0.00000000
5.92126278,0.78740160,0.00000000
5.92167078,0.39370080,-0.07874016
5.92207878,0.78740160,0.00000000
5.92248678,0.78740160,0.00000000
5.92289478,0.78740160,0.00000000
5.92330278,0.78740160,0.00000000
5.92371078,0.78740160,0.00000000
5.92411878,0.39370080,0.00000000
5.92452678,0.39370080,0.00000000
5.92493478,0.39370080,0.00000000
5.92534278,0.39370080,0.00000000
5.92575078,0.00000000,0.00000000
5.92615878,0.39370080,0.00000000
5.92656678,0.39370080,0.00000000
5.92697478,0.00000000,0.00000000
5.92738278,0.39370080,0.00000000
5.92779078,0.00000000,-0.07874016
5.92819878,0.39370080,0.00000000
5.92860678,0.00000000,-0.07874016
5.92901478,0.39370080,0.00000000
5.92942278,0.00000000,0.00000000
5.92983078,0.00000000,0.00000000
5.93023878,0.39370080,0.00000000
5.93064678,0.00000000,0.00000000
5.93105478,0.39370080,-0.07874016
5.93146278,0.39370080,0.00000000
5.93187078,0.39370080,0.00000000
5.93227878,0.00000000,0.00000000
5.93268678,0.39370080,0.00000000
5.93309478,0.39370080,0.00000000
5.93350278,0.39370080,0.00000000
5.93391078,0.00000000,0.00000000
5.93431878,0.39370080,0.00000000
5.93472678,0.39370080,0.00000000
5.93513478,0.78740160,-0.07874016
5.93554278,0.39370080,-0.07874016
5.93595078,0.39370080,0.00000000
5.93635878,0.39370080,0.00000000
5.93676678,0.39370080,0.00000000
5.93717478,0.39370080,0.00000000
5.93758278,0.78740160,0.00000000
5.93799078,0.39370080,0.00000000
5.93839878,0.39370080,-0.07874016
5.93880678,0.39370080,0.00000000
5.93921478,0.78740160,0.00000000
5.93962278,0.78740160,0.00000000
5.94003078,0.78740160,0.00000000
5.94043878,0.78740160,0.00000000
5.94084678,0.78740160,0.00000000
5.94125478,0.78740160,0.00000000
5.94166278,0.78740160,0.00000000
5.94207078,0.78740160,0.00000000
5.94247878,0.78740160,-0.07874016
5.94288678,0.78740160,0.00000000
5.94329478,0.78740160,0.00000000
5.94370278,0.39370080,0.00000000
5.94411078,0.78740160,0.00000000
5.94451878,0.39370080,0.00000000
5.94492678,0.78740160,-0.07874016
5.94533478,0.78740160,0.00000000
5.94574278,0.78740160,0.00000000
5.94615078,0.78740160,-0.07874016
5.94655878,1.18110200,0.00000000
5.94696678,0.39370080,0.00000000
5.94737478,0.78740160,0.00000000
5.94778278,0.78740160,-0.07874016
5.94819078,0.39370080,-0.07874016
5.94859878,0.78740160,0.00000000
5.94900678,0.39370080,0.00000000
5.94941478,0.39370080,-0.07874016
5.94982278,0.39370080,0.00000000
5.95023078,0.39370080,0.00000000
5.95063878,0.39370080,-0.07874016
5.95104678,0.78740160,0.00000000
5.95145478,0.39370080,0.00000000
5.95186278,0.39370080,0.00000000
5.95227078,0.39370080,0.00000000
5.95267878,0.00000000,0.00000000
5.95308678,0.39370080,-0.07874016
5.95349478,0.39370080,-0.07874016
5.95390278,0.00000000,0.00000000
5.95431078,0.39370080,-0.07874016
5.95471878,0.00000000,0.00000000
5.95512678,0.39370080,0.00000000
5.95553478,0.39370080,-0.07874016
5.95594278,0.39370080,0.00000000
5.95635078,0.39370080,0.00000000
5.95675878,0.39370080,0.00000000
5.95716678,0.78740160,-0.07874016
5.95757478,0.39370080,0.00000000
5.95798278,0.39370080,0.00000000
5.95839078,0.39370080,0.00000000
5.95879878,0.00000000,-0.07874016
5.95920678,0.00000000,0.00000000
5.95961478,0.39370080,0.00000000
5.96002278,0.39370080,0.00000000
5.96043078,0.39370080,0.00000000
5.96083878,0.39370080,0.00000000
5.96124678,0.00000000,0.00000000
5.96165478,0.39370080,0.00000000
5.96206278,0.00000000,-0.07874016
5.96247078,0.39370080,0.00000000
5.96287878,0.78740160,0.00000000
5.96328678,0.78740160,0.00000000
5.96369478,0.78740160,0.00000000
5.96410278,0.39370080,0.00000000
5.96451078,0.78740160,0.00000000
5.96491878,0.78740160,0.00000000
5.96532678,0.78740160,0.00000000
5.96573478,0.78740160,0.00000000
5.96614278,0.78740160,0.00000000
5.96655078,0.39370080,0.00000000
5.96695878,0.39370080,-0.07874016
5.96736678,0.78740160,0.00000000
5.96777478,0.78740160,0.00000000
5.96818278,0.78740160,0.00000000
5.96859078,0.78740160,0.00000000
5.96899878,0.78740160,0.00000000
5.96940678,0.78740160,-0.07874016
5.96981478,0.39370080,0.00000000
5.97022278,1.18110200,-0.07874016
5.97063078,0.39370080,0.00000000
5.97103878,0.39370080,0.00000000
5.97144678,0.78740160,0.00000000
5.97185478,0.78740160,0.00000000
5.97226278,0.78740160,0.00000000
5.97267078,0.78740160,-0.07874016
5.97307878,0.39370080,-0.07874016
5.97348678,0.78740160,0.00000000
5.97389478,0.39370080,0.00000000
5.97430278,0.39370080,0.00000000
5.97471078,0.39370080,0.00000000
5.97511878,0.39370080,0.00000000
5.97552678,0.00000000,-0.07874016
5.97593478,0.78740160,-0.07874016
5.97634278,0.00000000,0.00000000
5.97675078,0.39370080,0.00000000
5.97715878,0.39370080,0.00000000
5.97756678,0.39370080,0.00000000
5.97797478,0.39370080,0.00000000
5.97838278,0.00000000,-0.07874016
5.97879078,0.39370080,0.00000000
5.97919878,0.39370080,0.00000000
5.97960678,0.39370080,0.00000000
5.98001478,0.39370080,-0.07874016
5.98042278,0.00000000,0.00000000
5.98083078,0.39370080,0.00000000
5.98123878,0.39370080,-0.07874016
5.98164678,0.00000000,-0.07874016
5.98205478,0.39370080,0.00000000
5.98246278,0.78740160,0.00000000
5.98287078,0.39370080,0.00000000
5.98327878,0.00000000,0.00000000
5.98368678,0.39370080,0.00000000
5.98409478,0.00000000,0.00000000
5.98450278,0.39370080,-0.07874016
5.98491078,0.39370080,0.00000000
5.98531878,0.39370080,0.00000000
5.98572678,0.39370080,0.00000000
5.98613478,0.39370080,0.00000000
5.98654278,0.78740160,0.00000000
5.98695078,0.78740160,0.00000000
5.98735878,0.39370080,0.00000000
5.98776678,0.39370080,0.00000000
5.98817478,0.78740160,-0.07874016
5.98858278,0.39370080,0.00000000
5.98899078,0.39370080,0.00000000
5.98939878,0.78740160,0.00000000
5.98980678,0.39370080,0.00000000
5.99021478,1.18110200,-0.07874016
5.99062278,0.78740160,-0.07874016
5.99103078,0.39370080,0.00000000
5.99143878,0.78740160,0.00000000
5.99184678,0.39370080,0.00000000
5.99225478,0.78740160,0.00000000
5.99266278,0.78740160,0.00000000
5.99307078,0.78740160,-0.07874016
5.99347878,0.78740160,0.00000000
5.99388678,0.78740160,-0.07874016
5.99429478,0.78740160,0.00000000
5.99470278,0.39370080,0.00000000
5.99511078,0.78740160,0.00000000
5.99551878,0.78740160,-0.07874016
5.99592678,0.78740160,0.00000000
5.99633478,0.78740160,0.00000000
5.99674278,0.78740160,-0.07874016
5.99715078,0.39370080,0.00000000
5.99755878,0.39370080,0.00000000
5.99796678,0.78740160,-0.07874016
5.99837478,0.39370080,0.00000000
5.99878278,0.78740160,0.00000000
5.99919078,0.78740160,0.00000000
5.99959878,0.39370080,0.00000000
6.00000678,0.39370080,0.00000000
6.00041478,0.39370080,-0.07874016
6.00082278,0.39370080,0.00000000
6.00123078,0.00000000,0.00000000
6.00163878,0.39370080,0.00000000
6.00204678,0.39370080,0.00000000
6.00245478,0.39370080,0.00000000
6.00286278,0.39370080,0.00000000
6.00327078,0.39370080,0.00000000
6.00367878,0.39370080,0.00000000
6.00408678,0.39370080,0.00000000
6.00449478,0.39370080,0.00000000
6.00490278,0.39370080,-0.07874016
6.00531078,0.39370080,0.00000000
6.00571878,0.00000000,0.00000000
6.00612678,0.78740160,-0.07874016
6.00653478,0.00000000,-0.07874016
6.00694278,0.39370080,0.00000000
6.00735078,0.39370080,-0.07874016
6.00775878,0.39370080,-0.07874016
6.00816678,0.39370080,0.00000000
6.00857478,0.39370080,0.00000000
6.00898278,0.39370080,0.00000000
6.00939078,0.39370080,0.00000000
6.00979878,0.39370080,-0.07874016
6.01020678,0.00000000,0.00000000
6.01061478,0.39370080,0.00000000
6.01102278,0.39370080,-0.07874016
6.01143078,0.00000000,0.00000000
6.01183878,0.00000000,0.00000000
6.01224678,0.78740160,0.00000000
6.01265478,0.39370080,-0.07874016
6.01306278,0.78740160,0.00000000
6.01347078,0.39370080,-0.07874016
6.01387878,0.39370080,0.00000000
6.01428678,0.39370080,0.00000000
6.01469478,0.78740160,0.00000000
6.01510278,0.78740160,0.00000000
6.01551078,0.78740160,0.00000000
6.01591878,0.39370080,-0.07874016
6.01632678,0.78740160,-0.07874016
6.01673478,0.78740160,-0.07874016
6.01714278,0.39370080,0.00000000
6.01755078,0.78740160,-0.07874016
6.01795878,0.39370080,0.00000000
6.01836678,0.39370080,0.00000000
6.01877478,0.78740160,0.00000000
6.01918278,0.39370080,0.00000000
6.01959078,0.39370080,0.00000000
6.01999878,0.39370080,-0.07874016
6.02040678,0.39370080,0.00000000
6.02081478,0.39370080,0.00000000
6.02122278,0.39370080,0.00000000
6.02163078,0.78740160,0.00000000
6.02203878,0.78740160,0.00000000
6.02244678,0.78740160,0.00000000
6.02285478,0.39370080,0.00000000
6.02326278,0.78740160,-0.07874016
6.02367078,0.39370080,0.00000000
6.02407878,0.39370080,0.00000000
6.02448678,0.39370080,0.00000000
6.02489478,0.78740160,0.00000000
6.02530278,0.39370080,0.00000000
6.02571078,0.39370080,0.00000000
6.02611878,0.39370080,-0.07874016
6.02652678,0.39370080,0.00000000
6.02693478,0.39370080,0.00000000
6.02734278,0.78740160,-0.07874016
6.02775078,0.39370080,0.00000000
6.02815878,0.39370080,0.00000000
6.02856678,0.78740160,0.00000000
6.02897478,0.39370080,0.00000000
6.02938278,0.39370080,0.00000000
6.02979078,0.39370080,-0.07874016
6.03019878,0.00000000,0.00000000
6.03060678,0.39370080,0.00000000
6.03101478,0.39370080,0.00000000
6.03142278,0.39370080,0.00000000
6.03183078,0.00000000,0.00000000
6.03223878,0.39370080,-0.07874016
6.03264678,0.39370080,0.00000000
6.03305478,0.39370080,0.00000000
6.03346278,0.00000000,0.00000000
6.03387078,0.39370080,0.00000000
6.03427878,0.78740160,0.00000000
6.03468678,0.39370080,0.00000000
6.03509478,0.39370080,0.00000000
6.03550278,0.78740160,0.00000000
6.03591078,0.78740160,0.00000000
6.03631878,0.39370080,0.00000000
6.03672678,0.00000000,0.00000000
6.03713478,0.00000000,0.00000000
6.03754278,0.78740160,0.00000000
6.03795078,0.78740160,-0.07874016
6.03835878,0.00000000,0.00000000
6.03876678,0.39370080,-0.07874016
6.03917478,0.39370080,0.00000000
6.03958278,0.78740160,0.00000000
6.03999078,0.39370080,0.00000000
6.04039878,0.78740160,-0.07874016
6.04080678,0.39370080,0.00000000
6.04121478,0.39370080,0.00000000
6.04162278,1.18110200,0.00000000
6.04203078,0.78740160,0.00000000
6.04243878,0.78740160,0.00000000
6.04284678,0.39370080,-0.07874016
6.04325478,0.78740160,0.00000000
6.04366278,0.78740160,0.00000000
6.04407078,0.78740160,0.00000000
6.04447878,0.39370080,-0.07874016
6.04488678,0.39370080,0.00000000
6.04529478,0.78740160,-0.07874016
6.04570278,0.39370080,0.00000000
6.04611078,0.78740160,-0.07874016
6.04651878,0.78740160,0.00000000
6.04692678,0.39370080,0.00000000
6.04733478,0.39370080,-0.07874016
6.04774278,0.39370080,-0.07874016
6.04815078,0.39370080,0.00000000
6.04855878,0.78740160,-0.07874016
6.04896678,0.39370080,0.00000000
6.04937478,0.39370080,-0.07874016
6.04978278,0.39370080,0.00000000
6.05019078,0.78740160,0.00000000
6.05059878,0.39370080,0.00000000
6.05100678,0.39370080,-0.07874016
6.05141478,0.39370080,-0.07874016
6.05182278,0.39370080,0.00000000
6.05223078,0.39370080,0.00000000
6.05263878,0.39370080,0.00000000
6.05304678,0.39370080,0.00000000
6.05345478,0.39370080,-0.07874016
6.05386278,0.39370080,0.00000000
6.05427078,0.39370080,-0.07874016
6.05467878,0.39370080,0.00000000
6.05508678,0.39370080,-0.07874016
6.05549478,0.39370080,0.00000000
6.05590278,0.39370080,0.00000000
6.05631078,0.39370080,0.00000000
6.05671878,0.00000000,0.00000000
6.05712678,0.00000000,0.00000000
6.05753478,0.39370080,-0.07874016
6.05794278,0.00000000,0.00000000
6.05835078,0.39370080,-0.07874016
6.05875878,0.39370080,0.00000000
6.05916678,0.00000000,-0.07874016
6.05957478,0.39370080,0.00000000
6.05998278,0.39370080,-0.07874016
6.06039078,0.39370080,0.00000000
6.06079878,0.39370080,0.00000000
6.06120678,0.39370080,-0.07874016
6.06161478,0.00000000,0.00000000
6.06202278,0.78740160,0.00000000
6.06243078,0.39370080,0.00000000
6.06283877,0.39370080,0.00000000
6.06324677,0.39370080,-0.07874016
6.06365477,0.78740160,0.00000000
6.06406277,0.39370080,0.00000000
6.06447077,0.39370080,0.00000000
6.06487877,0.39370080,-0.07874016
6.06528677,0.39370080,-0.07874016
6.06569477,0.00000000,-0.07874016
6.06610277,0.78740160,0.00000000
6.06651077,0.78740160,-0.07874016
6.06691877,0.39370080,0.00000000
6.06732677,0.78740160,0.00000000
6.06773477,0.78740160,0.00000000
6.06814277,0.78740160,0.00000000
6.06855077,0.39370080,-0.07874016
6.06895877,0.39370080,-0.07874016
6.06936677,0.78740160,0.00000000
6.06977477,0.78740160,0.00000000
6.07018277,0.78740160,0.00000000
6.07059077,0.78740160,-0.07874016
6.07099877,0.39370080,0.00000000
6.07140677,0.78740160,0.00000000
6.07181477,0.78740160,0.00000000
6.07222277,0.78740160,-0.07874016
6.07263077,0.78740160,0.00000000
6.07303877,0.78740160,0.00000000
6.07344677,0.39370080,-0.07874016
6.07385477,0.78740160,0.00000000
6.07426277,0.39370080,0.00000000
6.07467077,0.78740160,0.00000000
6.07507877,0.78740160,0.00000000
6.07548677,0.39370080,0.00000000
6.07589477,0.39370080,0.00000000
6.07630277,0.78740160,0.00000000
6.07671077,0.00000000,0.00000000
6.07711877,0.78740160,0.00000000
6.07752677,0.39370080,0.00000000
6.07793477,0.39370080,0.00000000
6.07834277,0.39370080,-0.07874016
6.07875077,0.39370080,-0.07874016
6.07915877,0.39370080,0.00000000
6.07956677,0.78740160,-0.07874016
6.07997477,0.00000000,0.00000000
6.08038277,0.39370080,0.00000000
6.08079077,0.39370080,-0.07874016
6.08119877,0.39370080,0.00000000
6.08160677,0.39370080,0.00000000
6.08201477,0.39370080,0.00000000
6.08242277,0.00000000,0.00000000
6.08283077,0.39370080,0.00000000
6.08323877,0.00000000,0.00000000
6.08364677,0.39370080,0.00000000
6.08405477,0.39370080,0.00000000
6.08446277,0.39370080,0.00000000
6.08487077,0.39370080,0.00000000
6.08527877,0.00000000,0.00000000
6.08568677,0.39370080,0.00000000
6.08609477,0.39370080,0.00000000
6.08650277,0.39370080,0.00000000
6.08691077,0.39370080,0.00000000
6.08731877,0.39370080,-0.07874016
6.08772677,0.39370080,-0.07874016
6.08813477,0.39370080,0.00000000
6.08854277,0.39370080,0.00000000
6.08895077,0.39370080,0.00000000
6.08935877,0.39370080,0.00000000
6.08976677,0.39370080,0.00000000
6.09017477,0.78740160,0.00000000
6.09058277,0.39370080,0.00000000
6.09099077,0.78740160,0.00000000
6.09139877,0.78740160,0.00000000
6.09180677,0.78740160,0.00000000
6.09221477,0.78740160,0.00000000
6.09262277,0.39370080,0.00000000
6.09303077,0.78740160,0.00000000
6.09343877,0.78740160,-0.07874016
6.09384677,0.78740160,-0.07874016
6.09425477,0.78740160,-0.07874016
6.09466277,0.78740160,0.00000000
6.09507077,0.78740160,0.00000000
6.09547877,0.39370080,0.00000000
6.09588677,0.78740160,0.00000000
6.09629477,0.78740160,0.00000000
6.09670277,0.78740160,-0.07874016
6.09711077,0.78740160,-0.07874016
6.09751877,0.39370080,0.00000000
6.09792677,0.78740160,0.00000000
6.09833477,0.78740160,0.00000000
6.09874277,0.78740160,-0.07874016
6.09915077,0.78740160,-0.07874016
6.09955877,0.39370080,0.00000000
6.09996677,0.39370080,0.00000000
6.10037477,0.78740160,-0.07874016
6.10078277,0.78740160,0.00000000
6.10119077,0.78740160,0.00000000
6.10159877,0.39370080,0.00000000
6.10200677,0.39370080,0.00000000
6.10241477,0.78740160,0.00000000
6.10282277,0.39370080,0.00000000
6.10323077,0.39370080,0.00000000
6.10363877,0.39370080,0.00000000
6.10404677,0.39370080,0.00000000
6.10445477,0.39370080,0.00000000
6.10486277,0.78740160,0.00000000
6.10527077,0.39370080,0.00000000
6.10567877,0.39370080,0.00000000
6.10608677,0.39370080,0.00000000
6.10649477,0.39370080,0.00000000
6.10690277,0.39370080,0.00000000
6.10731077,0.39370080,-0.07874016
6.10771877,0.00000000,0.00000000
6.10812677,0.39370080,0.00000000
6.10853477,0.39370080,0.00000000
6.10894277,0.00000000,-0.07874016
6.10935077,0.39370080,0.00000000
6.10975877,0.00000000,-0.07874016
6.11016677,0.39370080,0.00000000
6.11057477,0.39370080,-0.07874016
6.11098277,0.00000000,-0.07874016
6.11139077,0.00000000,-0.07874016
6.11179877,0.00000000,0.00000000
6.11220677,0.39370080,-0.07874016
6.11261477,0.78740160,0.00000000
6.11302277,0.39370080,-0.07874016
6.11343077,0.39370080,0.00000000
6.11383877,0.39370080,-0.07874016
6.11424677,0.39370080,0.00000000
6.11465477,0.39370080,0.00000000
6.11506277,0.39370080,0.00000000
6.11547077,0.78740160,-0.07874016
6.11587877,0.39370080,0.00000000
6.11628677,0.78740160,0.00000000
6.11669477,0.78740160,-0.07874016
6.11710277,0.78740160,0.00000000
6.11751077,0.39370080,0.00000000
6.11791877,0.78740160,0.00000000
6.11832677,0.78740160,-0.07874016
6.11873477,0.78740160,0.00000000
6.11914277,0.78740160,0.00000000
6.11955077,0.78740160,0.00000000
6.11995877,0.78740160,0.00000000
6.12036677,0.78740160,-0.07874016
6.12077477,0.78740160,0.00000000
6.12118277,1.18110200,0.00000000
6.12159077,0.78740160,0.00000000
6.12199877,0.78740160,0.00000000
6.12240677,0.39370080,0.00000000
6.12281477,0.78740160,-0.07874016
6.12322277,0.78740160,0.00000000
6.12363077,0.78740160,0.00000000
6.12403877,0.39370080,-0.07874016
6.12444677,0.39370080,0.00000000
6.12485477,0.78740160,0.00000000
6.12526277,0.78740160,0.00000000
6.12567077,0.78740160,0.00000000
6.12607877,0.78740160,-0.07874016
6.12648677,0.78740160,0.00000000
6.12689477,0.78740160,0.00000000
6.12730277,0.78740160,0.00000000
6.12771077,0.78740160,0.00000000
6.12811877,0.39370080,0.00000000
6.12852677,0.39370080,-0.07874016
6.12893477,0.39370080,0.00000000
6.12934277,0.39370080,0.00000000
6.12975077,0.39370080,0.00000000
6.13015877,0.39370080,0.00000000
6.13056677,0.39370080,0.00000000
6.13097477,0.78740160,-0.07874016
6.13138277,0.00000000,0.00000000
6.13179077,0.39370080,0.00000000
6.13219877,0.39370080,0.00000000
6.13260677,0.39370080,-0.07874016
6.13301477,0.39370080,0.00000000
6.13342277,0.39370080,0.00000000
6.13383077,0.00000000,0.00000000
6.13423877,0.39370080,0.00000000
6.13464677,0.39370080,0.00000000
6.13505477,0.39370080,-0.07874016
6.13546277,0.39370080,0.00000000
6.13587077,0.39370080,-0.07874016
6.13627877,0.39370080,0.00000000
6.13668677,0.39370080,-0.07874016
6.13709477,0.00000000,0.00000000
6.13750277,0.39370080,0.00000000
6.13791077,0.39370080,0.00000000
6.13831877,0.39370080,-0.07874016
6.13872677,0.39370080,0.00000000
6.13913477,0.39370080,0.00000000
6.13954277,0.39370080,0.00000000
6.13995077,0.39370080,-0.07874016
6.14035877,0.39370080,0.00000000
6.14076677,0.39370080,0.00000000
6.14117477,0.78740160,0.00000000
6.14158277,0.39370080,0.00000000
6.14199077,0.39370080,0.00000000
6.14239877,0.39370080,0.00000000
6.14280677,0.39370080,0.00000000
6.14321477,0.78740160,0.00000000
6.14362277,0.39370080,0.00000000
6.14403077,0.78740160,-0.07874016
6.14443877,0.78740160,0.00000000
6.14484677,0.39370080,0.00000000
6.14525477,1.18110200,0.00000000
6.14566277,0.78740160,0.00000000
6.14607077,0.78740160,0.00000000
6.14647877,0.39370080,0.00000000
6.14688677,0.39370080,0.00000000
6.14729477,0.78740160,-0.07874016
6.14770277,0.78740160,0.00000000
6.14811077,0.39370080,0.00000000
6.14851877,0.78740160,0.00000000
6.14892677,0.78740160,0.00000000
6.14933477,0.78740160,0.00000000
6.14974277,0.78740160,-0.07874016
6.15015077,0.39370080,0.00000000
6.15055877,0.78740160,0.00000000
6.15096677,0.78740160,0.00000000
6.15137477,0.39370080,0.00000000
6.15178277,0.39370080,0.00000000
6.15219077,0.39370080,-0.07874016
6.15259877,0.39370080,0.00000000
6.15300677,0.39370080,0.00000000
6.15341477,0.39370080,0.00000000
6.15382277,0.78740160,0.00000000
6.15423077,0.39370080,0.00000000
6.15463877,0.39370080,0.00000000
6.15504677,0.39370080,-0.07874016
6.15545477,0.39370080,0.00000000
6.15586277,0.39370080,0.00000000
6.15627077,0.39370080,-0.07874016
6.15667877,0.00000000,0.00000000
6.15708677,0.39370080,0.00000000
6.15749477,0.39370080,0.00000000
6.15790277,0.39370080,0.00000000
6.15831077,0.00000000,0.00000000
6.15871877,0.39370080,-0.07874016
6.15912677,0.00000000,0.00000000
6.15953477,0.00000000,0.00000000
6.15994277,0.39370080,0.00000000
6.16035077,0.00000000,0.00000000
6.16075877,0.39370080,0.00000000
6.16116677,0.39370080,0.00000000
6.16157477,0.39370080,0.00000000
6.16198277,0.39370080,-0.07874016
6.16239077,0.00000000,0.00000000
6.16279877,0.39370080,-0.07874016
6.16320677,0.39370080,0.00000000
6.16361477,0.39370080,-0.07874016
6.16402277,0.39370080,0.00000000
6.16443077,0.78740160,-0.07874016
6.16483877,0.39370080,0.00000000
6.16524677,0.78740160,-0.07874016
6.16565477,0.78740160,0.00000000
6.16606277,0.78740160,0.00000000
6.16647077,0.39370080,0.00000000
6.16687877,0.39370080,0.00000000
6.16728677,0.39370080,0.00000000
6.16769477,0.39370080,-0.07874016
6.16810277,0.39370080,0.00000000
6.16851077,0.78740160,0.00000000
6.16891877,0.39370080,0.00000000
6.16932677,0.78740160,0.00000000
6.16973477,0.39370080,0.00000000
6.17014277,0.78740160,0.00000000
6.17055077,0.78740160,0.00000000
6.17095877,0.78740160,-0.07874016
6.17136677,0.78740160,0.00000000
6.17177477,0.78740160,0.00000000
6.17218277,0.78740160,0.00000000
6.17259077,0.78740160,-0.07874016
6.17299877,0.78740160,0.00000000
6.17340677,0.78740160,0.00000000
6.17381477,0.39370080,0.00000000
6.17422277,0.39370080,-0.07874016
6.17463077,0.78740160,0.00000000
6.17503877,0.39370080,0.00000000
6.17544677,0.39370080,0.00000000
6.17585477,0.78740160,0.00000000
6.17626277,0.39370080,0.00000000
6.17667077,0.39370080,-0.07874016
6.17707877,0.39370080,0.00000000
6.17748677,0.78740160,0.00000000
6.17789477,0.39370080,0.00000000
6.17830277,0.39370080,0.00000000
6.17871077,0.39370080,0.00000000
6.17911877,0.39370080,-0.07874016
6.17952677,0.39370080,0.00000000
6.17993477,0.39370080,0.00000000
6.18034277,0.39370080,0.00000000
6.18075077,0.39370080,0.00000000
6.18115877,0.39370080,0.00000000
6.18156677,0.39370080,-0.07874016
6.18197477,0.00000000,0.00000000
6.18238277,0.39370080,0.00000000
6.18279077,0.39370080,0.00000000
6.18319877,0.39370080,0.00000000
6.18360677,0.39370080,0.00000000
6.18401477,0.39370080,0.00000000
6.18442277,0.39370080,0.00000000
6.18483077,0.00000000,0.00000000
6.18523877,0.39370080,0.00000000
6.18564677,0.39370080,0.00000000
6.18605477,0.39370080,-0.07874016
6.18646277,0.00000000,0.00000000
6.18687077,0.78740160,0.00000000
6.18727877,0.00000000,0.00000000
6.18768677,0.39370080,0.00000000
6.18809477,0.39370080,0.00000000
6.18850277,0.39370080,0.00000000
6.18891077,0.39370080,0.00000000
6.18931877,0.39370080,0.00000000
6.18972677,0.39370080,0.00000000
6.19013477,0.39370080,0.00000000
6.19054277,0.78740160,0.00000000
6.19095077,0.78740160,0.00000000
6.19135877,0.78740160,0.00000000
6.19176677,0.78740160,0.00000000
6.19217477,0.78740160,0.00000000
6.19258277,0.39370080,0.00000000
6.19299077,0.78740160,0.00000000
6.19339877,0.78740160,0.00000000
6.19380677,1.18110200,0.00000000
6.19421477,0.78740160,0.00000000
6.19462277,0.78740160,0.00000000
6.19503077,0.78740160,0.00000000
6.19543877,1.18110200,-0.07874016
6.19584677,0.78740160,0.00000000
6.19625477,0.78740160,0.00000000
6.19666277,0.78740160,0.00000000
6.19707077,0.78740160,0.00000000
6.19747877,0.78740160,0.00000000
6.19788677,0.78740160,0.00000000
6.19829477,0.78740160,0.00000000
6.19870277,0.78740160,0.00000000
6.19911077,0.78740160,0.00000000
6.19951877,0.78740160,0.00000000
6.19992677,0.78740160,0.00000000
6.20033477,0.39370080,0.00000000
6.20074277,0.78740160,0.00000000
6.20115077,0.78740160,0.00000000
6.20155877,0.78740160,0.00000000
6.20196677,0.39370080,-0.07874016
6.20237477,0.39370080,0.00000000
6.20278277,0.78740160,0.00000000
6.20319077,0.39370080,0.00000000
6.20359877,0.39370080,0.00000000
6.20400677,0.39370080,0.00000000
6.20441477,0.39370080,0.00000000
6.20482277,0.00000000,0.00000000
6.20523077,0.00000000,0.00000000
6.20563877,0.00000000,0.00000000
6.20604677,0.00000000,0.00000000
6.20645477,0.00000000,0.00000000
6.20686277,0.39370080,-0.07874016
6.20727077,0.00000000,-0.07874016
6.20767877,0.00000000,0.00000000
6.20808677,0.39370080,0.00000000
6.20849477,0.39370080,-0.07874016
6.20890277,0.00000000,0.00000000
6.20931077,0.00000000,0.00000000
6.20971877,0.39370080,0.00000000
6.21012677,0.00000000,0.00000000
6.21053477,0.00000000,0.00000000
6.21094277,0.39370080,0.00000000
6.21135077,0.39370080,0.00000000
6.21175877,0.39370080,-0.07874016
6.21216677,0.00000000,-0.07874016
6.21257477,0.39370080,0.00000000
6.21298277,0.39370080,0.00000000
6.21339077,0.78740160,0.00000000
6.21379877,0.39370080,0.00000000
6.21420677,0.39370080,-0.07874016
6.21461477,0.39370080,-0.07874016
6.21502277,0.39370080,0.00000000
6.21543077,0.39370080,0.00000000
6.21583877,0.39370080,0.00000000
6.21624677,0.39370080,-0.07874016
6.21665477,0.39370080,0.00000000
6.21706277,0.78740160,-0.07874016
6.21747077,0.39370080,-0.07874016
6.21787877,0.78740160,0.00000000
6.21828677,0.78740160,0.00000000
6.21869477,0.78740160,0.00000000
6.21910277,1.18110200,0.00000000
6.21951077,0.78740160,0.00000000
6.21991877,0.78740160,-0.07874016
6.22032677,0.78740160,0.00000000
6.22073477,0.78740160,-0.07874016
6.22114277,0.78740160,0.00000000
6.22155077,1.18110200,0.00000000
6.22195877,0.78740160,-0.07874016
6.22236677,0.78740160,0.00000000
6.22277477,0.78740160,0.00000000
6.22318277,0.78740160,0.00000000
6.22359077,0.78740160,0.00000000
6.22399877,0.78740160,0.00000000
6.22440677,0.78740160,0.00000000
6.22481477,0.78740160,0.00000000
6.22522277,0.78740160,0.00000000
6.22563077,0.78740160,-0.07874016
6.22603877,0.78740160,0.00000000
6.22644677,0.78740160,-0.07874016
6.22685477,0.78740160,-0.07874016
6.22726277,0.78740160,0.00000000
6.22767077,0.39370080,-0.07874016
6.22807877,0.39370080,-0.07874016
6.22848677,0.39370080,0.00000000
6.22889477,0.39370080,0.00000000
6.22930277,0.39370080,0.00000000
6.22971077,0.00000000,0.00000000
6.23011877,0.39370080,-0.07874016
6.23052677,0.39370080,0.00000000
6.23093477,0.39370080,0.00000000
6.23134277,0.00000000,-0.07874016
6.23175077,0.39370080,0.00000000
6.23215877,0.39370080,0.00000000
6.23256677,0.39370080,0.00000000
6.23297477,0.00000000,-0.07874016
6.23338277,0.00000000,0.00000000
6.23379077,0.39370080,0.00000000
6.23419877,0.39370080,0.00000000
6.23460677,0.39370080,0.00000000
6.23501477,0.00000000,0.00000000
6.23542277,0.00000000,-0.07874016
6.23583077,0.39370080,0.00000000
6.23623877,0.39370080,0.00000000
6.23664677,0.78740160,0.00000000
6.23705477,0.39370080,0.00000000
6.23746277,0.39370080,0.00000000
6.23787077,0.39370080,0.00000000
6.23827877,0.39370080,0.00000000
6.23868677,0.00000000,0.00000000
6.23909477,0.78740160,0.00000000
6.23950276,0.39370080,-0.07874016
6.23991076,0.39370080,0.00000000
6.24031876,0.39370080,0.00000000
6.24072676,0.39370080,0.00000000
6.24113476,0.78740160,0.00000000
6.24154276,0.78740160,0.00000000
6.24195076,0.39370080,0.00000000
6.24235876,0.78740160,0.00000000
6.24276676,0.78740160,0.00000000
6.24317476,0.39370080,0.00000000
6.24358276,0.78740160,0.00000000
6.24399076,0.39370080,0.00000000
6.24439876,0.78740160,0.00000000
6.24480676,0.78740160,0.00000000
6.24521476,0.78740160,0.00000000
6.24562276,0.78740160,0.00000000
6.24603076,0.78740160,0.00000000
6.24643876,0.78740160,0.00000000
6.24684676,1.18110200,0.00000000
6.24725476,0.78740160,0.00000000
6.24766276,1.18110200,-0.07874016
6.24807076,0.78740160,0.00000000
6.24847876,1.18110200,-0.07874016
6.24888676,0.78740160,0.00000000
6.24929476,0.78740160,0.00000000
6.24970276,0.78740160,0.00000000
6.25011076,0.78740160,0.00000000
6.25051876,0.39370080,-0.07874016
6.25092676,0.39370080,0.00000000
6.25133476,0.78740160,0.00000000
6.25174276,0.78740160,-0.07874016
6.25215076,0.39370080,0.00000000
6.25255876,0.39370080,0.00000000
6.25296676,0.39370080,0.00000000
6.25337476,0.39370080,-0.07874016
6.25378276,0.39370080,0.00000000
6.25419076,0.00000000,0.00000000
6.25459876,0.00000000,0.00000000
6.25500676,0.39370080,0.00000000
6.25541476,0.00000000,0.00000000
6.25582276,0.39370080,0.00000000
6.25623076,0.39370080,0.00000000
6.25663876,0.00000000,0.00000000
6.25704676,0.00000000,0.00000000
6.25745476,0.39370080,0.00000000
6.25786276,0.00000000,0.00000000
6.25827076,0.00000000,-0.07874016
6.25867876,0.00000000,0.00000000
6.25908676,0.00000000,0.00000000
6.25949476,0.00000000,0.00000000
6.25990276,0.39370080,-0.07874016
6.26031076,0.00000000,0.00000000
6.26071876,0.39370080,0.00000000
6.26112676,0.39370080,-0.07874016
6.26153476,0.00000000,-0.07874016
6.26194276,0.39370080,-0.07874016
6.26235076,0.39370080,0.00000000
6.26275876,0.78740160,0.00000000
6.26316676,0.39370080,-0.07874016
6.26357476,0.78740160,0.00000000
6.26398276,0.39370080,-0.07874016
6.26439076,0.39370080,0.00000000
6.26479876,0.39370080,0.00000000
6.26520676,0.39370080,0.00000000
6.26561476,0.78740160,-0.07874016
6.26602276,0.39370080,0.00000000
6.26643076,0.78740160,0.00000000
6.26683876,0.78740160,0.00000000
6.26724676,0.78740160,0.00000000
6.26765476,0.78740160,0.00000000
6.26806276,0.78740160,-0.07874016
6.26847076,0.78740160,0.00000000
6.26887876,1.18110200,0.00000000
6.26928676,0.78740160,0.00000000
6.26969476,0.78740160,-0.07874016
6.27010276,1.18110200,0.00000000
6.27051076,0.39370080,-0.07874016
6.27091876,1.18110200,-0.07874016
6.27132676,0.78740160,0.00000000
6.27173476,0.78740160,0.00000000
6.27214276,1.18110200,0.00000000
6.27255076,1.18110200,0.00000000
6.27295876,0.78740160,0.00000000
6.27336676,0.78740160,0.00000000
6.27377476,0.78740160,0.00000000
6.27418276,0.78740160,0.00000000
6.27459076,0.78740160,-0.07874016
6.27499876,0.78740160,0.00000000
6.27540676,0.78740160,-0.07874016
6.27581476,0.39370080,0.00000000
6.27622276,0.39370080,0.00000000
6.27663076,0.78740160,0.00000000
6.27703876,0.78740160,-0.07874016
6.27744676,0.39370080,0.00000000
6.27785476,0.39370080,0.00000000
6.27826276,0.39370080,0.00000000
6.27867076,0.78740160,0.00000000
6.27907876,0.39370080,0.00000000
6.27948676,0.00000000,0.00000000
6.27989476,0.00000000,0.00000000
6.28030276,0.39370080,-0.07874016
6.28071076,0.00000000,0.00000000
6.28111876,0.00000000,0.00000000
6.28152676,0.39370080,0.00000000
6.28193476,0.39370080,0.00000000
6.28234276,0.00000000,0.00000000
6.28275076,0.39370080,0.00000000
6.28315876,0.00000000,0.00000000
6.28356676,0.00000000,-0.07874016
6.28397476,0.39370080,0.00000000
6.28438276,0.00000000,-0.07874016
6.28479076,0.00000000,0.00000000
6.28519876,0.39370080,-0.07874016
6.28560676,0.39370080,0.00000000
6.28601476,0.00000000,-0.07874016
6.28642276,0.00000000,0.00000000
6.28683076,0.78740160,-0.07874016
6.28723876,0.39370080,0.00000000
6.28764676,0.39370080,-0.07874016
6.28805476,0.78740160,0.00000000
6.28846276,0.39370080,0.00000000
6.28887076,0.78740160,0.00000000
6.28927876,0.39370080,0.00000000
6.28968676,0.39370080,0.00000000
6.29009476,0.39370080,0.00000000
6.29050276,0.39370080,0.00000000
6.29091076,0.78740160,-0.07874016
6.29131876,0.39370080,0.00000000
6.29172676,1.18110200,0.00000000
6.29213476,0.78740160,0.00000000
6.29254276,0.78740160,0.00000000
6.29295076,1.18110200,0.00000000
6.29335876,0.78740160,-0.07874016
6.29376676,0.78740160,0.00000000
6.29417476,1.18110200,0.00000000
6.29458276,0.78740160,0.00000000
6.29499076,1.18110200,0.00000000
6.29539876,0.78740160,0.00000000
6.29580676,0.78740160,-0.07874016
6.29621476,0.78740160,0.00000000
6.29662276,0.78740160,0.00000000
6.29703076,0.78740160,0.00000000
6.29743876,0.78740160,0.00000000
6.29784676,0.78740160,0.00000000
6.29825476,1.18110200,0.00000000
6.29866276,0.78740160,0.00000000
6.29907076,0.78740160,0.00000000
6.29947876,0.39370080,0.00000000
6.29988676,1.18110200,0.00000000
6.30029476,0.78740160,0.00000000
6.30070276,0.78740160,-0.07874016
6.30111076,0.78740160,-0.07874016
6.30151876,0.39370080,0.00000000
6.30192676,0.39370080,0.00000000
6.30233476,0.39370080,-0.07874016
6.30274276,0.39370080,0.00000000
6.30315076,0.39370080,-0.07874016
6.30355876,0.39370080,0.00000000
6.30396676,0.39370080,-0.07874016
6.30437476,0.39370080,0.00000000
6.30478276,0.00000000,0.00000000
6.30519076,0.39370080,0.00000000
6.30559876,0.00000000,0.00000000
6.30600676,0.00000000,0.00000000
6.30641476,0.00000000,0.00000000
6.30682276,0.00000000,-0.07874016
6.30723076,0.39370080,0.00000000
6.30763876,0.00000000,0.00000000
6.30804676,0.39370080,0.00000000
6.30845476,0.39370080,0.00000000
6.30886276,0.00000000,0.00000000
6.30927076,0.00000000,0.00000000
6.30967876,0.00000000,-0.07874016
6.31008676,0.39370080,0.00000000
6.31049476,0.00000000,-0.07874016
6.31090276,0.00000000,0.00000000
6.31131076,0.00000000,0.00000000
6.31171876,0.00000000,0.00000000
6.31212676,0.39370080,0.00000000
6.31253476,0.00000000,0.00000000
6.31294276,0.39370080,-0.07874016
6.31335076,0.39370080,-0.07874016
6.31375876,0.39370080,-0.07874016
6.31416676,0.39370080,0.00000000
6.31457476,0.39370080,0.00000000
6.31498276,0.39370080,0.00000000
6.31539076,0.78740160,0.00000000
6.31579876,0.78740160,0.00000000
6.31620676,0.78740160,0.00000000
6.31661476,0.78740160,0.00000000
6.31702276,0.78740160,-0.07874016
6.31743076,0.78740160,0.00000000
6.31783876,0.78740160,-0.07874016
6.31824676,0.78740160,0.00000000
6.31865476,0.78740160,0.00000000
6.31906276,1.18110200,0.00000000
6.31947076,0.78740160,0.00000000
6.31987876,0.78740160,0.00000000
6.32028676,0.78740160,0.00000000
6.32069476,0.78740160,0.00000000
6.32110276,1.18110200,-0.07874016
6.32151076,1.18110200,0.00000000
6.32191876,1.18110200,0.00000000
6.32232676,0.78740160,0.00000000
6.32273476,0.78740160,-0.07874016
6.32314276,1.18110200,0.00000000
6.32355076,0.78740160,0.00000000
6.32395876,0.78740160,0.00000000
6.32436676,0.78740160,0.00000000
6.32477476,0.78740160,0.00000000
6.32518276,0.78740160,0.00000000
6.32559076,0.39370080,0.00000000
6.32599876,0.78740160,0.00000000
6.32640676,0.39370080,0.00000000
6.32681476,0.39370080,-0.07874016
6.32722276,0.78740160,0.00000000
6.32763076,0.39370080,0.00000000
6.32803876,0.39370080,0.00000000
6.32844676,0.39370080,0.00000000
6.32885476,0.39370080,0.00000000
6.32926276,0.00000000,0.00000000
6.32967076,0.39370080,0.00000000
6.33007876,0.00000000,0.00000000
6.33048676,0.00000000,0.00000000
6.33089476,0.00000000,-0.07874016
6.33130276,0.00000000,0.00000000
6.33171076,0.00000000,0.00000000
6.33211876,0.00000000,0.00000000
6.33252676,0.00000000,0.00000000
6.33293476,0.39370080,0.00000000
6.33334276,0.00000000,0.00000000
6.33375076,0.00000000,0.00000000
6.33415876,0.00000000,0.00000000
6.33456676,0.00000000,0.00000000
6.33497476,0.00000000,-0.07874016
6.33538276,0.00000000,0.00000000
6.33579076,0.00000000,-0.07874016
6.33619876,0.39370080,0.00000000
6.33660676,0.39370080,0.00000000
6.33701476,0.00000000,0.00000000
6.33742276,0.39370080,0.00000000
6.33783076,0.39370080,0.00000000
6.33823876,0.39370080,-0.07874016
6.33864676,0.39370080,0.00000000
6.33905476,0.39370080,-0.07874016
6.33946276,0.39370080,0.00000000
6.33987076,0.78740160,0.00000000
6.34027876,0.39370080,0.00000000
6.34068676,0.78740160,0.00000000
6.34109476,0.78740160,0.00000000
6.34150276,1.18110200,0.00000000
6.34191076,0.78740160,0.00000000
6.34231876,0.78740160,0.00000000
6.34272676,0.78740160,0.00000000
6.34313476,0.78740160,0.00000000
6.34354276,1.18110200,-0.07874016
6.34395076,1.18110200,0.00000000
6.34435876,0.78740160,0.00000000
6.34476676,1.18110200,0.00000000
6.34517476,0.78740160,0.00000000
6.34558276,1.18110200,-0.07874016
6.34599076,0.78740160,0.00000000
6.34639876,1.18110200,0.00000000
6.34680676,0.78740160,-0.07874016
6.34721476,1.18110200,0.00000000
6.34762276,1.18110200,0.00000000
6.34803076,0.78740160,0.00000000
6.34843876,0.78740160,0.00000000
6.34884676,0.78740160,0.00000000
6.34925476,0.39370080,0.00000000
6.34966276,0.78740160,-0.07874016
6.35007076,0.39370080,0.00000000
6.35047876,0.78740160,-0.07874016
6.35088676,0.78740160,0.00000000
6.35129476,0.39370080,-0.07874016
6.35170276,0.39370080,0.00000000
6.35211076,0.78740160,0.00000000
6.35251876,0.39370080,0.00000000
6.35292676,0.39370080,0.00000000
6.35333476,0.39370080,0.00000000
6.35374276,0.39370080,0.00000000
6.35415076,0.00000000,0.00000000
6.35455876,0.00000000,-0.07874016
6.35496676,0.00000000,0.00000000
6.35537476,0.00000000,0.00000000
6.35578276,0.39370080,0.00000000
6.35619076,0.39370080,0.00000000
6.35659876,0.00000000,0.00000000
6.35700676,0.00000000,0.00000000
6.35741476,0.00000000,0.00000000
6.35782276,0.00000000,-0.07874016
6.35823076,0.00000000,0.00000000
6.35863876,0.00000000,0.00000000
6.35904676,0.00000000,0.00000000
6.35945476,0.39370080,0.00000000
6.35986276,0.00000000,0.00000000
6.36027076,0.00000000,-0.07874016
6.36067876,0.39370080,-0.07874016
6.36108676,0.00000000,0.00000000
6.36149476,0.00000000,-0.07874016
6.36190276,0.39370080,-0.07874016
6.36231076,0.39370080,0.00000000
6.36271876,0.39370080,0.00000000
6.36312676,0.39370080,0.00000000
6.36353476,0.78740160,-0.07874016
6.36394276,0.78740160,-0.07874016
6.36435076,0.39370080,0.00000000
6.36475876,0.78740160,0.00000000
6.36516676,0.78740160,0.00000000
6.36557476,0.39370080,0.00000000
6.36598276,0.78740160,0.00000000
6.36639076,0.78740160,0.00000000
6.36679876,0.78740160,0.00000000
6.36720676,1.18110200,0.00000000
6.36761476,0.78740160,0.00000000
6.36802276,1.18110200,0.00000000
6.36843076,1.18110200,0.00000000
6.36883876,1.18110200,0.00000000
6.36924676,1.18110200,0.00000000
6.36965476,0.78740160,0.00000000
6.37006276,1.18110200,-0.07874016
6.37047076,1.18110200,0.00000000
6.37087876,1.18110200,-0.07874016
6.37128676,0.78740160,0.00000000
6.37169476,1.18110200,0.00000000
6.37210276,0.78740160,0.00000000
6.37251076,0.78740160,-0.07874016
6.37291876,0.78740160,0.00000000
6.37332676,0.78740160,-0.07874016
6.37373476,0.78740160,0.00000000
6.37414276,0.39370080,0.00000000
6.37455076,0.78740160,0.00000000
6.37495876,0.39370080,0.00000000
6.37536676,0.78740160,0.00000000
6.37577476,0.39370080,-0.07874016
6.37618276,0.39370080,0.00000000
6.37659076,0.39370080,0.00000000
6.37699876,0.39370080,0.00000000
6.37740676,0.39370080,0.00000000
6.37781476,0.00000000,0.00000000
6.37822276,0.39370080,-0.07874016
6.37863076,0.39370080,0.00000000
6.37903876,0.00000000,-0.07874016
6.37944676,0.39370080,0.00000000
6.37985476,0.39370080,0.00000000
6.38026276,0.00000000,0.00000000
6.38067076,0.00000000,-0.07874016
6.38107876,0.00000000,0.00000000
6.38148676,0.00000000,0.00000000
6.38189476,0.00000000,0.00000000
6.38230276,0.00000000,0.00000000
6.38271076,0.00000000,0.00000000
6.38311876,0.00000000,0.00000000
6.38352676,0.39370080,0.00000000
6.38393476,0.00000000,0.00000000
6.38434276,0.00000000,0.00000000
6.38475076,0.39370080,0.00000000
6.38515876,0.00000000,0.00000000
6.38556676,0.39370080,0.00000000
6.38597476,0.00000000,0.00000000
6.38638276,0.39370080,0.00000000
6.38679076,0.78740160,0.00000000
6.38719876,0.00000000,0.00000000
6.38760676,0.00000000,0.00000000
6.38801476,0.39370080,0.00000000
6.38842276,0.39370080,0.00000000
6.38883076,0.39370080,0.00000000
6.38923876,0.39370080,0.00000000
6.38964676,0.78740160,-0.07874016
6.39005476,0.39370080,0.00000000
6.39046276,0.78740160,0.00000000
6.39087076,1.18110200,0.00000000
6.39127876,0.78740160,-0.07874016
6.39168676,0.78740160,0.00000000
6.39209476,0.78740160,-0.07874016
6.39250276,0.78740160,0.00000000
6.39291076,0.78740160,0.00000000
6.39331876,0.78740160,0.00000000
6.39372676,0.78740160,0.00000000
6.39413476,0.78740160,0.00000000
6.39454276,1.18110200,0.00000000
6.39495076,1.18110200,-0.07874016
6.39535876,0.78740160,0.00000000
6.39576676,0.78740160,0.00000000
6.39617476,0.78740160,0.00000000
6.39658276,0.78740160,0.00000000
6.39699076,1.18110200,-0.07874016
6.39739876,0.78740160,0.00000000
6.39780676,1.18110200,0.00000000
6.39821476,0.78740160,0.00000000
6.39862276,0.78740160,0.00000000
6.39903076,0.78740160,0.00000000
6.39943876,0.39370080,0.00000000
6.39984676,0.78740160,0.00000000
6.40025476,0.39370080,-0.07874016
6.40066276,0.78740160,-0.07874016
6.40107076,0.39370080,0.00000000
6.40147876,0.39370080,0.00000000
6.40188676,0.39370080,-0.07874016
6.40229476,0.39370080,0.00000000
6.40270276,0.39370080,0.00000000
6.40311076,0.39370080,0.00000000
6.40351876,0.39370080,-0.07874016
6.40392676,0.00000000,0.00000000
6.40433476,0.00000000,0.00000000
6.40474276,0.00000000,0.00000000
6.40515076,-0.39370080,0.00000000
6.40555876,0.00000000,0.00000000
6.40596676,0.00000000,0.00000000
6.40637476,0.00000000,0.00000000
6.40678276,0.00000000,0.00000000
6.40719076,0.00000000,0.00000000
6.40759876,0.00000000,-0.07874016
6.40800676,0.00000000,0.00000000
6.40841476,0.00000000,-0.07874016
6.40882276,0.39370080,0.00000000
6.40923076,0.00000000,0.00000000
6.40963876,0.00000000,0.00000000
6.41004676,0.00000000,-0.07874016
6.41045476,0.00000000,0.00000000
6.41086276,0.00000000,-0.07874016
6.41127076,0.00000000,0.00000000
6.41167876,0.39370080,0.00000000
6.41208676,0.39370080,0.00000000
6.41249476,0.39370080,0.00000000
6.41290276,0.39370080,0.00000000
6.41331076,0.78740160,-0.07874016
6.41371876,0.39370080,0.00000000
6.41412676,0.39370080,0.00000000
6.41453476,0.78740160,0.00000000
6.41494276,0.78740160,-0.07874016
6.41535076,0.78740160,0.00000000
6.41575876,0.78740160,0.00000000
6.41616676,0.78740160,0.00000000
6.41657475,1.18110200,0.00000000
6.41698275,0.78740160,0.00000000
6.41739075,1.18110200,0.00000000
6.41779875,1.18110200,0.00000000
6.41820675,1.18110200,0.00000000
6.41861475,1.18110200,0.00000000
6.41902275,1.18110200,0.00000000
6.41943075,0.78740160,-0.07874016
6.41983875,1.18110200,-0.07874016
6.42024675,1.18110200,0.00000000
6.42065475,1.57480300,0.00000000
6.42106275,1.18110200,0.00000000
6.42147075,0.78740160,-0.07874016
6.42187875,1.18110200,0.00000000
6.42228675,0.78740160,-0.07874016
6.42269475,0.78740160,0.00000000
6.42310275,0.78740160,0.00000000
6.42351075,0.78740160,0.00000000
6.42391875,0.78740160,0.00000000
6.42432675,0.78740160,0.00000000
6.42473475,0.78740160,0.00000000
6.42514275,0.39370080,0.00000000
6.42555075,0.78740160,-0.07874016
6.42595875,0.78740160,-0.07874016
6.42636675,0.39370080,-0.07874016
6.42677475,0.00000000,0.00000000
6.42718275,0.39370080,0.00000000
6.42759075,0.00000000,0.00000000
6.42799875,0.39370080,-0.07874016
6.42840675,0.00000000,0.00000000
6.42881475,0.39370080,0.00000000
6.42922275,0.00000000,0.00000000
6.42963075,0.00000000,-0.07874016
6.43003875,0.00000000,0.00000000
6.43044675,0.39370080,0.00000000
6.43085475,0.00000000,-0.07874016
6.43126275,0.00000000,-0.07874016
6.43167075,0.00000000,0.00000000
6.43207875,0.00000000,0.00000000
6.43248675,0.00000000,0.00000000
6.43289475,0.00000000,0.00000000
6.43330275,0.00000000,0.00000000
6.43371075,0.00000000,0.00000000
6.43411875,0.00000000,0.00000000
6.43452675,0.00000000,0.00000000
6.43493475,0.00000000,0.00000000
6.43534275,0.00000000,0.00000000
6.43575075,0.39370080,0.00000000
6.43615875,0.00000000,0.00000000
6.43656675,0.39370080,0.00000000
6.43697475,0.00000000,0.00000000
6.43738275,0.39370080,0.00000000
6.43779075,0.39370080,0.00000000
6.43819875,0.39370080,0.00000000
6.43860675,0.39370080,0.00000000
6.43901475,0.78740160,0.00000000
6.43942275,0.78740160,0.00000000
6.43983075,0.39370080,0.00000000
6.44023875,0.78740160,0.00000000
6.44064675,0.78740160,0.00000000
6.44105475,0.78740160,0.00000000
6.44146275,1.18110200,0.00000000
6.44187075,0.78740160,0.00000000
6.44227875,1.18110200,0.00000000
6.44268675,1.18110200,0.00000000
6.44309475,0.78740160,0.00000000
6.44350275,1.18110200,0.00000000
6.44391075,0.78740160,0.00000000
6.44431875,0.78740160,0.00000000
6.44472675,0.78740160,0.00000000
6.44513475,1.18110200,0.00000000
6.44554275,1.18110200,0.00000000
6.44595075,1.18110200,-0.07874016
6.44635875,0.78740160,0.00000000
6.44676675,1.18110200,0.00000000
6.44717475,0.78740160,0.00000000
6.44758275,0.78740160,-0.07874016
6.44799075,0.78740160,0.00000000
6.44839875,0.78740160,0.00000000
6.44880675,1.18110200,0.00000000
6.44921475,0.78740160,0.00000000
6.44962275,0.39370080,0.00000000
6.45003075,1.18110200,0.00000000
6.45043875,0.39370080,0.00000000
6.45084675,0.39370080,-0.07874016
6.45125475,0.39370080,0.00000000
6.45166275,0.39370080,0.00000000
6.45207075,0.00000000,0.00000000
6.45247875,0.39370080,0.00000000
6.45288675,0.39370080,0.00000000
6.45329475,0.39370080,0.00000000
6.45370275,0.39370080,0.00000000
6.45411075,0.00000000,0.00000000
6.45451875,0.00000000,0.00000000
6.45492675,0.00000000,-0.07874016
6.45533475,0.00000000,0.00000000
6.45574275,0.00000000,0.00000000
6.45615075,0.00000000,0.00000000
6.45655875,0.39370080,0.00000000
6.45696675,0.00000000,0.00000000
6.45737475,0.00000000,0.00000000
6.45778275,0.39370080,-0.07874016
6.45819075,0.39370080,0.00000000
6.45859875,0.00000000,0.00000000
6.45900675,0.00000000,0.00000000
6.45941475,0.00000000,0.00000000
6.45982275,0.00000000,0.00000000
6.46023075,0.00000000,0.00000000
6.46063875,0.00000000,0.00000000
6.46104675,0.00000000,0.00000000
6.46145475,0.39370080,-0.07874016
6.46186275,0.39370080,0.00000000
6.46227075,0.39370080,0.00000000
6.46267875,0.39370080,0.00000000
6.46308675,0.78740160,0.00000000
6.46349475,0.39370080,0.00000000
6.46390275,0.39370080,-0.07874016
6.46431075,0.39370080,0.00000000
6.46471875,0.78740160,-0.07874016
6.46512675,0.39370080,0.00000000
6.46553475,1.18110200,0.00000000
6.46594275,0.78740160,0.00000000
6.46635075,0.78740160,-0.07874016
6.46675875,0.78740160,0.00000000
6.46716675,0.78740160,-0.07874016
6.46757475,1.18110200,0.00000000
6.46798275,0.78740160,-0.07874016
6.46839075,0.78740160,0.00000000
6.46879875,0.78740160,0.00000000
6.46920675,1.18110200,0.00000000
6.46961475,1.18110200,0.00000000
6.47002275,1.18110200,0.00000000
6.47043075,1.18110200,0.00000000
6.47083875,0.78740160,0.00000000
6.47124675,1.18110200,0.00000000
6.47165475,0.78740160,0.00000000
6.47206275,1.18110200,-0.07874016
6.47247075,0.78740160,0.00000000
6.47287875,0.78740160,-0.07874016
6.47328675,0.78740160,0.00000000
6.47369475,0.78740160,0.00000000
6.47410275,0.39370080,-0.07874016
6.47451075,0.78740160,0.00000000
6.47491875,0.78740160,0.00000000
6.47532675,0.78740160,0.00000000
6.47573475,0.39370080,0.00000000
6.47614275,0.39370080,0.00000000
6.47655075,0.00000000,0.00000000
6.47695875,0.39370080,-0.07874016
6.47736675,0.00000000,0.00000000
6.47777475,0.39370080,-0.07874016
6.47818275,0.39370080,0.00000000
6.47859075,0.00000000,0.00000000
6.47899875,0.39370080,0.00000000
6.47940675,0.00000000,-0.07874016
6.47981475,0.00000000,0.00000000
6.48022275,0.00000000,-0.07874016
6.48063075,0.00000000,0.00000000
6.48103875,0.00000000,-0.07874016
6.48144675,0.00000000,-0.07874016
6.48185475,0.00000000,-0.07874016
6.48226275,0.00000000,-0.07874016
6.48267075,0.00000000,-0.07874016
6.48307875,0.00000000,0.00000000
6.48348675,0.00000000,0.00000000
6.48389475,0.00000000,0.00000000
6.48430275,-0.39370080,0.00000000
6.48471075,0.00000000,0.00000000
6.48511875,0.39370080,0.00000000
6.48552675,0.00000000,0.00000000
6.48593475,0.39370080,0.00000000
6.48634275,0.00000000,0.00000000
6.48675075,0.39370080,0.00000000
6.48715875,0.39370080,0.00000000
6.48756675,0.78740160,-0.07874016
6.48797475,0.39370080,0.00000000
6.48838275,0.78740160,0.00000000
6.48879075,0.78740160,0.00000000
6.48919875,0.39370080,0.00000000
6.48960675,0.39370080,0.00000000
6.49001475,0.78740160,0.00000000
6.49042275,0.39370080,0.00000000
6.49083075,0.78740160,-0.07874016
6.49123875,1.18110200,0.00000000
6.49164675,0.78740160,0.00000000
6.49205475,0.78740160,0.00000000
6.49246275,1.18110200,0.00000000
6.49287075,1.18110200,0.00000000
6.49327875,1.18110200,0.00000000
6.49368675,1.18110200,0.00000000
6.49409475,1.18110200,0.00000000
6.49450275,1.18110200,0.00000000
6.49491075,0.78740160,0.00000000
6.49531875,0.78740160,0.00000000
6.49572675,1.18110200,0.00000000
6.49613475,0.78740160,0.00000000
6.49654275,1.57480300,0.00000000
6.49695075,1.18110200,0.00000000
6.49735875,0.78740160,-0.07874016
6.49776675,0.78740160,0.00000000
6.49817475,0.39370080,0.00000000
6.49858275,0.39370080,0.00000000
6.49899075,0.78740160,0.00000000
6.49939875,0.78740160,0.00000000
6.49980675,0.78740160,0.00000000
6.50021475,0.39370080,0.00000000
6.50062275,0.39370080,0.00000000
6.50103075,0.39370080,0.00000000
6.50143875,0.39370080,0.00000000
6.50184675,0.39370080,0.00000000
6.50225475,0.00000000,-0.07874016
6.50266275,0.00000000,0.00000000
6.50307075,0.00000000,-0.07874016
6.50347875,0.00000000,0.00000000
6.50388675,0.00000000,-0.07874016
6.50429475,0.00000000,0.00000000
6.50470275,0.00000000,0.00000000
6.50511075,0.00000000,0.00000000
6.50551875,0.00000000,0.00000000
6.50592675,0.00000000,0.00000000
6.50633475,0.00000000,0.00000000
6.50674275,0.00000000,0.00000000
6.50715075,0.00000000,0.00000000
6.50755875,0.00000000,0.00000000
6.50796675,0.00000000,0.00000000
6.50837475,0.39370080,0.00000000
6.50878275,0.00000000,0.00000000
6.50919075,0.39370080,0.00000000
6.50959875,0.00000000,0.00000000
6.51000675,0.00000000,0.00000000
6.51041475,0.00000000,0.00000000
6.51082275,0.00000000,0.00000000
6.51123075,0.39370080,0.00000000
6.51163875,0.39370080,0.00000000
6.51204675,0.39370080,-0.07874016
6.51245475,0.00000000,0.00000000
6.51286275,0.78740160,0.00000000
6.51327075,0.39370080,0.00000000
6.51367875,0.39370080,0.00000000
6.51408675,1.18110200,0.00000000
6.51449475,0.39370080,0.00000000
6.51490275,0.78740160,0.00000000
6.51531075,1.18110200,0.00000000
6.51571875,0.78740160,0.00000000
6.51612675,0.78740160,-0.07874016
6.51653475,1.18110200,0.00000000
6.51694275,1.18110200,0.00000000
6.51735075,1.18110200,0.00000000
6.51775875,1.18110200,-0.07874016
6.51816675,1.18110200,0.00000000
6.51857475,1.18110200,0.00000000
6.51898275,0.78740160,0.00000000
6.51939075,1.18110200,0.00000000
6.51979875,1.18110200,-0.07874016
6.52020675,1.18110200,0.00000000
6.52061475,1.18110200,-0.07874016
6.52102275,1.18110200,0.00000000
6.52143075,0.78740160,0.00000000
6.52183875,1.18110200,-0.07874016
6.52224675,0.39370080,0.00000000
6.52265475,0.78740160,0.00000000
6.52306275,0.78740160,0.00000000
6.52347075,0.78740160,0.00000000
6.52387875,0.78740160,-0.07874016
6.52428675,0.78740160,-0.07874016
6.52469475,0.78740160,0.00000000
6.52510275,0.78740160,-0.07874016
6.52551075,0.39370080,0.00000000
6.52591875,0.39370080,0.00000000
6.52632675,0.39370080,0.00000000
6.52673475,0.00000000,-0.07874016
6.52714275,0.00000000,0.00000000
6.52755075,0.00000000,-0.07874016
6.52795875,0.00000000,-0.07874016
6.52836675,0.39370080,0.00000000
6.52877475,0.00000000,0.00000000
6.52918275,0.00000000,-0.07874016
6.52959075,0.00000000,0.00000000
6.52999875,0.00000000,-0.07874016
6.53040675,-0.39370080,0.00000000
6.53081475,0.00000000,-0.07874016
6.53122275,0.00000000,0.00000000
6.53163075,0.00000000,0.00000000
6.53203875,0.00000000,0.00000000
6.53244675,0.00000000,0.00000000
6.53285475,0.00000000,0.00000000
6.53326275,0.00000000,0.00000000
6.53367075,0.00000000,-0.07874016
6.53407875,0.00000000,0.00000000
6.53448675,0.00000000,0.00000000
6.53489475,0.00000000,-0.07874016
6.53530275,0.39370080,0.00000000
6.53571075,0.00000000,-0.07874016
6.53611875,0.00000000,0.00000000
6.53652675,0.39370080,-0.07874016
6.53693475,0.78740160,0.00000000
6.53734275,0.39370080,0.00000000
6.53775075,0.39370080,0.00000000
6.53815875,0.78740160,-0.07874016
6.53856675,0.78740160,-0.07874016
6.53897475,0.78740160,0.00000000
6.53938275,0.78740160,0.00000000
6.53979075,0.39370080,-0.07874016
6.54019875,0.78740160,-0.07874016
6.54060675,0.78740160,-0.07874016
6.54101475,1.18110200,0.00000000
6.54142275,1.18110200,-0.07874016
6.54183075,0.78740160,0.00000000
6.54223875,1.18110200,-0.07874016
6.54264675,1.18110200,0.00000000
6.54305475,1.18110200,0.00000000
6.54346275,1.18110200,0.00000000
6.54387075,1.18110200,-0.07874016
6.54427875,1.18110200,0.00000000
6.54468675,1.18110200,0.00000000
6.54509475,1.18110200,0.00000000
6.54550275,1.18110200,0.00000000
6.54591075,1.18110200,0.00000000
6.54631875,0.78740160,0.00000000
6.54672675,0.78740160,0.00000000
6.54713475,0.78740160,0.00000000
6.54754275,0.78740160,0.00000000
6.54795075,0.78740160,0.00000000
6.54835875,0.78740160,0.00000000
6.54876675,0.39370080,-0.07874016
6.54917475,0.78740160,0.00000000
6.54958275,0.39370080,0.00000000
6.54999075,0.39370080,0.00000000
6.55039875,0.39370080,0.00000000
6.55080675,0.39370080,0.00000000
6.55121475,0.78740160,0.00000000
6.55162275,0.39370080,0.00000000
6.55203075,0.00000000,0.00000000
6.55243875,0.39370080,0.00000000
6.55284675,0.39370080,-0.07874016
6.55325475,0.39370080,0.00000000
6.55366275,0.39370080,0.00000000
6.55407075,0.00000000,0.00000000
6.55447875,0.00000000,0.00000000
6.55488675,0.00000000,-0.07874016
6.55529475,0.00000000,-0.07874016
6.55570275,-0.39370080,0.00000000
6.55611075,0.00000000,0.00000000
6.55651875,0.00000000,0.00000000
6.55692675,0.00000000,0.00000000
6.55733475,-0.39370080,0.00000000
6.55774275,0.00000000,0.00000000
6.55815075,0.00000000,0.00000000
6.55855875,0.39370080,0.00000000
6.55896675,0.39370080,0.00000000
6.55937475,0.00000000,0.00000000
6.55978275,0.00000000,0.00000000
6.56019075,0.39370080,0.00000000
6.56059875,0.00000000,0.00000000
6.56100675,0.39370080,0.00000000
6.56141475,0.39370080,0.00000000
6.56182275,0.00000000,0.00000000
6.56223075,0.39370080,0.00000000
6.56263875,0.39370080,0.00000000
6.56304675,0.39370080,0.00000000
6.56345475,0.39370080,-0.07874016
6.56386275,0.39370080,0.00000000
6.56427075,0.78740160,-0.07874016
6.56467875,0.78740160,0.00000000
6.56508675,1.18110200,-0.07874016
6.56549475,0.78740160,0.00000000
6.56590275,0.78740160,-0.07874016
6.56631075,1.18110200,0.00000000
6.56671875,0.39370080,0.00000000
6.56712675,0.78740160,0.00000000
6.56753475,0.78740160,0.00000000
6.56794275,0.78740160,0.00000000
6.56835075,1.18110200,0.00000000
6.56875875,1.18110200,0.00000000
6.56916675,1.18110200,0.00000000
6.56957475,1.18110200,0.00000000
6.56998275,1.18110200,0.00000000
6.57039075,1.18110200,0.00000000
6.57079875,1.18110200,-0.07874016
6.57120675,1.18110200,0.00000000
6.57161475,1.18110200,0.00000000
6.57202275,1.18110200,0.00000000
6.57243075,1.18110200,0.00000000
6.57283875,0.78740160,0.00000000
6.57324675,0.78740160,0.00000000
6.57365475,0.78740160,0.00000000
6.57406275,0.78740160,0.00000000
6.57447075,0.39370080,0.00000000
6.57487875,0.78740160,-0.07874016
6.57528675,0.78740160,0.00000000
6.57569475,0.39370080,-0.07874016
6.57610275,0.00000000,0.00000000
6.57651075,0.00000000,0.00000000
6.57691875,0.39370080,-0.07874016
6.57732675,0.39370080,0.00000000
6.57773475,0.00000000,0.00000000
6.57814275,0.00000000,-0.07874016
6.57855075,0.00000000,-0.07874016
6.57895875,0.39370080,0.00000000
6.57936675,0.00000000,0.00000000
6.57977475,0.00000000,0.00000000
6.58018275,0.00000000,-0.07874016
6.58059075,0.00000000,0.00000000
6.58099875,-0.39370080,-0.07874016
6.58140675,0.00000000,-0.07874016
6.58181475,0.00000000,0.00000000
6.58222275,0.39370080,0.00000000
6.58263075,0.00000000,0.00000000
6.58303875,0.00000000,0.00000000
6.58344675,0.00000000,-0.07874016
6.58385475,0.00000000,0.00000000
6.58426275,0.00000000,0.00000000
6.58467075,0.00000000,0.00000000
6.58507875,0.39370080,0.00000000
6.58548675,0.00000000,0.00000000
6.58589475,0.39370080,0.00000000
6.58630275,0.39370080,-0.07874016
6.58671075,0.39370080,0.00000000
6.58711875,0.78740160,0.00000000
6.58752675,0.39370080,-0.07874016
6.58793475,0.39370080,-0.07874016
6.58834275,0.39370080,0.00000000
6.58875075,0.39370080,0.00000000
6.58915875,0.39370080,0.00000000
6.58956675,0.78740160,0.00000000
6.58997475,0.78740160,0.00000000
6.59038275,0.78740160,-0.07874016
6.59079075,1.18110200,0.00000000
6.59119875,0.78740160,-0.07874016
6.59160675,1.18110200,0.00000000
6.59201475,1.18110200,0.00000000
6.59242275,0.78740160,0.00000000
6.59283075,1.18110200,-0.07874016
6.59323874,0.78740160,-0.07874016
6.59364674,1.18110200,-0.07874016
6.59405474,1.18110200,0.00000000
6.59446274,1.18110200,0.00000000
6.59487074,1.18110200,0.00000000
6.59527874,0.78740160,-0.07874016
6.59568674,0.78740160,0.00000000
6.59609474,1.18110200,0.00000000
6.59650274,0.78740160,0.00000000
6.59691074,0.78740160,0.00000000
6.59731874,0.78740160,0.00000000
6.59772674,0.78740160,0.00000000
6.59813474,0.78740160,-0.07874016
6.59854274,1.18110200,0.00000000
6.59895074,0.78740160,0.00000000
6.59935874,0.78740160,0.00000000
6.59976674,0.39370080,0.00000000
6.60017474,0.78740160,-0.07874016
6.60058274,0.78740160,0.00000000
6.60099074,0.39370080,0.00000000
6.60139874,0.00000000,0.00000000
6.60180674,0.39370080,0.00000000
6.60221474,0.00000000,0.00000000
6.60262274,0.39370080,0.00000000
6.60303074,0.39370080,0.00000000
6.60343874,0.00000000,0.00000000
6.60384674,0.39370080,0.00000000
6.60425474,0.00000000,0.00000000
6.60466274,-0.39370080,0.00000000
6.60507074,0.00000000,0.00000000
6.60547874,-0.39370080,0.00000000
6.60588674,0.00000000,-0.07874016
6.60629474,0.00000000,0.00000000
6.60670274,0.00000000,0.00000000
6.60711074,0.00000000,0.00000000
6.60751874,0.00000000,-0.07874016
6.60792674,0.00000000,0.00000000
6.60833474,0.00000000,0.00000000
6.60874274,0.00000000,0.00000000
6.60915074,0.00000000,0.00000000
6.60955874,0.00000000,0.00000000
6.60996674,0.00000000,0.00000000
6.61037474,0.00000000,0.00000000
6.61078274,0.39370080,0.00000000
6.61119074,0.39370080,0.00000000
6.61159874,0.39370080,0.00000000
6.61200674,0.39370080,0.00000000
6.61241474,0.78740160,-0.07874016
6.61282274,0.78740160,0.00000000
6.61323074,0.39370080,0.00000000
6.61363874,0.78740160,0.00000000
6.61404674,0.78740160,0.00000000
6.61445474,1.18110200,-0.07874016
6.61486274,0.78740160,-0.07874016
6.61527074,0.78740160,0.00000000
6.61567874,1.18110200,0.00000000
6.61608674,1.18110200,0.00000000
6.61649474,0.78740160,0.00000000
6.61690274,1.18110200,0.00000000
6.61731074,0.78740160,0.00000000
6.61771874,1.18110200,0.00000000
6.61812674,1.18110200,0.00000000
6.61853474,0.78740160,0.00000000
6.61894274,1.18110200,0.00000000
6.61935074,1.18110200,0.00000000
6.61975874,1.18110200,-0.07874016
6.62016674,0.78740160,-0.07874016
6.62057474,1.18110200,0.00000000
6.62098274,1.18110200,0.00000000
6.62139074,1.18110200,-0.07874016
6.62179874,1.18110200,0.00000000
6.62220674,0.78740160,-0.07874016
6.62261474,0.78740160,0.00000000
6.62302274,1.18110200,-0.07874016
6.62343074,0.39370080,0.00000000
6.62383874,1.18110200,0.00000000
6.62424674,0.78740160,0.00000000
6.62465474,0.78740160,0.00000000
6.62506274,0.39370080,-0.07874016
6.62547074,0.39370080,0.00000000
6.62587874,0.39370080,-0.07874016
6.62628674,0.39370080,-0.07874016
6.62669474,0.39370080,0.00000000
6.62710274,0.39370080,0.00000000
6.62751074,0.00000000,0.00000000
6.62791874,0.00000000,0.00000000
6.62832674,0.00000000,0.00000000
6.62873474,0.39370080,0.00000000
6.62914274,0.00000000,0.00000000
6.62955074,0.00000000,0.00000000
6.62995874,0.00000000,0.00000000
6.63036674,0.39370080,-0.07874016
6.63077474,-0.39370080,0.00000000
6.63118274,0.00000000,0.00000000
6.63159074,0.00000000,0.00000000
6.63199874,0.00000000,0.00000000
6.63240674,0.00000000,0.00000000
6.63281474,0.00000000,0.00000000
6.63322274,0.39370080,0.00000000
6.63363074,0.00000000,0.00000000
6.63403874,0.00000000,-0.07874016
6.63444674,0.00000000,-0.07874016
6.63485474,0.39370080,-0.07874016
6.63526274,0.39370080,-0.07874016
6.63567074,0.00000000,0.00000000
6.63607874,0.39370080,-0.07874016
6.63648674,0.39370080,0.00000000
6.63689474,0.78740160,0.00000000
6.63730274,0.39370080,0.00000000
6.63771074,0.39370080,0.00000000
6.63811874,0.39370080,0.00000000
6.63852674,0.78740160,-0.07874016
6.63893474,0.39370080,-0.07874016
6.63934274,0.39370080,0.00000000
6.63975074,0.78740160,0.00000000
6.64015874,0.78740160,-0.07874016
6.64056674,0.78740160,-0.07874016
6.64097474,1.18110200,-0.07874016
6.64138274,0.78740160,0.00000000
6.64179074,1.18110200,0.00000000
6.64219874,1.18110200,0.00000000
6.64260674,0.78740160,0.00000000
6.64301474,1.18110200,0.00000000
6.64342274,1.18110200,-0.07874016
6.64383074,1.18110200,0.00000000
6.64423874,1.18110200,-0.07874016
6.64464674,0.78740160,0.00000000
6.64505474,0.78740160,-0.07874016
6.64546274,0.78740160,0.00000000
6.64587074,0.78740160,-0.07874016
6.64627874,0.78740160,0.00000000
6.64668674,0.78740160,0.00000000
6.64709474,0.78740160,0.00000000
6.64750274,0.78740160,0.00000000
6.64791074,0.39370080,0.00000000
6.64831874,0.78740160,0.00000000
6.64872674,0.78740160,0.00000000
6.64913474,0.78740160,0.00000000
6.64954274,0.39370080,-0.07874016
6.64995074,0.78740160,-0.07874016
6.65035874,0.39370080,0.00000000
6.65076674,0.39370080,0.00000000
6.65117474,0.00000000,0.00000000
6.65158274,0.39370080,-0.07874016
6.65199074,0.39370080,0.00000000
6.65239874,0.00000000,0.00000000
6.65280674,0.00000000,0.00000000
6.65321474,0.00000000,0.00000000
6.65362274,0.00000000,0.00000000
6.65403074,0.00000000,0.00000000
6.65443874,-0.39370080,0.00000000
6.65484674,0.00000000,0.00000000
6.65525474,0.00000000,-0.07874016
6.65566274,0.00000000,-0.07874016
6.65607074,0.00000000,0.00000000
6.65647874,0.00000000,0.00000000
6.65688674,-0.39370080,0.00000000
6.65729474,0.00000000,0.00000000
6.65770274,-0.39370080,0.00000000
6.65811074,-0.39370080,-0.07874016
6.65851874,0.00000000,0.00000000
6.65892674,0.00000000,-0.07874016
6.65933474,0.00000000,0.00000000
6.65974274,0.39370080,-0.07874016
6.66015074,0.00000000,0.00000000
6.66055874,0.39370080,0.00000000
6.66096674,0.00000000,0.00000000
6.66137474,0.39370080,-0.07874016
6.66178274,0.39370080,0.00000000
6.66219074,0.39370080,0.00000000
6.66259874,0.39370080,0.00000000
6.66300674,0.39370080,0.00000000
6.66341474,0.39370080,0.00000000
6.66382274,0.78740160,0.00000000
6.66423074,0.39370080,0.00000000
6.66463874,0.78740160,0.00000000
6.66504674,0.78740160,0.00000000
6.66545474,1.18110200,0.00000000
6.66586274,1.18110200,0.00000000
6.66627074,1.18110200,-0.07874016
6.66667874,0.78740160,-0.07874016
6.66708674,1.18110200,-0.07874016
6.66749474,1.18110200,0.00000000
6.66790274,1.18110200,0.00000000
6.66831074,0.78740160,0.00000000
6.66871874,1.18110200,-0.07874016
6.66912674,0.78740160,0.00000000
6.66953474,1.18110200,0.00000000
6.66994274,1.18110200,0.00000000
6.67035074,1.18110200,0.00000000
6.67075874,0.39370080,0.00000000
6.67116674,0.78740160,-0.07874016
6.67157474,1.18110200,0.00000000
6.67198274,0.78740160,0.00000000
6.67239074,1.18110200,0.00000000
6.67279874,1.18110200,-0.07874016
6.67320674,0.78740160,0.00000000
6.67361474,0.78740160,0.00000000
6.67402274,0.78740160,0.00000000
6.67443074,0.78740160,0.00000000
6.67483874,0.39370080,0.00000000
6.67524674,0.78740160,-0.07874016
6.67565474,0.00000000,0.00000000
6.67606274,0.39370080,-0.07874016
6.67647074,0.00000000,0.00000000
6.67687874,0.39370080,-0.07874016
6.67728674,0.39370080,0.00000000
6.67769474,0.00000000,-0.07874016
6.67810274,0.00000000,0.00000000
6.67851074,0.00000000,-0.07874016
6.67891874,0.00000000,0.00000000
6.67932674,0.39370080,0.00000000
6.67973474,0.00000000,-0.07874016
6.68014274,0.00000000,-0.07874016
6.68055074,0.00000000,0.00000000
6.68095874,0.00000000,0.00000000
6.68136674,0.00000000,0.00000000
6.68177474,0.00000000,0.00000000
6.68218274,0.00000000,0.00000000
6.68259074,0.00000000,-0.07874016
6.68299874,0.00000000,-0.07874016
6.68340674,0.00000000,-0.07874016
6.68381474,0.00000000,-0.07874016
6.68422274,0.39370080,0.00000000
6.68463074,0.39370080,0.00000000
6.68503874,0.00000000,0.00000000
6.68544674,0.00000000,0.00000000
6.68585474,0.39370080,0.00000000
6.68626274,0.00000000,-0.07874016
6.68667074,0.39370080,0.00000000
6.68707874,0.39370080,0.00000000
6.68748674,0.39370080,0.00000000
6.68789474,0.78740160,0.00000000
6.68830274,0.78740160,-0.07874016
6.68871074,0.78740160,0.00000000
6.68911874,0.78740160,0.00000000
6.68952674,0.78740160,0.00000000
6.68993474,1.18110200,0.00000000
6.69034274,0.78740160,0.00000000
6.69075074,1.18110200,0.00000000
6.69115874,0.78740160,0.00000000
6.69156674,0.78740160,0.00000000
6.69197474,0.78740160,0.00000000
6.69238274,1.18110200,-0.07874016
6.69279074,1.18110200,-0.07874016
6.69319874,0.78740160,-0.07874016
6.69360674,0.78740160,0.00000000
6.69401474,1.18110200,0.00000000
6.69442274,1.18110200,0.00000000
6.69483074,1.18110200,-0.07874016
6.69523874,0.78740160,0.00000000
6.69564674,1.18110200,0.00000000
6.69605474,0.78740160,-0.07874016
6.69646274,0.78740160,0.00000000
6.69687074,0.78740160,0.00000000
6.69727874,0.78740160,0.00000000
6.69768674,0.78740160,0.00000000
6.69809474,0.78740160,0.00000000
6.69850274,0.78740160,-0.07874016
6.69891074,0.78740160,0.00000000
6.69931874,0.39370080,0.00000000
6.69972674,0.39370080,0.00000000
6.70013474,0.78740160,0.00000000
6.70054274,0.00000000,0.00000000
6.70095074,0.39370080,0.00000000
6.70135874,0.00000000,-0.07874016
6.70176674,0.39370080,0.00000000
6.70217474,0.39370080,0.00000000
6.70258274,0.00000000,0.00000000
6.70299074,0.00000000,0.00000000
6.70339874,0.00000000,0.00000000
6.70380674,0.00000000,0.00000000
6.70421474,0.00000000,-0.07874016
6.70462274,0.00000000,0.00000000
6.70503074,0.00000000,0.00000000
6.70543874,0.00000000,0.00000000
6.70584674,0.00000000,0.00000000
6.70625474,0.00000000,0.00000000
6.70666274,0.00000000,0.00000000
6.70707074,0.00000000,0.00000000
6.70747874,0.39370080,0.00000000
6.70788674,0.00000000,0.00000000
6.70829474,0.00000000,0.00000000
6.70870274,0.00000000,0.00000000
6.70911074,0.00000000,0.00000000
6.70951874,0.00000000,0.00000000
6.70992674,0.00000000,0.00000000
6.71033474,0.39370080,0.00000000
6.71074274,0.78740160,0.00000000
6.71115074,0.39370080,0.00000000
6.71155874,0.00000000,0.00000000
6.71196674,0.00000000,0.00000000
6.71237474,0.78740160,0.00000000
6.71278274,0.39370080,0.00000000
6.71319074,0.78740160,0.00000000
6.71359874,0.39370080,0.00000000
6.71400674,0.39370080,0.00000000
6.71441474,0.39370080,0.00000000
6.71482274,0.78740160,-0.07874016
6.71523074,0.78740160,0.00000000
6.71563874,1.18110200,0.00000000
6.71604674,0.78740160,0.00000000
6.71645474,0.78740160,0.00000000
6.71686274,0.78740160,0.00000000
6.71727074,0.78740160,0.00000000
6.71767874,0.78740160,0.00000000
6.71808674,1.18110200,0.00000000
6.71849474,1.18110200,-0.07874016
6.71890274,0.78740160,0.00000000
6.71931074,0.78740160,0.00000000
6.71971874,1.18110200,0.00000000
6.72012674,1.18110200,0.00000000
6.72053474,1.18110200,0.00000000
6.72094274,1.57480300,0.00000000
6.72135074,0.39370080,0.00000000
6.72175874,1.18110200,-0.07874016
6.72216674,1.18110200,0.00000000
6.72257474,0.78740160,0.00000000
6.72298274,0.78740160,0.00000000
6.72339074,0.78740160,-0.07874016
6.72379874,0.78740160,0.00000000
6.72420674,0.78740160,0.00000000
6.72461474,0.39370080,0.00000000
6.72502274,0.78740160,0.00000000
6.72543074,0.39370080,0.00000000
6.72583874,0.39370080,0.00000000
6.72624674,0.00000000,0.00000000
6.72665474,0.00000000,-0.07874016
6.72706274,0.00000000,0.00000000
6.72747074,0.00000000,0.00000000
6.72787874,0.39370080,0.00000000
6.72828674,0.00000000,0.00000000
6.72869474,0.00000000,0.00000000
6.72910274,0.39370080,0.00000000
6.72951074,0.00000000,0.00000000
6.72991874,0.00000000,0.00000000
6.73032674,0.00000000,-0.07874016
6.73073474,0.00000000,0.00000000
6.73114274,0.00000000,0.00000000
6.73155074,0.00000000,-0.07874016
6.73195874,0.00000000,0.00000000
6.73236674,0.00000000,0.00000000
6.73277474,0.00000000,0.00000000
6.73318274,0.00000000,-0.07874016
6.73359074,0.00000000,0.00000000
6.73399874,0.00000000,-0.07874016
6.73440674,0.00000000,0.00000000
6.73481474,0.00000000,0.00000000
6.73522274,0.39370080,0.00000000
6.73563074,0.00000000,0.00000000
6.73603874,0.39370080,0.00000000
6.73644674,0.39370080,0.00000000
6.73685474,0.39370080,0.00000000
6.73726274,0.39370080,0.00000000
6.73767074,0.39370080,0.00000000
6.73807874,0.78740160,0.00000000
6.73848674,0.78740160,0.00000000
6.73889474,0.78740160,0.00000000
6.73930274,0.39370080,0.00000000
6.73971074,0.39370080,0.00000000
6.74011874,0.78740160,-0.07874016
6.74052674,0.78740160,-0.07874016
6.74093474,1.18110200,0.00000000
6.74134274,0.78740160,-0.07874016
6.74175074,0.78740160,0.00000000
6.74215874,1.18110200,-0.07874016
6.74256674,1.18110200,0.00000000
6.74297474,1.57480300,0.00000000
6.74338274,0.39370080,-0.07874016
6.74379074,1.18110200,0.00000000
6.74419874,1.18110200,0.00000000
6.74460674,1.18110200,0.00000000
6.74501474,0.78740160,0.00000000
6.74542274,0.78740160,0.00000000
6.74583074,0.78740160,0.00000000
6.74623874,1.18110200,0.00000000
6.74664674,1.18110200,0.00000000
6.74705474,0.78740160,0.00000000
6.74746274,0.78740160,0.00000000
6.74787074,0.78740160,0.00000000
6.74827874,0.78740160,0.00000000
6.74868674,0.78740160,0.00000000
6.74909474,0.39370080,0.00000000
6.74950274,0.78740160,0.00000000
6.74991074,0.39370080,0.00000000
6.75031874,0.39370080,0.00000000
6.75072674,0.39370080,0.00000000
6.75113474,0.39370080,-0.07874016
6.75154274,0.39370080,0.00000000
6.75195074,0.39370080,0.00000000
6.75235874,0.00000000,0.00000000
6.75276674,0.00000000,0.00000000
6.75317474,0.39370080,0.00000000
6.75358274,0.00000000,0.00000000
6.75399074,0.00000000,-0.07874016
6.75439874,0.00000000,-0.07874016
6.75480674,0.00000000,0.00000000
6.75521474,0.39370080,-0.07874016
6.75562274,0.00000000,0.00000000
6.75603074,0.00000000,0.00000000
6.75643874,0.00000000,0.00000000
6.75684674,-0.39370080,0.00000000
6.75725474,0.00000000,0.00000000
6.75766274,0.00000000,0.00000000
6.75807074,0.00000000,0.00000000
6.75847874,0.00000000,0.00000000
6.75888674,0.00000000,0.00000000
6.75929474,0.00000000,0.00000000
6.75970274,0.39370080,0.00000000
6.76011074,0.39370080,0.00000000
6.76051874,0.00000000,0.00000000
6.76092674,0.39370080,0.00000000
6.76133474,0.00000000,0.00000000
6.76174274,0.39370080,-0.07874016
6.76215074,0.00000000,0.00000000
6.76255874,0.39370080,0.00000000
6.76296674,0.39370080,0.00000000
6.76337474,0.39370080,0.00000000
6.76378274,0.78740160,0.00000000
6.76419074,0.39370080,0.00000000
6.76459874,0.78740160,0.00000000
6.76500674,0.78740160,0.00000000
6.76541474,1.18110200,0.00000000
6.76582274,0.78740160,0.00000000
6.76623074,0.78740160,0.00000000
6.76663874,1.18110200,0.00000000
6.76704674,1.18110200,0.00000000
6.76745474,0.78740160,0.00000000
6.76786274,0.78740160,0.00000000
6.76827074,0.78740160,0.00000000
6.76867874,1.18110200,0.00000000
6.76908674,0.78740160,0.00000000
6.76949474,1.18110200,0.00000000
6.76990273,1.18110200,-0.07874016
6.77031073,0.78740160,0.00000000
6.77071873,1.18110200,0.00000000
6.77112673,0.78740160,0.00000000
6.77153473,0.78740160,-0.07874016
6.77194273,0.78740160,0.00000000
6.77235073,0.78740160,0.00000000
6.77275873,0.78740160,0.00000000
6.77316673,0.78740160,0.00000000
6.77357473,0.78740160,0.00000000
6.77398273,0.78740160,0.00000000
6.77439073,0.39370080,0.00000000
6.77479873,0.39370080,-0.07874016
6.77520673,0.39370080,0.00000000
6.77561473,0.39370080,0.00000000
6.77602273,0.39370080,-0.07874016
6.77643073,0.39370080,-0.07874016
6.77683873,0.00000000,0.00000000
6.77724673,0.00000000,-0.07874016
6.77765473,0.00000000,0.00000000
6.77806273,0.00000000,-0.07874016
6.77847073,0.39370080,0.00000000
6.77887873,0.00000000,-0.07874016
6.77928673,0.39370080,-0.07874016
6.77969473,0.00000000,0.00000000
6.78010273,0.00000000,0.00000000
6.78051073,0.00000000,0.00000000
6.78091873,0.00000000,0.00000000
6.78132673,0.00000000,0.00000000
6.78173473,0.00000000,0.00000000
6.78214273,0.00000000,0.00000000
6.78255073,0.00000000,0.00000000
6.78295873,0.00000000,-0.07874016
6.78336673,0.00000000,0.00000000
6.78377473,0.00000000,0.00000000
6.78418273,0.00000000,0.00000000
6.78459073,0.00000000,0.00000000
6.78499873,0.39370080,0.00000000
6.78540673,0.00000000,0.00000000
6.78581473,0.78740160,0.00000000
6.78622273,0.39370080,-0.07874016
6.78663073,0.39370080,0.00000000
6.78703873,0.78740160,-0.07874016
6.78744673,0.78740160,0.00000000
6.78785473,0.78740160,0.00000000
6.78826273,0.39370080,0.00000000
6.78867073,0.39370080,0.00000000
6.78907873,0.78740160,0.00000000
6.78948673,0.78740160,-0.07874016
6.78989473,0.78740160,0.00000000
6.79030273,1.18110200,0.00000000
6.79071073,0.78740160,0.00000000
6.79111873,0.78740160,0.00000000
6.79152673,0.78740160,0.00000000
6.79193473,0.78740160,0.00000000
6.79234273,0.78740160,0.00000000
6.79275073,1.18110200,0.00000000
6.79315873,1.18110200,0.00000000
6.79356673,1.57480300,0.00000000
6.79397473,0.78740160,0.00000000
6.79438273,0.78740160,0.00000000
6.79479073,1.18110200,0.00000000
6.79519873,0.78740160,-0.07874016
6.79560673,1.57480300,0.00000000
6.79601473,0.78740160,-0.07874016
6.79642273,0.78740160,0.00000000
6.79683073,1.18110200,0.00000000
6.79723873,0.78740160,0.00000000
6.79764673,0.78740160,0.00000000
6.79805473,0.78740160,0.00000000
6.79846273,0.78740160,0.00000000
6.79887073,0.78740160,0.00000000
6.79927873,0.78740160,0.00000000
6.79968673,0.39370080,0.00000000
6.80009473,0.78740160,-0.07874016
6.80050273,0.78740160,0.00000000
6.80091073,0.39370080,-0.07874016
6.80131873,0.39370080,0.00000000
6.80172673,0.00000000,-0.07874016
6.80213473,0.00000000,0.00000000
6.80254273,0.00000000,0.00000000
6.80295073,0.00000000,0.00000000
6.80335873,0.00000000,0.00000000
6.80376673,0.00000000,0.00000000
6.80417473,0.39370080,0.00000000
6.80458273,0.00000000,-0.07874016
6.80499073,0.00000000,0.00000000
6.80539873,0.00000000,0.00000000
6.80580673,0.00000000,0.00000000
6.80621473,0.00000000,-0.07874016
6.80662273,0.00000000,0.00000000
6.80703073,0.00000000,0.00000000
6.80743873,0.00000000,0.00000000
6.80784673,0.00000000,0.00000000
6.80825473,0.00000000,0.00000000
6.80866273,0.39370080,0.00000000
6.80907073,0.00000000,0.00000000
6.80947873,0.00000000,0.00000000
6.80988673,0.39370080,0.00000000
6.81029473,0.00000000,0.00000000
6.81070273,0.39370080,-0.07874016
6.81111073,0.39370080,0.00000000
6.81151873,0.39370080,0.00000000
6.81192673,0.39370080,0.00000000
6.81233473,0.39370080,0.00000000
6.81274273,0.39370080,0.00000000
6.81315073,0.39370080,0.00000000
6.81355873,0.39370080,0.00000000
6.81396673,0.78740160,0.00000000
6.81437473,0.78740160,0.00000000
6.81478273,0.78740160,-0.07874016
6.81519073,0.78740160,0.00000000
6.81559873,0.78740160,0.00000000
6.81600673,1.18110200,0.00000000
6.81641473,1.18110200,0.00000000
6.81682273,0.78740160,0.00000000
6.81723073,0.78740160,-0.07874016
6.81763873,0.78740160,-0.07874016
6.81804673,0.78740160,-0.07874016
6.81845473,1.18110200,0.00000000
6.81886273,1.18110200,0.00000000
6.81927073,1.18110200,0.00000000
6.81967873,1.18110200,0.00000000
6.82008673,0.78740160,0.00000000
6.82049473,1.18110200,0.00000000
6.82090273,0.78740160,0.00000000
6.82131073,0.78740160,-0.07874016
6.82171873,0.78740160,0.00000000
6.82212673,0.78740160,0.00000000
6.82253473,0.78740160,0.00000000
6.82294273,1.18110200,0.00000000
6.82335073,0.78740160,0.00000000
6.82375873,0.78740160,-0.07874016
6.82416673,0.39370080,0.00000000
6.82457473,0.39370080,0.00000000
6.82498273,0.78740160,-0.07874016
6.82539073,0.78740160,-0.07874016
6.82579873,0.39370080,0.00000000
6.82620673,0.39370080,0.00000000
6.82661473,0.00000000,0.00000000
6.82702273,0.39370080,0.00000000
6.82743073,0.39370080,0.00000000
6.82783873,0.00000000,0.00000000
6.82824673,0.39370080,0.00000000
6.82865473,0.00000000,0.00000000
6.82906273,0.00000000,0.00000000
6.82947073,0.00000000,-0.07874016
6.82987873,0.00000000,0.00000000
6.83028673,0.00000000,-0.07874016
6.83069473,0.39370080,0.00000000
6.83110273,0.00000000,0.00000000
6.83151073,0.00000000,0.00000000
6.83191873,0.00000000,0.00000000
6.83232673,0.00000000,-0.07874016
6.83273473,0.00000000,0.00000000
6.83314273,0.00000000,0.00000000
6.83355073,0.00000000,0.00000000
6.83395873,0.39370080,0.00000000
6.83436673,0.39370080,0.00000000
6.83477473,0.39370080,0.00000000
6.83518273,0.39370080,-0.07874016
6.83559073,0.39370080,0.00000000
6.83599873,0.39370080,0.00000000
6.83640673,0.39370080,0.00000000
6.83681473,0.00000000,0.00000000
6.83722273,0.78740160,0.00000000
6.83763073,0.39370080,0.00000000
6.83803873,0.39370080,0.00000000
6.83844673,0.78740160,0.00000000
6.83885473,0.78740160,0.00000000
6.83926273,0.78740160,0.00000000
6.83967073,0.78740160,0.00000000
6.84007873,0.78740160,-0.07874016
6.84048673,0.78740160,0.00000000
6.84089473,0.78740160,0.00000000
6.84130273,1.18110200,0.00000000
6.84171073,0.78740160,0.00000000
6.84211873,1.18110200,0.00000000
6.84252673,1.18110200,0.00000000
6.84293473,1.18110200,-0.07874016
6.84334273,0.78740160,0.00000000
6.84375073,0.78740160,-0.07874016
6.84415873,0.78740160,0.00000000
6.84456673,0.78740160,0.00000000
6.84497473,1.18110200,0.00000000
6.84538273,0.78740160,0.00000000
6.84579073,1.18110200,0.00000000
6.84619873,0.78740160,-0.07874016
6.84660673,0.78740160,0.00000000
6.84701473,0.78740160,0.00000000
6.84742273,0.39370080,-0.07874016
6.84783073,0.78740160,0.00000000
6.84823873,1.18110200,-0.07874016
6.84864673,0.78740160,-0.07874016
6.84905473,0.78740160,0.00000000
6.84946273,0.39370080,0.00000000
6.84987073,0.78740160,0.00000000
6.85027873,0.39370080,0.00000000
6.85068673,0.39370080,0.00000000
6.85109473,0.39370080,0.00000000
6.85150273,0.78740160,0.00000000
6.85191073,0.00000000,0.00000000
6.85231873,0.39370080,0.00000000
6.85272673,0.00000000,0.00000000
6.85313473,0.39370080,0.00000000
6.85354273,0.00000000,0.00000000
6.85395073,0.00000000,0.00000000
6.85435873,0.00000000,0.00000000
6.85476673,0.39370080,0.00000000
6.85517473,0.00000000,0.00000000
6.85558273,0.39370080,0.00000000
6.85599073,0.00000000,0.00000000
6.85639873,0.39370080,-0.07874016
6.85680673,0.00000000,0.00000000
6.85721473,0.00000000,-0.07874016
6.85762273,0.39370080,0.00000000
6.85803073,0.00000000,0.00000000
6.85843873,0.00000000,0.00000000
6.85884673,0.39370080,-0.07874016
6.85925473,0.39370080,0.00000000
6.85966273,0.00000000,-0.07874016
6.86007073,0.39370080,0.00000000
6.86047873,0.00000000,0.00000000
6.86088673,0.39370080,0.00000000
6.86129473,0.39370080,0.00000000
6.86170273,0.00000000,0.00000000
6.86211073,0.78740160,-0.07874016
6.86251873,0.78740160,0.00000000
6.86292673,0.39370080,0.00000000
6.86333473,0.78740160,0.00000000
6.86374273,0.39370080,-0.07874016
6.86415073,0.78740160,0.00000000
6.86455873,0.78740160,-0.07874016
6.86496673,0.78740160,0.00000000
6.86537473,1.18110200,-0.07874016
6.86578273,0.78740160,0.00000000
6.86619073,0.78740160,-0.07874016
6.86659873,0.78740160,0.00000000
6.86700673,0.78740160,-0.07874016
6.86741473,1.18110200,0.00000000
6.86782273,1.18110200,0.00000000
6.86823073,0.78740160,0.00000000
6.86863873,0.78740160,0.00000000
6.86904673,0.78740160,0.00000000
6.86945473,1.18110200,0.00000000
6.86986273,0.78740160,0.00000000
6.87027073,0.78740160,0.00000000
6.87067873,1.18110200,0.00000000
6.87108673,0.78740160,-0.07874016
6.87149473,0.78740160,0.00000000
6.87190273,1.18110200,-0.07874016
6.87231073,0.39370080,0.00000000
6.87271873,0.78740160,0.00000000
6.87312673,0.78740160,0.00000000
6.87353473,0.78740160,0.00000000
6.87394273,0.78740160,0.00000000
6.87435073,0.78740160,0.00000000
6.87475873,0.78740160,0.00000000
6.87516673,0.78740160,0.00000000
6.87557473,0.39370080,0.00000000
6.87598273,0.39370080,0.00000000
6.87639073,0.00000000,0.00000000
6.87679873,0.00000000,0.00000000
6.87720673,0.39370080,0.00000000
6.87761473,0.39370080,0.00000000
6.87802273,0.00000000,0.00000000
6.87843073,0.39370080,-0.07874016
6.87883873,0.00000000,0.00000000
6.87924673,0.00000000,-0.07874016
6.87965473,0.00000000,0.00000000
6.88006273,0.00000000,0.00000000
6.88047073,0.39370080,0.00000000
6.88087873,0.39370080,0.00000000
6.88128673,0.00000000,-0.07874016
6.88169473,0.39370080,-0.07874016
6.88210273,0.00000000,0.00000000
6.88251073,0.39370080,0.00000000
6.88291873,0.00000000,0.00000000
6.88332673,0.00000000,-0.07874016
6.88373473,0.39370080,0.00000000
6.88414273,0.00000000,0.00000000
6.88455073,0.00000000,0.00000000
6.88495873,0.00000000,0.00000000
6.88536673,0.39370080,0.00000000
6.88577473,0.00000000,0.00000000
6.88618273,0.39370080,0.00000000
6.88659073,0.39370080,0.00000000
6.88699873,0.39370080,0.00000000
6.88740673,0.39370080,0.00000000
6.88781473,0.39370080,0.00000000
6.88822273,0.39370080,0.00000000
6.88863073,0.78740160,0.00000000
6.88903873,0.39370080,0.00000000
6.88944673,0.78740160,0.00000000
6.88985473,0.78740160,0.00000000
6.89026273,0.39370080,0.00000000
6.89067073,1.18110200,-0.07874016
6.89107873,0.78740160,0.00000000
6.89148673,0.78740160,0.00000000
6.89189473,0.78740160,0.00000000
6.89230273,0.78740160,-0.07874016
6.89271073,0.78740160,0.00000000
6.89311873,0.78740160,-0.07874016
6.89352673,0.78740160,0.00000000
6.89393473,0.78740160,-0.07874016
6.89434273,0.39370080,0.00000000
6.89475073,0.78740160,-0.07874016
6.89515873,0.78740160,0.00000000
6.89556673,0.78740160,-0.07874016
6.89597473,0.78740160,0.00000000
6.89638273,0.78740160,0.00000000
6.89679073,0.78740160,0.00000000
6.89719873,0.78740160,0.00000000
6.89760673,0.78740160,-0.07874016
6.89801473,0.78740160,0.00000000
6.89842273,0.78740160,0.00000000
6.89883073,0.39370080,0.00000000
6.89923873,0.78740160,0.00000000
6.89964673,0.39370080,0.00000000
6.90005473,0.39370080,0.00000000
6.90046273,0.39370080,0.00000000
6.90087073,0.39370080,0.00000000
6.90127873,0.39370080,-0.07874016
6.90168673,0.39370080,0.00000000
6.90209473,0.39370080,0.00000000
6.90250273,0.78740160,0.00000000
6.90291073,0.39370080,0.00000000
6.90331873,0.39370080,0.00000000
6.90372673,0.00000000,0.00000000
6.90413473,0.00000000,0.00000000
6.90454273,0.39370080,0.00000000
6.90495073,0.00000000,0.00000000
6.90535873,0.00000000,0.00000000
6.90576673,0.39370080,0.00000000
6.90617473,0.00000000,0.00000000
6.90658273,0.39370080,0.00000000
6.90699073,0.39370080,0.00000000
6.90739873,0.00000000,0.00000000
6.90780673,0.39370080,0.00000000
6.90821473,0.39370080,0.00000000
6.90862273,0.00000000,0.00000000
6.90903073,0.39370080,0.00000000
6.90943873,0.39370080,0.00000000
6.90984673,0.00000000,0.00000000
6.91025473,0.39370080,0.00000000
6.91066273,0.39370080,0.00000000
6.91107073,0.78740160,0.00000000
6.91147873,0.00000000,-0.07874016
6.91188673,0.00000000,-0.07874016
6.91229473,0.39370080,0.00000000
6.91270273,0.39370080,0.00000000
6.91311073,0.39370080,0.00000000
6.91351873,0.39370080,-0.07874016
6.91392673,0.39370080,0.00000000
6.91433473,0.39370080,0.00000000
6.91474273,0.78740160,0.00000000
6.91515073,0.78740160,0.00000000
6.91555873,0.78740160,0.00000000
6.91596673,0.39370080,0.00000000
6.91637473,0.78740160,0.00000000
6.91678273,0.78740160,0.00000000
6.91719073,0.78740160,0.00000000
6.91759873,0.39370080,-0.07874016
6.91800673,0.78740160,0.00000000
6.91841473,0.78740160,-0.07874016
6.91882273,0.78740160,0.00000000
6.91923073,0.39370080,0.00000000
6.91963873,0.78740160,0.00000000
6.92004673,0.39370080,0.00000000
6.92045473,1.18110200,0.00000000
6.92086273,0.78740160,0.00000000
6.92127073,0.78740160,0.00000000
6.92167873,0.78740160,-0.07874016
6.92208673,0.78740160,0.00000000
6.92249473,0.39370080,0.00000000
6.92290273,0.78740160,0.00000000
6.92331073,0.78740160,0.00000000
6.92371873,0.39370080,0.00000000
6.92412673,0.39370080,0.00000000
6.92453473,0.78740160,0.00000000
6.92494273,0.39370080,-0.07874016
6.92535073,0.39370080,0.00000000
6.92575873,0.78740160,0.00000000
6.92616673,0.00000000,0.00000000
6.92657473,0.39370080,0.00000000
6.92698273,0.39370080,-0.07874016
6.92739073,0.39370080,0.00000000
6.92779873,0.39370080,0.00000000
6.92820673,0.39370080,-0.07874016
6.92861473,0.39370080,0.00000000
6.92902273,0.39370080,-0.07874016
6.92943073,0.39370080,0.00000000
6.92983873,0.39370080,0.00000000
6.93024673,0.00000000,0.00000000
6.93065473,0.00000000,0.00000000
6.93106273,0.78740160,0.00000000
6.93147073,0.00000000,0.00000000
6.93187873,0.39370080,-0.07874016
6.93228673,0.00000000,0.00000000
6.93269473,0.39370080,0.00000000
6.93310273,0.39370080,0.00000000
6.93351073,0.00000000,0.00000000
6.93391873,0.00000000,-0.07874016
6.93432673,0.39370080,0.00000000
6.93473473,0.00000000,-0.07874016
6.93514273,0.00000000,0.00000000
6.93555073,0.78740160,-0.07874016
6.93595873,0.39370080,0.00000000
6.93636673,0.78740160,0.00000000
6.93677473,0.00000000,0.00000000
6.93718273,0.39370080,0.00000000
6.93759073,0.78740160,0.00000000
6.93799873,0.39370080,0.00000000
6.93840673,0.39370080,0.00000000
6.93881473,0.78740160,0.00000000
6.93922273,0.39370080,0.00000000
6.93963073,0.78740160,-0.07874016
6.94003873,0.78740160,0.00000000
6.94044673,0.39370080,0.00000000
6.94085473,0.78740160,0.00000000
6.94126273,0.78740160,-0.07874016
6.94167073,0.78740160,0.00000000
6.94207873,0.78740160,0.00000000
6.94248673,0.78740160,0.00000000
6.94289473,0.78740160,0.00000000
6.94330273,0.78740160,0.00000000
6.94371073,0.78740160,0.00000000
6.94411873,0.78740160,0.00000000
6.94452673,0.78740160,0.00000000
6.94493473,0.78740160,0.00000000
6.94534273,0.78740160,-0.07874016
6.94575073,1.18110200,-0.07874016
6.94615873,0.78740160,0.00000000
6.94656672,0.78740160,0.00000000
6.94697472,0.78740160,-0.07874016
6.94738272,0.39370080,0.00000000
6.94779072,0.78740160,0.00000000
6.94819872,0.78740160,0.00000000
6.94860672,0.78740160,0.00000000
6.94901472,0.39370080,0.00000000
6.94942272,0.39370080,0.00000000
6.94983072,0.39370080,0.00000000
6.95023872,0.39370080,0.00000000
6.95064672,0.39370080,0.00000000
6.95105472,0.78740160,-0.07874016
6.95146272,0.39370080,0.00000000
6.95187072,0.39370080,-0.07874016
6.95227872,0.39370080,0.00000000
6.95268672,0.39370080,0.00000000
6.95309472,0.39370080,0.00000000
6.95350272,0.39370080,0.00000000
6.95391072,0.39370080,0.00000000
6.95431872,0.00000000,0.00000000
6.95472672,0.39370080,0.00000000
6.95513472,0.39370080,-0.07874016
6.95554272,0.00000000,-0.07874016
6.95595072,0.00000000,0.00000000
6.95635872,0.39370080,-0.07874016
6.95676672,0.00000000,0.00000000
6.95717472,0.39370080,0.00000000
6.95758272,0.39370080,-0.07874016
6.95799072,0.39370080,0.00000000
6.95839872,0.00000000,0.00000000
6.95880672,0.00000000,0.00000000
6.95921472,0.39370080,0.00000000
6.95962272,0.39370080,0.00000000
6.96003072,0.39370080,0.00000000
6.96043872,0.39370080,0.00000000
6.96084672,0.39370080,-0.07874016
6.96125472,0.00000000,0.00000000
6.96166272,0.39370080,0.00000000
6.96207072,0.39370080,0.00000000
6.96247872,0.78740160,0.00000000
6.96288672,0.39370080,0.00000000
6.96329472,0.39370080,-0.07874016
6.96370272,0.78740160,-0.07874016
6.96411072,0.39370080,0.00000000
6.96451872,0.39370080,0.00000000
6.96492672,0.39370080,-0.07874016
6.96533472,0.39370080,0.00000000
6.96574272,0.78740160,-0.07874016
6.96615072,0.78740160,0.00000000
6.96655872,0.78740160,0.00000000
6.96696672,0.78740160,0.00000000
6.96737472,0.78740160,0.00000000
6.96778272,0.78740160,0.00000000
6.96819072,1.18110200,-0.07874016
6.96859872,0.39370080,0.00000000
6.96900672,0.78740160,0.00000000
6.96941472,0.78740160,0.00000000
6.96982272,0.78740160,0.00000000
6.97023072,0.78740160,0.00000000
6.97063872,0.78740160,-0.07874016
6.97104672,0.78740160,0.00000000
6.97145472,0.78740160,0.00000000
6.97186272,0.78740160,0.00000000
6.97227072,0.78740160,0.00000000
6.97267872,0.39370080,0.00000000
6.97308672,0.39370080,0.00000000
6.97349472,0.78740160,0.00000000
6.97390272,0.39370080,0.00000000
6.97431072,0.78740160,0.00000000
6.97471872,0.39370080,0.00000000
6.97512672,0.78740160,0.00000000
6.97553472,0.39370080,0.00000000
6.97594272,0.39370080,0.00000000
6.97635072,0.39370080,0.00000000
6.97675872,0.39370080,0.00000000
6.97716672,0.78740160,0.00000000
6.97757472,0.78740160,0.00000000
6.97798272,0.39370080,0.00000000
6.97839072,0.00000000,0.00000000
6.97879872,0.00000000,-0.07874016
6.97920672,0.39370080,0.00000000
6.97961472,0.39370080,0.00000000
6.98002272,0.39370080,0.00000000
6.98043072,0.78740160,0.00000000
6.98083872,0.39370080,0.00000000
6.98124672,0.39370080,0.00000000
6.98165472,0.00000000,0.00000000
6.98206272,0.39370080,-0.07874016
6.98247072,0.39370080,-0.07874016
6.98287872,0.00000000,-0.07874016
6.98328672,0.39370080,-0.07874016
6.98369472,0.39370080,0.00000000
6.98410272,0.39370080,0.00000000
6.98451072,0.39370080,0.00000000
6.98491872,0.00000000,-0.07874016
6.98532672,0.78740160,-0.07874016
6.98573472,0.39370080,0.00000000
6.98614272,0.39370080,-0.07874016
6.98655072,0.78740160,0.00000000
6.98695872,0.00000000,-0.07874016
6.98736672,0.00000000,0.00000000
6.98777472,0.39370080,0.00000000
6.98818272,0.39370080,0.00000000
6.98859072,0.39370080,0.00000000
6.98899872,0.39370080,0.00000000
6.98940672,0.39370080,0.00000000
6.98981472,0.39370080,0.00000000
6.99022272,0.39370080,0.00000000
6.99063072,0.78740160,-0.07874016
6.99103872,0.39370080,-0.07874016
6.99144672,0.39370080,0.00000000
6.99185472,0.78740160,-0.07874016
6.99226272,0.39370080,0.00000000
6.99267072,0.78740160,0.00000000
6.99307872,0.78740160,0.00000000
6.99348672,0.78740160,0.00000000
6.99389472,0.78740160,0.00000000
6.99430272,0.78740160,0.00000000
6.99471072,0.39370080,0.00000000
6.99511872,0.39370080,0.00000000
6.99552672,0.39370080,0.00000000
6.99593472,0.78740160,-0.07874016
6.99634272,0.78740160,-0.07874016
6.99675072,0.39370080,-0.07874016
6.99715872,0.78740160,0.00000000
6.99756672,0.39370080,-0.07874016
6.99797472,0.78740160,0.00000000
6.99838272,0.78740160,0.00000000
6.99879072,0.39370080,0.00000000
6.99919872,0.39370080,0.00000000
6.99960672,0.39370080,0.00000000
7.00001472,0.78740160,0.00000000
7.00042272,0.39370080,0.00000000
7.00083072,0.39370080,0.00000000
7.00123872,0.39370080,0.00000000
7.00164672,0.39370080,0.00000000
7.00205472,0.39370080,0.00000000
7.00246272,0.39370080,-0.07874016
7.00287072,0.39370080,0.00000000
7.00327872,0.39370080,0.00000000
7.00368672,0.78740160,0.00000000
7.00409472,0.39370080,-0.07874016
7.00450272,0.39370080,0.00000000
7.00491072,0.39370080,0.00000000
7.00531872,0.39370080,-0.07874016
7.00572672,0.00000000,0.00000000
7.00613472,0.39370080,0.00000000
7.00654272,0.39370080,0.00000000
7.00695072,0.00000000,0.00000000
7.00735872,0.39370080,0.00000000
7.00776672,0.39370080,0.00000000
7.00817472,0.39370080,0.00000000
7.00858272,0.39370080,0.00000000
7.00899072,0.39370080,0.00000000
7.00939872,0.78740160,0.00000000
7.00980672,0.39370080,0.00000000
7.01021472,0.78740160,0.00000000
7.01062272,0.39370080,0.00000000
7.01103072,0.39370080,0.00000000
7.01143872,0.78740160,0.00000000
7.01184672,0.39370080,0.00000000
7.01225472,0.78740160,-0.07874016
7.01266272,0.78740160,-0.07874016
7.01307072,0.78740160,-0.07874016
7.01347872,0.00000000,0.00000000
7.01388672,0.78740160,0.00000000
7.01429472,0.78740160,0.00000000
7.01470272,0.78740160,0.00000000
7.01511072,0.78740160,0.00000000
7.01551872,0.78740160,0.00000000
7.01592672,0.39370080,0.00000000
7.01633472,0.78740160,0.00000000
7.01674272,0.39370080,0.00000000
7.01715072,0.78740160,0.00000000
7.01755872,0.00000000,0.00000000
7.01796672,0.78740160,-0.07874016
7.01837472,0.78740160,0.00000000
7.01878272,0.78740160,0.00000000
7.01919072,0.78740160,0.00000000
7.01959872,0.78740160,0.00000000
7.02000672,0.39370080,0.00000000
7.02041472,0.39370080,0.00000000
7.02082272,0.78740160,0.00000000
7.02123072,0.78740160,0.00000000
7.02163872,0.39370080,0.00000000
7.02204672,0.78740160,-0.07874016
7.02245472,0.78740160,0.00000000
7.02286272,0.39370080,-0.07874016
7.02327072,0.78740160,0.00000000
7.02367872,0.39370080,0.00000000
7.02408672,0.78740160,0.00000000
7.02449472,0.78740160,-0.07874016
7.02490272,0.39370080,0.00000000
7.02531072,0.78740160,-0.07874016
7.02571872,0.39370080,0.00000000
7.02612672,0.39370080,0.00000000
7.02653472,0.39370080,0.00000000
7.02694272,0.78740160,0.00000000
7.02735072,0.39370080,0.00000000
7.02775872,0.39370080,0.00000000
7.02816672,0.39370080,0.00000000
7.02857472,0.78740160,-0.07874016
7.02898272,0.39370080,0.00000000
7.02939072,0.39370080,-0.07874016
7.02979872,0.78740160,0.00000000
7.03020672,0.78740160,-0.07874016
7.03061472,0.39370080,0.00000000
7.03102272,0.39370080,-0.07874016
7.03143072,0.39370080,0.00000000
7.03183872,0.39370080,0.00000000
7.03224672,0.00000000,0.00000000
7.03265472,0.39370080,0.00000000
7.03306272,0.78740160,0.00000000
7.03347072,0.39370080,0.00000000
7.03387872,0.39370080,0.00000000
7.03428672,0.78740160,0.00000000
7.03469472,0.39370080,0.00000000
7.03510272,0.39370080,0.00000000
7.03551072,0.39370080,-0.07874016
7.03591872,0.39370080,0.00000000
7.03632672,0.39370080,0.00000000
7.03673472,0.39370080,0.00000000
7.03714272,0.39370080,0.00000000
7.03755072,0.39370080,0.00000000
7.03795872,0.39370080,0.00000000
7.03836672,0.39370080,-0.07874016
7.03877472,0.78740160,0.00000000
7.03918272,0.39370080,0.00000000
7.03959072,0.78740160,0.00000000
7.03999872,0.78740160,-0.07874016
7.04040672,0.39370080,0.00000000
7.04081472,0.78740160,0.00000000
7.04122272,0.39370080,0.00000000
7.04163072,0.78740160,-0.07874016
7.04203872,0.39370080,0.00000000
7.04244672,0.39370080,-0.07874016
7.04285472,0.78740160,0.00000000
7.04326272,0.78740160,0.00000000
7.04367072,0.78740160,0.00000000
7.04407872,0.78740160,-0.07874016
7.04448672,0.78740160,0.00000000
7.04489472,0.78740160,0.00000000
7.04530272,0.39370080,0.00000000
7.04571072,0.78740160,0.00000000
7.04611872,0.39370080,0.00000000
7.04652672,0.39370080,0.00000000
7.04693472,0.78740160,0.00000000
7.04734272,0.39370080,0.00000000
7.04775072,0.78740160,0.00000000
7.04815872,0.39370080,-0.07874016
7.04856672,0.39370080,0.00000000
7.04897472,0.78740160,0.00000000
7.04938272,0.39370080,0.00000000
7.04979072,0.78740160,0.00000000
7.05019872,0.78740160,0.00000000
7.05060672,0.39370080,0.00000000
7.05101472,0.39370080,0.00000000
7.05142272,0.39370080,-0.07874016
7.05183072,0.39370080,0.00000000
7.05223872,0.78740160,0.00000000
7.05264672,0.39370080,0.00000000
7.05305472,0.39370080,0.00000000
7.05346272,0.39370080,0.00000000
7.05387072,0.39370080,0.00000000
7.05427872,0.39370080,-0.07874016
7.05468672,0.39370080,-0.07874016
7.05509472,0.39370080,0.00000000
7.05550272,0.00000000,0.00000000
7.05591072,0.39370080,0.00000000
7.05631872,0.39370080,0.00000000
7.05672672,0.00000000,0.00000000
7.05713472,0.39370080,0.00000000
7.05754272,0.78740160,0.00000000
7.05795072,0.00000000,-0.07874016
7.05835872,0.39370080,-0.07874016
7.05876672,0.39370080,-0.07874016
7.05917472,0.39370080,0.00000000
7.05958272,0.78740160,-0.07874016
7.05999072,0.39370080,0.00000000
7.06039872,0.78740160,0.00000000
7.06080672,0.78740160,0.00000000
7.06121472,0.39370080,0.00000000
7.06162272,0.39370080,0.00000000
7.06203072,0.39370080,-0.07874016
7.06243872,0.39370080,0.00000000
7.06284672,0.39370080,-0.07874016
7.06325472,0.78740160,0.00000000
7.06366272,0.39370080,0.00000000
7.06407072,0.78740160,-0.07874016
7.06447872,0.39370080,0.00000000
7.06488672,0.78740160,0.00000000
7.06529472,0.39370080,-0.07874016
7.06570272,0.39370080,0.00000000
7.06611072,0.39370080,0.00000000
7.06651872,0.39370080,0.00000000
7.06692672,0.78740160,0.00000000
7.06733472,0.39370080,0.00000000
7.06774272,0.39370080,0.00000000
7.06815072,0.39370080,0.00000000
7.06855872,0.39370080,0.00000000
7.06896672,0.78740160,0.00000000
7.06937472,0.39370080,-0.07874016
7.06978272,0.39370080,0.00000000
7.07019072,0.39370080,0.00000000
7.07059872,0.78740160,0.00000000
7.07100672,0.39370080,0.00000000
7.07141472,0.39370080,0.00000000
7.07182272,0.78740160,-0.07874016
7.07223072,0.39370080,0.00000000
7.07263872,0.39370080,0.00000000
7.07304672,0.39370080,-0.07874016
7.07345472,0.78740160,0.00000000
7.07386272,0.39370080,0.00000000
7.07427072,0.78740160,-0.07874016
7.07467872,0.39370080,0.00000000
7.07508672,0.39370080,0.00000000
7.07549472,0.78740160,0.00000000
7.07590272,0.39370080,-0.07874016
7.07631072,0.39370080,0.00000000
7.07671872,0.39370080,0.00000000
7.07712672,0.00000000,0.00000000
7.07753472,0.78740160,-0.07874016
7.07794272,0.39370080,0.00000000
7.07835072,0.39370080,0.00000000
7.07875872,0.39370080,0.00000000
7.07916672,0.39370080,0.00000000
7.07957472,0.39370080,-0.07874016
7.07998272,0.39370080,0.00000000
7.08039072,0.39370080,0.00000000
7.08079872,0.39370080,0.00000000
7.08120672,0.39370080,0.00000000
7.08161472,0.39370080,0.00000000
7.08202272,0.39370080,0.00000000
7.08243072,0.39370080,0.00000000
7.08283872,0.39370080,0.00000000
7.08324672,0.39370080,0.00000000
7.08365472,0.39370080,0.00000000
7.08406272,0.39370080,0.00000000
7.08447072,0.78740160,0.00000000
7.08487872,0.39370080,0.00000000
7.08528672,0.39370080,0.00000000
7.08569472,0.39370080,0.00000000
7.08610272,0.00000000,-0.07874016
7.08651072,0.39370080,0.00000000
7.08691872,0.39370080,0.00000000
7.08732672,0.39370080,0.00000000
7.08773472,0.39370080,0.00000000
7.08814272,0.39370080,0.00000000
7.08855072,0.39370080,0.00000000
7.08895872,0.39370080,-0.07874016
7.08936672,0.39370080,0.00000000
7.08977472,0.39370080,-0.07874016
7.09018272,0.00000000,0.00000000
7.09059072,0.78740160,-0.07874016
7.09099872,0.39370080,0.00000000
7.09140672,0.39370080,-0.07874016
7.09181472,0.78740160,0.00000000
7.09222272,0.39370080,0.00000000
7.09263072,0.78740160,0.00000000
7.09303872,0.78740160,0.00000000
7.09344672,0.39370080,0.00000000
7.09385472,0.78740160,0.00000000
7.09426272,0.39370080,0.00000000
7.09467072,0.39370080,-0.07874016
7.09507872,0.78740160,0.00000000
7.09548672,0.39370080,0.00000000
7.09589472,0.39370080,-0.07874016
7.09630272,0.39370080,0.00000000
7.09671072,0.78740160,0.00000000
7.09711872,0.78740160,0.00000000
7.09752672,0.39370080,0.00000000
7.09793472,0.39370080,0.00000000
7.09834272,0.39370080,0.00000000
7.09875072,0.39370080,0.00000000
7.09915872,0.39370080,0.00000000
7.09956672,0.39370080,0.00000000
7.09997472,0.39370080,0.00000000
7.10038272,0.78740160,-0.07874016
7.10079072,0.39370080,-0.07874016
7.10119872,0.78740160,0.00000000
7.10160672,0.39370080,0.00000000
7.10201472,0.39370080,0.00000000
7.10242272,0.78740160,0.00000000
7.10283072,0.78740160,-0.07874016
7.10323872,0.39370080,0.00000000
7.10364672,0.39370080,0.00000000
7.10405472,0.78740160,0.00000000
7.10446272,0.78740160,0.00000000
7.10487072,0.39370080,-0.07874016
7.10527872,0.39370080,0.00000000
7.10568672,0.39370080,-0.07874016
7.10609472,0.39370080,-0.07874016
7.10650272,0.39370080,0.00000000
7.10691072,0.39370080,0.00000000
7.10731872,0.00000000,0.00000000
7.10772672,0.39370080,-0.07874016
7.10813472,0.39370080,0.00000000
7.10854272,0.39370080,0.00000000
7.10895072,0.78740160,-0.07874016
7.10935872,0.39370080,0.00000000
7.10976672,0.39370080,0.00000000
7.11017472,0.39370080,-0.07874016
7.11058272,0.39370080,0.00000000
7.11099072,0.39370080,0.00000000
7.11139872,0.78740160,0.00000000
7.11180672,0.39370080,-0.07874016
7.11221472,0.39370080,0.00000000
7.11262272,0.39370080,0.00000000
7.11303072,0.39370080,0.00000000
7.11343872,0.78740160,0.00000000
7.11384672,0.39370080,0.00000000
7.11425472,0.39370080,-0.07874016
7.11466272,0.39370080,0.00000000
7.11507072,0.78740160,0.00000000
7.11547872,0.78740160,0.00000000
7.11588672,0.78740160,0.00000000
7.11629472,0.39370080,0.00000000
7.11670272,0.39370080,0.00000000
7.11711072,0.39370080,0.00000000
7.11751872,0.78740160,-0.07874016
7.11792672,0.39370080,0.00000000
7.11833472,0.78740160,0.00000000
7.11874272,0.39370080,0.00000000
7.11915072,0.39370080,0.00000000
7.11955872,0.39370080,-0.07874016
7.11996672,0.39370080,0.00000000
7.12037472,0.78740160,0.00000000
7.12078272,0.78740160,0.00000000
7.12119072,0.39370080,0.00000000
7.12159872,0.39370080,0.00000000
7.12200672,0.78740160,0.00000000
7.12241472,0.39370080,-0.07874016
7.12282272,0.00000000,-0.07874016
7.12323071,0.39370080,0.00000000
7.12363871,0.39370080,0.00000000
7.12404671,0.39370080,0.00000000
7.12445471,0.39370080,0.00000000
7.12486271,0.39370080,-0.07874016
7.12527071,0.78740160,0.00000000
7.12567871,0.39370080,0.00000000
7.12608671,0.39370080,0.00000000
7.12649471,0.39370080,0.00000000
7.12690271,0.39370080,-0.07874016
7.12731071,0.78740160,0.00000000
7.12771871,0.39370080,0.00000000
7.12812671,0.39370080,0.00000000
7.12853471,0.78740160,0.00000000
7.12894271,0.39370080,0.00000000
7.12935071,0.39370080,0.00000000
7.12975871,0.39370080,0.00000000
7.13016671,0.78740160,0.00000000
7.13057471,0.78740160,0.00000000
7.13098271,0.39370080,0.00000000
7.13139071,0.39370080,0.00000000
7.13179871,0.78740160,0.00000000
7.13220671,0.78740160,0.00000000
7.13261471,0.78740160,0.00000000
7.13302271,0.39370080,0.00000000
7.13343071,0.39370080,0.00000000
7.13383871,0.78740160,0.00000000
7.13424671,0.78740160,0.00000000
7.13465471,0.39370080,-0.07874016
7.13506271,0.39370080,0.00000000
7.13547071,0.39370080,0.00000000
7.13587871,0.78740160,0.00000000
7.13628671,0.78740160,0.00000000
7.13669471,0.78740160,0.00000000
7.13710271,0.78740160,-0.07874016
7.13751071,0.39370080,0.00000000
7.13791871,0.78740160,0.00000000
7.13832671,0.39370080,0.00000000
7.13873471,0.39370080,0.00000000
7.13914271,0.39370080,0.00000000
7.13955071,0.39370080,0.00000000
7.13995871,0.78740160,0.00000000
7.14036671,0.39370080,0.00000000
7.14077471,0.39370080,0.00000000
7.14118271,0.39370080,0.00000000
7.14159071,0.39370080,0.00000000
7.14199871,0.39370080,-0.07874016
7.14240671,0.00000000,0.00000000
7.14281471,0.78740160,0.00000000
7.14322271,0.39370080,0.00000000
7.14363071,0.39370080,0.00000000
7.14403871,0.39370080,0.00000000
7.14444671,0.78740160,0.00000000
7.14485471,0.39370080,0.00000000
7.14526271,0.39370080,0.00000000
7.14567071,0.00000000,0.00000000
7.14607871,0.39370080,0.00000000
7.14648671,0.78740160,0.00000000
7.14689471,0.39370080,-0.07874016
7.14730271,0.39370080,0.00000000
7.14771071,0.39370080,-0.07874016
7.14811871,0.39370080,0.00000000
7.14852671,0.78740160,0.00000000
7.14893471,0.39370080,0.00000000
7.14934271,0.39370080,0.00000000
7.14975071,0.39370080,0.00000000
7.15015871,0.39370080,-0.07874016
7.15056671,0.78740160,0.00000000
7.15097471,0.39370080,-0.07874016
7.15138271,0.78740160,0.00000000
7.15179071,0.78740160,-0.07874016
7.15219871,0.39370080,0.00000000
7.15260671,0.39370080,0.00000000
7.15301471,0.39370080,0.00000000
7.15342271,0.39370080,-0.07874016
7.15383071,0.39370080,0.00000000
7.15423871,0.78740160,-0.07874016
7.15464671,0.78740160,0.00000000
7.15505471,0.78740160,-0.07874016
7.15546271,0.39370080,0.00000000
7.15587071,0.39370080,0.00000000
7.15627871,0.39370080,0.00000000
7.15668671,0.39370080,0.00000000
7.15709471,0.78740160,0.00000000
7.15750271,0.39370080,-0.07874016
7.15791071,0.39370080,0.00000000
7.15831871,0.39370080,0.00000000
7.15872671,0.78740160,0.00000000
7.15913471,0.00000000,0.00000000
7.15954271,0.39370080,0.00000000
7.15995071,0.39370080,-0.07874016
7.16035871,0.39370080,0.00000000
7.16076671,0.39370080,0.00000000
7.16117471,0.39370080,0.00000000
7.16158271,0.39370080,0.00000000
7.16199071,0.39370080,0.00000000
7.16239871,0.39370080,-0.07874016
7.16280671,0.39370080,0.00000000
7.16321471,0.39370080,-0.07874016
7.16362271,0.39370080,0.00000000
7.16403071,0.78740160,-0.07874016
7.16443871,0.39370080,0.00000000
7.16484671,0.78740160,0.00000000
7.16525471,0.39370080,0.00000000
7.16566271,0.78740160,0.00000000
7.16607071,0.39370080,0.00000000
7.16647871,0.39370080,0.00000000
7.16688671,0.39370080,0.00000000
7.16729471,0.39370080,-0.07874016
7.16770271,0.39370080,0.00000000
7.16811071,0.39370080,-0.07874016
7.16851871,0.39370080,0.00000000
7.16892671,0.39370080,0.00000000
7.16933471,0.78740160,0.00000000
7.16974271,0.39370080,-0.07874016
7.17015071,0.39370080,0.00000000
7.17055871,0.78740160,0.00000000
7.17096671,0.39370080,0.00000000
7.17137471,0.78740160,-0.07874016
7.17178271,0.39370080,0.00000000
7.17219071,0.78740160,0.00000000
7.17259871,0.00000000,-0.07874016
7.17300671,0.39370080,0.00000000
7.17341471,0.78740160,0.00000000
7.17382271,0.78740160,0.00000000
7.17423071,0.78740160,0.00000000
7.17463871,0.39370080,0.00000000
7.17504671,0.39370080,0.00000000
7.17545471,0.78740160,0.00000000
7.17586271,0.78740160,0.00000000
7.17627071,0.78740160,0.00000000
7.17667871,0.39370080,0.00000000
7.17708671,0.39370080,0.00000000
7.17749471,0.39370080,0.00000000
7.17790271,0.39370080,0.00000000
7.17831071,0.39370080,0.00000000
7.17871871,0.39370080,0.00000000
7.17912671,0.39370080,0.00000000
7.17953471,0.78740160,-0.07874016
7.17994271,0.39370080,0.00000000
7.18035071,0.39370080,0.00000000
7.18075871,0.78740160,0.00000000
7.18116671,0.39370080,-0.07874016
7.18157471,0.39370080,0.00000000
7.18198271,0.78740160,0.00000000
7.18239071,0.78740160,0.00000000
7.18279871,0.39370080,0.00000000
7.18320671,0.39370080,0.00000000
7.18361471,0.39370080,0.00000000
7.18402271,0.00000000,0.00000000
7.18443071,0.39370080,0.00000000
7.18483871,0.39370080,0.00000000
7.18524671,0.78740160,0.00000000
7.18565471,0.00000000,0.00000000
7.18606271,0.39370080,0.00000000
7.18647071,0.39370080,0.00000000
7.18687871,0.78740160,0.00000000
7.18728671,0.39370080,0.00000000
7.18769471,0.39370080,0.00000000
7.18810271,0.39370080,0.00000000
7.18851071,0.39370080,-0.07874016
7.18891871,0.78740160,0.00000000
7.18932671,0.39370080,-0.07874016
7.18973471,0.39370080,0.00000000
7.19014271,0.39370080,-0.07874016
7.19055071,0.39370080,0.00000000
7.19095871,0.39370080,-0.07874016
7.19136671,0.39370080,0.00000000
7.19177471,0.39370080,0.00000000
7.19218271,0.39370080,0.00000000
7.19259071,0.39370080,0.00000000
7.19299871,0.39370080,0.00000000
7.19340671,0.39370080,-0.07874016
7.19381471,0.39370080,0.00000000
7.19422271,0.78740160,0.00000000
7.19463071,0.39370080,0.00000000
7.19503871,0.39370080,0.00000000
7.19544671,0.39370080,0.00000000
7.19585471,0.78740160,0.00000000
7.19626271,0.00000000,0.00000000
7.19667071,0.39370080,0.00000000
7.19707871,0.39370080,0.00000000
7.19748671,0.39370080,0.00000000
7.19789471,0.39370080,-0.07874016
7.19830271,0.39370080,0.00000000
7.19871071,0.39370080,0.00000000
7.19911871,0.39370080,0.00000000
7.19952671,0.39370080,0.00000000
7.19993471,0.39370080,0.00000000
7.20034271,0.39370080,0.00000000
7.20075071,0.78740160,0.00000000
7.20115871,0.78740160,0.00000000
7.20156671,0.39370080,0.00000000
7.20197471,0.39370080,0.00000000
7.20238271,0.39370080,0.00000000
7.20279071,0.39370080,0.00000000
7.20319871,0.39370080,-0.07874016
7.20360671,0.39370080,0.00000000
7.20401471,0.78740160,-0.07874016
7.20442271,0.39370080,0.00000000
7.20483071,0.39370080,0.00000000
7.20523871,0.39370080,0.00000000
7.20564671,0.39370080,0.00000000
7.20605471,0.39370080,0.00000000
7.20646271,0.78740160,-0.07874016
7.20687071,0.39370080,0.00000000
7.20727871,0.78740160,-0.07874016
7.20768671,0.78740160,0.00000000
7.20809471,0.39370080,0.00000000
7.20850271,0.78740160,-0.07874016
7.20891071,0.39370080,0.00000000
7.20931871,0.39370080,0.00000000
7.20972671,0.39370080,-0.07874016
7.21013471,0.00000000,0.00000000
7.21054271,0.39370080,0.00000000
7.21095071,0.39370080,0.00000000
7.21135871,0.78740160,-0.07874016
7.21176671,0.78740160,0.00000000
7.21217471,0.78740160,-0.07874016
7.21258271,0.39370080,0.00000000
7.21299071,0.39370080,0.00000000
7.21339871,0.00000000,0.00000000
7.21380671,0.39370080,0.00000000
7.21421471,0.39370080,0.00000000
7.21462271,0.39370080,0.00000000
7.21503071,0.39370080,0.00000000
7.21543871,0.39370080,0.00000000
7.21584671,0.39370080,0.00000000
7.21625471,0.39370080,0.00000000
7.21666271,0.39370080,0.00000000
7.21707071,0.39370080,-0.07874016
7.21747871,0.39370080,0.00000000
7.21788671,0.39370080,0.00000000
7.21829471,0.39370080,0.00000000
7.21870271,0.39370080,0.00000000
7.21911071,0.39370080,0.00000000
7.21951871,0.39370080,-0.07874016
7.21992671,0.78740160,0.00000000
7.22033471,0.39370080,0.00000000
7.22074271,0.78740160,0.00000000
7.22115071,0.39370080,0.00000000
7.22155871,0.39370080,0.00000000
7.22196671,0.39370080,-0.07874016
7.22237471,0.39370080,0.00000000
7.22278271,0.39370080,0.00000000
7.22319071,0.78740160,0.00000000
7.22359871,0.78740160,0.00000000
7.22400671,0.39370080,0.00000000
7.22441471,0.39370080,0.00000000
7.22482271,0.78740160,0.00000000
7.22523071,0.39370080,-0.07874016
7.22563871,0.39370080,0.00000000
7.22604671,0.39370080,0.00000000
7.22645471,0.78740160,0.00000000
7.22686271,1.18110200,0.00000000
7.22727071,0.39370080,0.00000000
7.22767871,0.39370080,0.00000000
7.22808671,0.39370080,-0.07874016
7.22849471,0.78740160,-0.07874016
7.22890271,0.78740160,0.00000000
7.22931071,0.39370080,0.00000000
7.22971871,0.39370080,0.00000000
7.23012671,0.78740160,-0.07874016
7.23053471,0.39370080,0.00000000
7.23094271,0.39370080,0.00000000
7.23135071,0.39370080,0.00000000
7.23175871,0.39370080,-0.07874016
7.23216671,0.39370080,0.00000000
7.23257471,0.78740160,-0.07874016
7.23298271,0.39370080,0.00000000
7.23339071,0.39370080,0.00000000
7.23379871,0.39370080,0.00000000
7.23420671,0.39370080,0.00000000
7.23461471,0.39370080,0.00000000
7.23502271,0.39370080,0.00000000
7.23543071,0.39370080,0.00000000
7.23583871,0.39370080,0.00000000
7.23624671,0.39370080,0.00000000
7.23665471,0.39370080,0.00000000
7.23706271,0.39370080,0.00000000
7.23747071,0.39370080,0.00000000
7.23787871,0.39370080,0.00000000
7.23828671,0.78740160,-0.07874016
7.23869471,0.39370080,0.00000000
7.23910271,0.39370080,0.00000000
7.23951071,0.39370080,0.00000000
7.23991871,0.39370080,-0.07874016
7.24032671,0.39370080,0.00000000
7.24073471,0.39370080,0.00000000
7.24114271,0.39370080,0.00000000
7.24155071,0.39370080,0.00000000
7.24195871,0.39370080,-0.07874016
7.24236671,0.39370080,0.00000000
7.24277471,0.39370080,0.00000000
7.24318271,0.39370080,0.00000000
7.24359071,0.39370080,0.00000000
7.24399871,0.39370080,-0.07874016
7.24440671,0.39370080,0.00000000
7.24481471,0.39370080,0.00000000
7.24522271,0.39370080,0.00000000
7.24563071,0.39370080,-0.07874016
7.24603871,0.39370080,0.00000000
7.24644671,0.78740160,0.00000000
7.24685471,0.39370080,-0.07874016
7.24726271,1.18110200,0.00000000
7.24767071,0.39370080,0.00000000
7.24807871,0.78740160,-0.07874016
7.24848671,0.78740160,0.00000000
7.24889471,0.39370080,-0.07874016
7.24930271,0.39370080,0.00000000
7.24971071,0.78740160,0.00000000
7.25011871,0.39370080,0.00000000
7.25052671,0.78740160,0.00000000
7.25093471,0.78740160,-0.07874016
7.25134271,0.78740160,0.00000000
7.25175071,0.39370080,0.00000000
7.25215871,0.78740160,-0.07874016
7.25256671,0.78740160,0.00000000
7.25297471,0.78740160,0.00000000
7.25338271,0.39370080,0.00000000
7.25379071,0.39370080,0.00000000
7.25419871,0.78740160,0.00000000
7.25460671,0.78740160,0.00000000
7.25501471,0.39370080,0.00000000
7.25542271,0.78740160,0.00000000
7.25583071,0.78740160,-0.07874016
7.25623871,0.39370080,-0.07874016
7.25664671,0.39370080,0.00000000
7.25705471,0.39370080,0.00000000
7.25746271,0.39370080,0.00000000
7.25787071,0.39370080,-0.07874016
7.25827871,0.39370080,0.00000000
7.25868671,0.39370080,0.00000000
7.25909471,0.39370080,0.00000000
7.25950271,0.78740160,0.00000000
7.25991071,0.00000000,0.00000000
7.26031871,0.78740160,0.00000000
7.26072671,0.39370080,0.00000000
7.26113471,0.39370080,0.00000000
7.26154271,0.39370080,0.00000000
7.26195071,0.39370080,-0.07874016
7.26235871,0.39370080,0.00000000
7.26276671,0.39370080,0.00000000
7.26317471,0.39370080,0.00000000
7.26358271,0.39370080,-0.07874016
7.26399071,0.39370080,0.00000000
7.26439871,0.78740160,-0.07874016
7.26480671,0.39370080,0.00000000
7.26521471,0.39370080,0.00000000
7.26562271,0.39370080,0.00000000
7.26603071,0.39370080,0.00000000
7.26643871,0.39370080,-0.07874016
7.26684671,0.00000000,0.00000000
7.26725471,0.78740160,0.00000000
7.26766271,0.00000000,-0.07874016
7.26807071,0.00000000,0.00000000
7.26847871,0.39370080,0.00000000
7.26888671,0.39370080,0.00000000
7.26929471,0.39370080,-0.07874016
7.26970271,0.39370080,0.00000000
7.27011071,0.78740160,0.00000000
7.27051871,0.78740160,0.00000000
7.27092671,0.78740160,-0.07874016
7.27133471,0.39370080,0.00000000
7.27174271,0.78740160,-0.07874016
7.27215071,0.39370080,0.00000000
7.27255871,0.39370080,0.00000000
7.27296671,0.78740160,0.00000000
7.27337471,0.39370080,0.00000000
7.27378271,0.39370080,0.00000000
7.27419071,0.39370080,-0.07874016
7.27459871,0.39370080,0.00000000
7.27500671,0.39370080,0.00000000
7.27541471,0.39370080,0.00000000
7.27582271,0.39370080,-0.07874016
7.27623071,0.39370080,0.00000000
7.27663871,1.18110200,0.00000000
7.27704671,0.39370080,-0.07874016
7.27745471,0.39370080,-0.07874016
7.27786271,0.39370080,0.00000000
7.27827071,0.39370080,0.00000000
7.27867871,0.39370080,0.00000000
7.27908671,0.39370080,0.00000000
7.27949471,0.78740160,0.00000000
7.27990271,0.39370080,-0.07874016
7.28031071,0.78740160,0.00000000
7.28071871,0.78740160,0.00000000
7.28112671,0.78740160,0.00000000
7.28153471,0.78740160,0.00000000
7.28194271,0.39370080,0.00000000
7.28235071,0.78740160,0.00000000
7.28275871,0.39370080,0.00000000
7.28316671,0.39370080,-0.07874016
7.28357471,0.78740160,-0.07874016
7.28398271,0.78740160,0.00000000
7.28439071,0.39370080,-0.07874016
7.28479871,0.78740160,0.00000000
7.28520671,0.39370080,-0.07874016
7.28561471,0.39370080,0.00000000
7.28602271,0.39370080,0.00000000
7.28643071,0.39370080,-0.07874016
7.28683871,0.39370080,0.00000000
7.28724671,0.78740160,0.00000000
7.28765471,0.39370080,0.00000000
7.28806271,0.39370080,-0.07874016
7.28847071,0.39370080,0.00000000
7.28887871,0.00000000,0.00000000
7.28928671,0.39370080,0.00000000
7.28969471,0.39370080,0.00000000
7.29010271,0.39370080,0.00000000
7.29051071,0.39370080,0.00000000
7.29091871,0.00000000,-0.07874016
7.29132671,0.39370080,-0.07874016
7.29173471,0.39370080,-0.07874016
7.29214271,0.39370080,-0.07874016
7.29255071,0.39370080,0.00000000
7.29295871,0.39370080,0.00000000
7.29336671,0.39370080,0.00000000
7.29377471,0.78740160,0.00000000
7.29418271,0.39370080,0.00000000
7.29459071,0.39370080,0.00000000
7.29499871,0.39370080,0.00000000
7.29540671,0.39370080,0.00000000
7.29581471,0.78740160,0.00000000
7.29622271,0.39370080,-0.07874016
7.29663071,0.39370080,0.00000000
7.29703871,0.39370080,0.00000000
7.29744671,0.39370080,0.00000000
7.29785471,0.39370080,0.00000000
7.29826271,0.78740160,0.00000000
7.29867071,0.39370080,0.00000000
7.29907871,0.39370080,0.00000000
7.29948671,0.78740160,0.00000000
7.29989470,0.39370080,0.00000000
7.30030270,0.78740160,0.00000000
7.30071070,0.78740160,0.00000000
7.30111870,0.78740160,0.00000000
7.30152670,0.39370080,0.00000000
7.30193470,0.39370080,0.00000000
7.30234270,0.78740160,0.00000000
7.30275070,0.78740160,0.00000000
7.30315870,0.39370080,0.00000000
7.30356670,0.78740160,0.00000000
7.30397470,0.39370080,0.00000000
7.30438270,0.39370080,0.00000000
7.30479070,0.78740160,0.00000000
7.30519870,0.78740160,0.00000000
7.30560670,0.39370080,0.00000000
7.30601470,0.78740160,0.00000000
7.30642270,0.39370080,0.00000000
7.30683070,0.39370080,0.00000000
7.30723870,0.78740160,0.00000000
7.30764670,0.78740160,0.00000000
7.30805470,0.78740160,0.00000000
7.30846270,0.39370080,0.00000000
7.30887070,0.78740160,0.00000000
7.30927870,0.39370080,-0.07874016
7.30968670,0.39370080,0.00000000
7.31009470,0.39370080,0.00000000
7.31050270,0.39370080,0.00000000
7.31091070,0.39370080,0.00000000
7.31131870,0.39370080,0.00000000
7.31172670,0.39370080,0.00000000
7.31213470,0.78740160,0.00000000
7.31254270,0.00000000,-0.07874016
7.31295070,0.39370080,0.00000000
7.31335870,0.78740160,-0.07874016
7.31376670,0.00000000,0.00000000
7.31417470,0.39370080,0.00000000
7.31458270,0.39370080,-0.07874016
7.31499070,0.39370080,-0.07874016
7.31539870,0.39370080,0.00000000
7.31580670,0.39370080,0.00000000
7.31621470,0.39370080,0.00000000
7.31662270,0.78740160,0.00000000
7.31703070,0.39370080,0.00000000
7.31743870,0.39370080,0.00000000
7.31784670,0.39370080,0.00000000
7.31825470,0.39370080,0.00000000
7.31866270,0.78740160,0.00000000
7.31907070,0.39370080,0.00000000
7.31947870,0.00000000,-0.07874016
7.31988670,0.39370080,0.00000000
7.32029470,0.39370080,0.00000000
7.32070270,0.78740160,0.00000000
7.32111070,0.78740160,0.00000000
7.32151870,0.39370080,-0.07874016
7.32192670,0.39370080,0.00000000
7.32233470,0.39370080,-0.07874016
7.32274270,0.78740160,0.00000000
7.32315070,0.78740160,0.00000000
7.32355870,0.78740160,0.00000000
7.32396670,0.39370080,-0.07874016
7.32437470,0.39370080,0.00000000
7.32478270,0.39370080,-0.07874016
7.32519070,0.78740160,-0.07874016
7.32559870,0.78740160,0.00000000
7.32600670,0.78740160,0.00000000
7.32641470,0.78740160,0.00000000
7.32682270,0.78740160,0.00000000
7.32723070,0.78740160,-0.07874016
7.32763870,0.39370080,0.00000000
7.32804670,0.78740160,0.00000000
7.32845470,0.39370080,0.00000000
7.32886270,0.78740160,-0.07874016
7.32927070,0.78740160,0.00000000
7.32967870,0.78740160,-0.07874016
7.33008670,0.39370080,0.00000000
7.33049470,0.78740160,0.00000000
7.33090270,0.39370080,-0.07874016
7.33131070,0.39370080,-0.07874016
7.33171870,0.78740160,0.00000000
7.33212670,0.39370080,0.00000000
7.33253470,0.39370080,0.00000000
7.33294270,0.39370080,0.00000000
7.33335070,0.39370080,0.00000000
7.33375870,0.78740160,0.00000000
7.33416670,0.39370080,0.00000000
7.33457470,0.39370080,0.00000000
7.33498270,0.78740160,0.00000000
7.33539070,0.00000000,0.00000000
7.33579870,0.39370080,0.00000000
7.33620670,0.39370080,-0.07874016
7.33661470,0.39370080,0.00000000
7.33702270,0.78740160,0.00000000
7.33743070,0.39370080,0.00000000
7.33783870,0.39370080,0.00000000
7.33824670,0.39370080,0.00000000
7.33865470,0.39370080,0.00000000
7.33906270,0.39370080,-0.07874016
7.33947070,0.39370080,0.00000000
7.33987870,0.00000000,-0.07874016
7.34028670,0.39370080,0.00000000
7.34069470,0.00000000,0.00000000
7.34110270,0.39370080,0.00000000
7.34151070,0.39370080,0.00000000
7.34191870,0.00000000,0.00000000
7.34232670,0.39370080,0.00000000
7.34273470,0.39370080,-0.07874016
7.34314270,0.00000000,0.00000000
7.34355070,0.39370080,-0.07874016
7.34395870,0.39370080,0.00000000
7.34436670,0.39370080,-0.07874016
7.34477470,0.78740160,0.00000000
7.34518270,0.39370080,0.00000000
7.34559070,0.78740160,0.00000000
7.34599870,0.39370080,0.00000000
7.34640670,0.78740160,0.00000000
7.34681470,0.78740160,-0.07874016
7.34722270,0.39370080,0.00000000
7.34763070,0.78740160,0.00000000
7.34803870,0.78740160,0.00000000
7.34844670,0.39370080,0.00000000
7.34885470,0.78740160,0.00000000
7.34926270,0.39370080,0.00000000
7.34967070,0.39370080,0.00000000
7.35007870,0.78740160,0.00000000
7.35048670,0.39370080,0.00000000
7.35089470,0.39370080,0.00000000
7.35130270,1.18110200,0.00000000
7.35171070,0.78740160,-0.07874016
7.35211870,0.78740160,0.00000000
7.35252670,0.78740160,0.00000000
7.35293470,0.78740160,0.00000000
7.35334270,0.78740160,0.00000000
7.35375070,1.18110200,0.00000000
7.35415870,0.78740160,-0.07874016
7.35456670,0.39370080,0.00000000
7.35497470,0.78740160,-0.07874016
7.35538270,0.78740160,0.00000000
7.35579070,0.78740160,0.00000000
7.35619870,0.39370080,-0.07874016
7.35660670,0.78740160,0.00000000
7.35701470,0.39370080,0.00000000
7.35742270,0.39370080,-0.07874016
7.35783070,0.39370080,0.00000000
7.35823870,0.39370080,0.00000000
7.35864670,0.39370080,0.00000000
7.35905470,0.78740160,0.00000000
7.35946270,0.39370080,0.00000000
7.35987070,0.39370080,-0.07874016
7.36027870,0.39370080,0.00000000
7.36068670,0.39370080,0.00000000
7.36109470,0.78740160,0.00000000
7.36150270,0.39370080,0.00000000
7.36191070,0.39370080,0.00000000
7.36231870,0.78740160,0.00000000
7.36272670,0.00000000,0.00000000
7.36313470,0.39370080,0.00000000
7.36354270,0.39370080,0.00000000
7.36395070,0.39370080,0.00000000
7.36435870,0.39370080,0.00000000
7.36476670,0.39370080,0.00000000
7.36517470,0.00000000,0.00000000
7.36558270,0.39370080,0.00000000
7.36599070,0.39370080,0.00000000
7.36639870,0.78740160,0.00000000
7.36680670,0.39370080,-0.07874016
7.36721470,0.39370080,0.00000000
7.36762270,0.39370080,0.00000000
7.36803070,0.39370080,0.00000000
7.36843870,0.78740160,-0.07874016
7.36884670,0.39370080,-0.07874016
7.36925470,0.39370080,0.00000000
7.36966270,0.78740160,0.00000000
7.37007070,0.39370080,0.00000000
7.37047870,0.39370080,0.00000000
7.37088670,0.39370080,0.00000000
7.37129470,0.39370080,-0.07874016
7.37170270,0.39370080,0.00000000
7.37211070,0.78740160,0.00000000
7.37251870,0.78740160,0.00000000
7.37292670,0.78740160,0.00000000
7.37333470,0.78740160,0.00000000
7.37374270,0.39370080,0.00000000
7.37415070,0.78740160,0.00000000
7.37455870,0.78740160,0.00000000
7.37496670,0.78740160,0.00000000
7.37537470,0.78740160,0.00000000
7.37578270,0.39370080,0.00000000
7.37619070,0.78740160,0.00000000
7.37659870,0.39370080,0.00000000
7.37700670,0.39370080,0.00000000
7.37741470,0.39370080,0.00000000
7.37782270,0.78740160,0.00000000
7.37823070,0.39370080,-0.07874016
7.37863870,0.39370080,-0.07874016
7.37904670,0.78740160,0.00000000
7.37945470,0.78740160,-0.07874016
7.37986270,0.78740160,0.00000000
7.38027070,0.78740160,-0.07874016
7.38067870,0.39370080,0.00000000
7.38108670,0.39370080,0.00000000
7.38149470,0.78740160,0.00000000
7.38190270,0.39370080,0.00000000
7.38231070,0.39370080,0.00000000
7.38271870,0.39370080,-0.07874016
7.38312670,0.39370080,0.00000000
7.38353470,0.39370080,0.00000000
7.38394270,0.39370080,0.00000000
7.38435070,0.39370080,0.00000000
7.38475870,0.39370080,0.00000000
7.38516670,0.39370080,-0.07874016
7.38557470,0.39370080,0.00000000
7.38598270,0.39370080,0.00000000
7.38639070,0.39370080,0.00000000
7.38679870,0.78740160,0.00000000
7.38720670,0.39370080,0.00000000
7.38761470,0.39370080,-0.07874016
7.38802270,0.39370080,0.00000000
7.38843070,0.39370080,-0.07874016
7.38883870,0.00000000,0.00000000
7.38924670,0.39370080,-0.07874016
7.38965470,0.39370080,-0.07874016
7.39006270,0.39370080,0.00000000
7.39047070,0.39370080,0.00000000
7.39087870,0.78740160,-0.07874016
7.39128670,0.39370080,0.00000000
7.39169470,0.39370080,0.00000000
7.39210270,0.00000000,0.00000000
7.39251070,0.39370080,0.00000000
7.39291870,0.78740160,0.00000000
7.39332670,0.39370080,0.00000000
7.39373470,0.39370080,-0.07874016
7.39414270,0.78740160,-0.07874016
7.39455070,0.39370080,-0.07874016
7.39495870,0.39370080,0.00000000
7.39536670,0.39370080,0.00000000
7.39577470,0.78740160,-0.07874016
7.39618270,0.39370080,0.00000000
7.39659070,0.39370080,0.00000000
7.39699870,0.39370080,0.00000000
7.39740670,0.39370080,0.00000000
7.39781470,0.78740160,-0.07874016
7.39822270,0.39370080,-0.07874016
7.39863070,0.78740160,0.00000000
7.39903870,0.78740160,-0.07874016
7.39944670,0.78740160,0.00000000
7.39985470,0.78740160,0.00000000
7.40026270,0.39370080,0.00000000
7.40067070,1.18110200,0.00000000
7.40107870,0.39370080,0.00000000
7.40148670,0.39370080,0.00000000
7.40189470,0.78740160,0.00000000
7.40230270,1.18110200,-0.07874016
7.40271070,0.39370080,0.00000000
7.40311870,0.78740160,0.00000000
7.40352670,0.39370080,0.00000000
7.40393470,0.78740160,0.00000000
7.40434270,0.78740160,0.00000000
7.40475070,0.39370080,-0.07874016
7.40515870,0.78740160,0.00000000
7.40556670,0.78740160,0.00000000
7.40597470,0.00000000,0.00000000
7.40638270,0.78740160,0.00000000
7.40679070,0.39370080,0.00000000
7.40719870,0.39370080,0.00000000
7.40760670,0.39370080,0.00000000
7.40801470,0.78740160,0.00000000
7.40842270,0.39370080,0.00000000
7.40883070,0.39370080,0.00000000
7.40923870,0.00000000,0.00000000
7.40964670,0.39370080,0.00000000
7.41005470,0.39370080,0.00000000
7.41046270,0.39370080,0.00000000
7.41087070,0.39370080,0.00000000
7.41127870,0.39370080,0.00000000
7.41168670,0.39370080,0.00000000
7.41209470,0.39370080,0.00000000
7.41250270,0.00000000,0.00000000
7.41291070,0.39370080,-0.07874016
7.41331870,0.39370080,0.00000000
7.41372670,0.39370080,0.00000000
7.41413470,0.39370080,0.00000000
7.41454270,0.78740160,0.00000000
7.41495070,0.39370080,0.00000000
7.41535870,0.39370080,-0.07874016
7.41576670,0.00000000,0.00000000
7.41617470,0.78740160,0.00000000
7.41658270,0.39370080,0.00000000
7.41699070,0.39370080,0.00000000
7.41739870,0.39370080,0.00000000
7.41780670,0.39370080,0.00000000
7.41821470,0.00000000,0.00000000
7.41862270,0.39370080,0.00000000
7.41903070,0.00000000,0.00000000
7.41943870,0.39370080,0.00000000
7.41984670,0.39370080,0.00000000
7.42025470,0.39370080,0.00000000
7.42066270,0.78740160,0.00000000
7.42107070,0.39370080,-0.07874016
7.42147870,0.39370080,-0.07874016
7.42188670,0.39370080,-0.07874016
7.42229470,0.39370080,0.00000000
7.42270270,0.78740160,0.00000000
7.42311070,0.39370080,0.00000000
7.42351870,0.39370080,0.00000000
7.42392670,0.78740160,0.00000000
7.42433470,0.39370080,-0.07874016
7.42474270,0.39370080,0.00000000
7.42515070,0.39370080,0.00000000
7.42555870,0.39370080,0.00000000
7.42596670,0.78740160,0.00000000
7.42637470,0.78740160,0.00000000
7.42678270,0.78740160,0.00000000
7.42719070,0.78740160,0.00000000
7.42759870,0.78740160,0.00000000
7.42800670,0.39370080,0.00000000
7.42841470,0.78740160,0.00000000
7.42882270,0.39370080,0.00000000
7.42923070,1.18110200,-0.07874016
7.42963870,0.39370080,-0.07874016
7.43004670,0.78740160,-0.07874016
7.43045470,0.78740160,0.00000000
7.43086270,0.39370080,0.00000000
7.43127070,0.78740160,0.00000000
7.43167870,0.78740160,0.00000000
7.43208670,0.39370080,0.00000000
7.43249470,0.78740160,0.00000000
7.43290270,0.39370080,0.00000000
7.43331070,0.78740160,0.00000000
7.43371870,0.39370080,0.00000000
7.43412670,0.39370080,0.00000000
7.43453470,0.78740160,0.00000000
7.43494270,0.39370080,0.00000000
7.43535070,0.39370080,0.00000000
7.43575870,0.39370080,-0.07874016
7.43616670,0.39370080,0.00000000
7.43657470,0.39370080,0.00000000
7.43698270,0.39370080,0.00000000
7.43739070,0.00000000,0.00000000
7.43779870,0.39370080,0.00000000
7.43820670,0.39370080,-0.07874016
7.43861470,0.39370080,0.00000000
7.43902270,0.00000000,-0.07874016
7.43943070,0.39370080,0.00000000
7.43983870,0.00000000,0.00000000
7.44024670,0.39370080,0.00000000
7.44065470,0.00000000,-0.07874016
7.44106270,0.39370080,0.00000000
7.44147070,0.39370080,0.00000000
7.44187870,0.39370080,0.00000000
7.44228670,0.39370080,0.00000000
7.44269470,0.39370080,0.00000000
7.44310270,0.78740160,0.00000000
7.44351070,0.39370080,0.00000000
7.44391870,0.39370080,-0.07874016
7.44432670,0.78740160,0.00000000
7.44473470,0.39370080,0.00000000
7.44514270,0.39370080,0.00000000
7.44555070,0.39370080,0.00000000
7.44595870,0.39370080,-0.07874016
7.44636670,0.39370080,-0.07874016
7.44677470,0.78740160,0.00000000
7.44718270,0.39370080,-0.07874016
7.44759070,0.39370080,0.00000000
7.44799870,0.39370080,-0.07874016
7.44840670,0.39370080,0.00000000
7.44881470,0.78740160,0.00000000
7.44922270,0.39370080,-0.07874016
7.44963070,0.78740160,0.00000000
7.45003870,0.78740160,0.00000000
7.45044670,0.78740160,0.00000000
7.45085470,0.78740160,0.00000000
7.45126270,0.39370080,0.00000000
7.45167070,0.78740160,0.00000000
7.45207870,0.78740160,0.00000000
7.45248670,0.39370080,0.00000000
7.45289470,0.78740160,0.00000000
7.45330270,0.39370080,0.00000000
7.45371070,0.39370080,-0.07874016
7.45411870,0.78740160,0.00000000
7.45452670,0.78740160,0.00000000
7.45493470,0.78740160,0.00000000
7.45534270,0.78740160,0.00000000
7.45575070,0.78740160,0.00000000
7.45615870,0.39370080,0.00000000
7.45656670,0.39370080,0.00000000
7.45697470,0.39370080,0.00000000
7.45738270,0.39370080,0.00000000
7.45779070,0.78740160,-0.07874016
7.45819870,0.78740160,0.00000000
7.45860670,0.78740160,-0.07874016
7.45901470,0.39370080,0.00000000
7.45942270,0.78740160,0.00000000
7.45983070,0.78740160,0.00000000
7.46023870,0.39370080,0.00000000
7.46064670,0.39370080,-0.07874016
7.46105470,0.39370080,0.00000000
7.46146270,0.39370080,0.00000000
7.46187070,0.39370080,0.00000000
7.46227870,0.00000000,0.00000000
7.46268670,0.39370080,0.00000000
7.46309470,0.39370080,0.00000000
7.46350270,0.39370080,0.00000000
7.46391070,0.39370080,0.00000000
7.46431870,0.39370080,0.00000000
7.46472670,0.39370080,0.00000000
7.46513470,0.39370080,0.00000000
7.46554270,0.00000000,0.00000000
7.46595070,0.39370080,-0.07874016
7.46635870,0.39370080,0.00000000
7.46676670,0.39370080,-0.07874016
7.46717470,0.39370080,0.00000000
7.46758270,0.00000000,0.00000000
7.46799070,0.39370080,0.00000000
7.46839870,0.00000000,-0.07874016
7.46880670,0.39370080,0.00000000
7.46921470,0.39370080,0.00000000
7.46962270,0.39370080,0.00000000
7.47003070,0.39370080,0.00000000
7.47043870,0.39370080,0.00000000
7.47084670,0.39370080,-0.07874016
7.47125470,0.39370080,0.00000000
7.47166270,0.78740160,0.00000000
7.47207070,0.39370080,0.00000000
7.47247870,0.78740160,-0.07874016
7.47288670,0.78740160,0.00000000
7.47329470,0.39370080,-0.07874016
7.47370270,1.18110200,0.00000000
7.47411070,0.39370080,0.00000000
7.47451870,0.39370080,0.00000000
7.47492670,0.39370080,0.00000000
7.47533470,0.78740160,0.00000000
7.47574270,0.78740160,0.00000000
7.47615070,0.78740160,0.00000000
7.47655870,0.39370080,0.00000000
7.47696669,0.39370080,0.00000000
7.47737469,0.39370080,-0.07874016
7.47778269,0.78740160,0.00000000
7.47819069,0.78740160,0.00000000
7.47859869,0.39370080,0.00000000
7.47900669,0.39370080,-0.07874016
7.47941469,0.78740160,0.00000000
7.47982269,0.39370080,0.00000000
7.48023069,0.78740160,0.00000000
7.48063869,0.78740160,-0.07874016
7.48104669,0.78740160,0.00000000
7.48145469,0.78740160,0.00000000
7.48186269,0.78740160,0.00000000
7.48227069,0.39370080,0.00000000
7.48267869,0.78740160,0.00000000
7.48308669,0.78740160,-0.07874016
7.48349469,0.39370080,0.00000000
7.48390269,0.39370080,0.00000000
7.48431069,0.39370080,0.00000000
7.48471869,0.39370080,0.00000000
7.48512669,0.39370080,0.00000000
7.48553469,0.39370080,-0.07874016
7.48594269,0.39370080,0.00000000
7.48635069,0.78740160,-0.07874016
7.48675869,0.78740160,0.00000000
7.48716669,0.39370080,0.00000000
7.48757469,0.39370080,0.00000000
7.48798269,0.39370080,0.00000000
7.48839069,0.00000000,0.00000000
7.48879869,0.39370080,0.00000000
7.48920669,0.00000000,-0.07874016
7.48961469,0.39370080,-0.07874016
7.49002269,0.39370080,0.00000000
7.49043069,0.39370080,-0.07874016
7.49083869,0.39370080,0.00000000
7.49124669,0.00000000,0.00000000
7.49165469,0.39370080,-0.07874016
7.49206269,0.78740160,0.00000000
7.49247069,0.39370080,0.00000000
7.49287869,0.78740160,0.00000000
7.49328669,0.39370080,0.00000000
7.49369469,0.78740160,-0.07874016
7.49410269,0.39370080,0.00000000
7.49451069,0.39370080,0.00000000
7.49491869,0.39370080,0.00000000
7.49532669,0.39370080,-0.07874016
7.49573469,0.39370080,0.00000000
7.49614269,0.78740160,0.00000000
7.49655069,0.78740160,0.00000000
7.49695869,0.39370080,0.00000000
7.49736669,0.39370080,0.00000000
7.49777469,0.39370080,0.00000000
7.49818269,0.39370080,0.00000000
7.49859069,0.39370080,-0.07874016
7.49899869,0.39370080,0.00000000
7.49940669,0.39370080,-0.07874016
7.49981469,0.78740160,0.00000000
7.50022269,0.78740160,0.00000000
7.50063069,0.39370080,0.00000000
7.50103869,0.39370080,0.00000000
7.50144669,0.39370080,0.00000000
7.50185469,0.78740160,0.00000000
7.50226269,0.39370080,0.00000000
7.50267069,0.78740160,-0.07874016
7.50307869,0.39370080,-0.07874016
7.50348669,0.39370080,0.00000000
7.50389469,0.78740160,0.00000000
7.50430269,0.78740160,0.00000000
7.50471069,0.78740160,0.00000000
7.50511869,0.39370080,0.00000000
7.50552669,0.39370080,0.00000000
7.50593469,0.78740160,-0.07874016
7.50634269,0.78740160,0.00000000
7.50675069,0.39370080,-0.07874016
7.50715869,0.78740160,0.00000000
7.50756669,0.39370080,0.00000000
7.50797469,0.78740160,0.00000000
7.50838269,0.78740160,0.00000000
7.50879069,0.00000000,0.00000000
7.50919869,0.78740160,0.00000000
7.50960669,0.78740160,0.00000000
7.51001469,0.78740160,0.00000000
7.51042269,0.78740160,0.00000000
7.51083069,0.39370080,0.00000000
7.51123869,0.39370080,-0.07874016
7.51164669,0.39370080,0.00000000
7.51205469,0.39370080,0.00000000
7.51246269,0.78740160,0.00000000
7.51287069,0.00000000,0.00000000
7.51327869,0.39370080,0.00000000
7.51368669,0.00000000,0.00000000
7.51409469,0.39370080,0.00000000
7.51450269,0.39370080,0.00000000
7.51491069,0.39370080,0.00000000
7.51531869,0.00000000,0.00000000
7.51572669,0.78740160,-0.07874016
7.51613469,0.39370080,0.00000000
7.51654269,0.39370080,0.00000000
7.51695069,0.39370080,0.00000000
7.51735869,0.39370080,0.00000000
7.51776669,0.39370080,0.00000000
7.51817469,0.78740160,-0.07874016
7.51858269,0.39370080,0.00000000
7.51899069,0.39370080,0.00000000
7.51939869,0.00000000,0.00000000
7.51980669,0.39370080,0.00000000
7.52021469,0.39370080,0.00000000
7.52062269,0.39370080,-0.07874016
7.52103069,0.39370080,0.00000000
7.52143869,0.39370080,-0.07874016
7.52184669,0.39370080,0.00000000
7.52225469,0.78740160,0.00000000
7.52266269,0.78740160,0.00000000
7.52307069,0.39370080,0.00000000
7.52347869,0.78740160,0.00000000
7.52388669,0.39370080,-0.07874016
7.52429469,0.39370080,-0.07874016
7.52470269,0.78740160,0.00000000
7.52511069,0.78740160,0.00000000
7.52551869,0.78740160,0.00000000
7.52592669,0.78740160,0.00000000
7.52633469,0.78740160,0.00000000
7.52674269,0.78740160,0.00000000
7.52715069,0.39370080,0.00000000
7.52755869,0.78740160,0.00000000
7.52796669,0.39370080,-0.07874016
7.52837469,0.39370080,0.00000000
7.52878269,0.78740160,-0.07874016
7.52919069,0.39370080,0.00000000
7.52959869,0.39370080,0.00000000
7.53000669,0.78740160,0.00000000
7.53041469,0.39370080,0.00000000
7.53082269,0.39370080,0.00000000
7.53123069,0.78740160,0.00000000
7.53163869,0.39370080,0.00000000
7.53204669,0.39370080,-0.07874016
7.53245469,0.78740160,0.00000000
7.53286269,0.78740160,0.00000000
7.53327069,0.39370080,0.00000000
7.53367869,0.39370080,-0.07874016
7.53408669,0.39370080,0.00000000
7.53449469,0.78740160,0.00000000
7.53490269,0.39370080,0.00000000
7.53531069,0.39370080,0.00000000
7.53571869,0.39370080,0.00000000
7.53612669,0.78740160,0.00000000
7.53653469,0.39370080,0.00000000
7.53694269,0.39370080,-0.07874016
7.53735069,0.39370080,0.00000000
7.53775869,0.39370080,0.00000000
7.53816669,0.39370080,0.00000000
7.53857469,0.39370080,0.00000000
7.53898269,0.39370080,-0.07874016
7.53939069,0.78740160,-0.07874016
7.53979869,0.39370080,-0.07874016
7.54020669,0.39370080,-0.07874016
7.54061469,0.39370080,-0.07874016
7.54102269,0.39370080,-0.07874016
7.54143069,0.39370080,0.00000000
7.54183869,0.39370080,0.00000000
7.54224669,0.39370080,0.00000000
7.54265469,0.78740160,0.00000000
7.54306269,0.39370080,0.00000000
7.54347069,0.39370080,-0.07874016
7.54387869,0.00000000,-0.07874016
7.54428669,0.39370080,0.00000000
7.54469469,0.39370080,-0.07874016
7.54510269,0.39370080,0.00000000
7.54551069,0.39370080,0.00000000
7.54591869,0.39370080,0.00000000
7.54632669,0.39370080,0.00000000
7.54673469,0.78740160,0.00000000
7.54714269,0.39370080,0.00000000
7.54755069,0.39370080,0.00000000
7.54795869,0.39370080,0.00000000
7.54836669,0.78740160,0.00000000
7.54877469,0.39370080,0.00000000
7.54918269,0.39370080,0.00000000
7.54959069,0.39370080,0.00000000
7.54999869,0.39370080,-0.07874016
7.55040669,0.39370080,-0.07874016
7.55081469,0.78740160,0.00000000
7.55122269,0.78740160,0.00000000
7.55163069,0.78740160,0.00000000
7.55203869,0.39370080,0.00000000
7.55244669,0.78740160,-0.07874016
7.55285469,0.39370080,0.00000000
7.55326269,0.39370080,0.00000000
7.55367069,0.78740160,0.00000000
7.55407869,0.78740160,-0.07874016
7.55448669,0.78740160,-0.07874016
7.55489469,0.78740160,-0.07874016
7.55530269,0.39370080,0.00000000
7.55571069,0.78740160,-0.07874016
7.55611869,0.39370080,0.00000000
7.55652669,0.78740160,-0.07874016
7.55693469,0.78740160,0.00000000
7.55734269,0.39370080,0.00000000
7.55775069,0.39370080,0.00000000
7.55815869,0.78740160,0.00000000
7.55856669,0.39370080,0.00000000
7.55897469,0.78740160,-0.07874016
7.55938269,0.78740160,0.00000000
7.55979069,0.78740160,0.00000000
7.56019869,0.78740160,0.00000000
7.56060669,0.39370080,-0.07874016
7.56101469,0.78740160,0.00000000
7.56142269,0.78740160,0.00000000
7.56183069,0.78740160,0.00000000
7.56223869,0.78740160,0.00000000
7.56264669,0.39370080,0.00000000
7.56305469,0.78740160,-0.07874016
7.56346269,0.39370080,0.00000000
7.56387069,0.78740160,0.00000000
7.56427869,0.39370080,0.00000000
7.56468669,0.00000000,0.00000000
7.56509469,0.39370080,0.00000000
7.56550269,0.39370080,0.00000000
7.56591069,0.39370080,0.00000000
7.56631869,0.39370080,0.00000000
7.56672669,0.39370080,0.00000000
7.56713469,0.39370080,0.00000000
7.56754269,0.39370080,0.00000000
7.56795069,0.39370080,0.00000000
7.56835869,0.00000000,0.00000000
7.56876669,0.39370080,0.00000000
7.56917469,0.39370080,-0.07874016
7.56958269,0.39370080,0.00000000
7.56999069,0.78740160,0.00000000
7.57039869,0.78740160,0.00000000
7.57080669,0.39370080,0.00000000
7.57121469,0.39370080,0.00000000
7.57162269,0.39370080,0.00000000
7.57203069,0.78740160,0.00000000
7.57243869,0.78740160,0.00000000
7.57284669,0.78740160,0.00000000
7.57325469,0.39370080,0.00000000
7.57366269,0.39370080,-0.07874016
7.57407069,0.39370080,0.00000000
7.57447869,0.39370080,-0.07874016
7.57488669,0.39370080,0.00000000
7.57529469,0.78740160,0.00000000
7.57570269,0.39370080,0.00000000
7.57611069,0.39370080,0.00000000
7.57651869,0.78740160,0.00000000
7.57692669,0.39370080,0.00000000
7.57733469,0.39370080,0.00000000
7.57774269,0.78740160,0.00000000
7.57815069,0.39370080,0.00000000
7.57855869,0.78740160,0.00000000
7.57896669,0.39370080,0.00000000
7.57937469,0.78740160,0.00000000
7.57978269,1.18110200,0.00000000
7.58019069,0.39370080,-0.07874016
7.58059869,0.39370080,0.00000000
7.58100669,0.78740160,0.00000000
7.58141469,0.39370080,0.00000000
7.58182269,0.39370080,0.00000000
7.58223069,0.39370080,-0.07874016
7.58263869,0.39370080,0.00000000
7.58304669,0.39370080,0.00000000
7.58345469,0.78740160,0.00000000
7.58386269,0.39370080,0.00000000
7.58427069,0.39370080,0.00000000
7.58467869,0.39370080,0.00000000
7.58508669,0.39370080,-0.07874016
7.58549469,0.39370080,0.00000000
7.58590269,0.78740160,0.00000000
7.58631069,0.39370080,0.00000000
7.58671869,0.78740160,0.00000000
7.58712669,0.39370080,0.00000000
7.58753469,0.78740160,-0.07874016
7.58794269,0.39370080,-0.07874016
7.58835069,0.39370080,0.00000000
7.58875869,0.39370080,0.00000000
7.58916669,0.78740160,0.00000000
7.58957469,0.78740160,0.00000000
7.58998269,0.39370080,-0.07874016
7.59039069,0.78740160,0.00000000
7.59079869,0.39370080,0.00000000
7.59120669,0.39370080,0.00000000
7.59161469,0.39370080,0.00000000
7.59202269,0.78740160,-0.07874016
7.59243069,0.39370080,0.00000000
7.59283869,0.78740160,0.00000000
7.59324669,0.39370080,0.00000000
7.59365469,0.39370080,-0.07874016
7.59406269,0.78740160,0.00000000
7.59447069,0.39370080,0.00000000
7.59487869,0.39370080,-0.07874016
7.59528669,0.39370080,0.00000000
7.59569469,0.78740160,0.00000000
7.59610269,0.39370080,0.00000000
7.59651069,0.39370080,0.00000000
7.59691869,0.39370080,0.00000000
7.59732669,0.39370080,-0.07874016
7.59773469,0.39370080,0.00000000
7.59814269,0.78740160,0.00000000
7.59855069,0.39370080,0.00000000
7.59895869,0.78740160,-0.07874016
7.59936669,0.39370080,0.00000000
7.59977469,0.78740160,0.00000000
7.60018269,0.39370080,0.00000000
7.60059069,0.39370080,-0.07874016
7.60099869,0.78740160,0.00000000
7.60140669,0.39370080,0.00000000
7.60181469,0.78740160,0.00000000
7.60222269,0.39370080,0.00000000
7.60263069,0.39370080,0.00000000
7.60303869,0.39370080,0.00000000
7.60344669,0.39370080,0.00000000
7.60385469,0.39370080,-0.07874016
7.60426269,0.39370080,0.00000000
7.60467069,0.00000000,-0.07874016
7.60507869,0.78740160,0.00000000
7.60548669,0.78740160,-0.07874016
7.60589469,0.39370080,-0.07874016
7.60630269,0.39370080,0.00000000
7.60671069,0.39370080,0.00000000
7.60711869,0.78740160,0.00000000
7.60752669,0.78740160,0.00000000
7.60793469,0.39370080,0.00000000
7.60834269,0.39370080,0.00000000
7.60875069,0.78740160,0.00000000
7.60915869,0.78740160,0.00000000
7.60956669,0.39370080,0.00000000
7.60997469,0.39370080,0.00000000
7.61038269,0.39370080,0.00000000
7.61079069,0.39370080,0.00000000
7.61119869,0.39370080,-0.07874016
7.61160669,0.39370080,0.00000000
7.61201469,0.78740160,0.00000000
7.61242269,0.39370080,0.00000000
7.61283069,0.78740160,0.00000000
7.61323869,0.39370080,0.00000000
7.61364669,0.39370080,-0.07874016
7.61405469,0.39370080,0.00000000
7.61446269,0.39370080,-0.07874016
7.61487069,0.78740160,0.00000000
7.61527869,0.39370080,0.00000000
7.61568669,0.39370080,0.00000000
7.61609469,0.78740160,0.00000000
7.61650269,0.78740160,0.00000000
7.61691069,0.39370080,0.00000000
7.61731869,0.00000000,0.00000000
7.61772669,0.39370080,0.00000000
7.61813469,0.39370080,0.00000000
7.61854269,0.39370080,0.00000000
7.61895069,0.39370080,0.00000000
7.61935869,0.78740160,0.00000000
7.61976669,0.39370080,0.00000000
7.62017469,0.39370080,-0.07874016
7.62058269,0.78740160,-0.07874016
7.62099069,0.39370080,-0.07874016
7.62139869,0.00000000,0.00000000
7.62180669,0.39370080,-0.07874016
7.62221469,0.39370080,0.00000000
7.62262269,0.78740160,-0.07874016
7.62303069,0.78740160,-0.07874016
7.62343869,0.39370080,0.00000000
7.62384669,0.78740160,-0.07874016
7.62425469,0.39370080,0.00000000
7.62466269,0.00000000,0.00000000
7.62507069,0.39370080,0.00000000
7.62547869,0.39370080,0.00000000
7.62588669,0.39370080,0.00000000
7.62629469,0.39370080,-0.07874016
7.62670269,0.39370080,-0.07874016
7.62711069,0.78740160,0.00000000
7.62751869,0.78740160,-0.07874016
7.62792669,0.39370080,0.00000000
7.62833469,0.39370080,0.00000000
7.62874269,0.39370080,0.00000000
7.62915069,0.39370080,-0.07874016
7.62955869,0.39370080,0.00000000
7.62996669,0.39370080,0.00000000
7.63037469,0.39370080,0.00000000
7.63078269,0.78740160,-0.07874016
7.63119069,0.39370080,0.00000000
7.63159869,0.39370080,0.00000000
7.63200669,0.39370080,0.00000000
7.63241469,0.39370080,-0.07874016
7.63282269,0.39370080,0.00000000
7.63323069,0.78740160,0.00000000
7.63363869,0.39370080,0.00000000
7.63404669,0.39370080,0.00000000
7.63445469,0.78740160,-0.07874016
7.63486269,0.78740160,-0.07874016
7.63527069,0.39370080,0.00000000
7.63567869,0.78740160,-0.07874016
7.63608669,0.39370080,0.00000000
7.63649469,0.78740160,0.00000000
7.63690269,0.39370080,0.00000000
